#Input-file high resolution
#height   th     qt      u      v   tke
   10.00   300.0000    0.00600     0.0000     0.0000     0.0000
   30.00   300.0000    0.00600     0.0000     0.0000     0.0000
   50.00   300.0000    0.00600     0.0000     0.0000     0.0000
   70.00   300.0000    0.00600     0.0000     0.0000     0.0000
   90.00   300.0000    0.00600     0.0000     0.0000     0.0000
  110.00   300.0000    0.00600     0.0000     0.0000     0.0000
  130.00   300.0000    0.00600     0.0000     0.0000     0.0000
  150.00   300.0000    0.00600     0.0000     0.0000     0.0000
  170.00   300.0000    0.00600     0.0000     0.0000     0.0000
  190.00   300.0000    0.00600     0.0000     0.0000     0.0000
  210.00   300.0000    0.00600     0.0000     0.0000     0.0000
  230.00   300.0000    0.00600     0.0000     0.0000     0.0000
  250.00   300.0000    0.00600     0.0000     0.0000     0.0000
  270.00   300.0000    0.00600     0.0000     0.0000     0.0000
  290.00   300.0000    0.00600     0.0000     0.0000     0.0000
  310.00   300.0000    0.00600     0.0000     0.0000     0.0000
  330.00   300.0000    0.00600     0.0000     0.0000     0.0000
  350.00   300.0000    0.00600     0.0000     0.0000     0.0000
  370.00   300.0000    0.00600     0.0000     0.0000     0.0000
  390.00   300.0000    0.00600     0.0000     0.0000     0.0000
  410.00   300.0000    0.00600     0.0000     0.0000     0.0000
  430.00   300.0000    0.00600     0.0000     0.0000     0.0000
  450.00   300.0000    0.00600     0.0000     0.0000     0.0000
  470.00   300.0000    0.00600     0.0000     0.0000     0.0000
  490.00   300.0000    0.00600     0.0000     0.0000     0.0000
  510.00   300.0000    0.00600     0.0000     0.0000     0.0000
  530.00   300.0000    0.00600     0.0000     0.0000     0.0000
  550.00   300.0000    0.00600     0.0000     0.0000     0.0000
  570.00   300.0000    0.00600     0.0000     0.0000     0.0000
  590.00   300.0000    0.00600     0.0000     0.0000     0.0000
  610.00   300.0000    0.00600     0.0000     0.0000     0.0000
  630.00   300.0000    0.00600     0.0000     0.0000     0.0000
  650.00   300.0000    0.00600     0.0000     0.0000     0.0000
  670.00   300.0000    0.00600     0.0000     0.0000     0.0000
  690.00   300.0000    0.00600     0.0000     0.0000     0.0000
  710.00   300.0000    0.00600     0.0000     0.0000     0.0000
  730.00   300.0000    0.00600     0.0000     0.0000     0.0000
  750.00   300.0000    0.00600     0.0000     0.0000     0.0000
  770.00   300.0000    0.00600     0.0000     0.0000     0.0000
  790.00   300.0000    0.00600     0.0000     0.0000     0.0000
  810.00   300.0000    0.00600     0.0000     0.0000     0.0000
  830.00   300.0000    0.00600     0.0000     0.0000     0.0000
  850.00   300.0000    0.00600     0.0000     0.0000     0.0000
  870.00   300.0000    0.00600     0.0000     0.0000     0.0000
  890.00   300.0000    0.00600     0.0000     0.0000     0.0000
  910.00   300.0000    0.00600     0.0000     0.0000     0.0000
  930.00   300.0000    0.00600     0.0000     0.0000     0.0000
  950.00   300.0000    0.00600     0.0000     0.0000     0.0000
  970.00   300.0000    0.00600     0.0000     0.0000     0.0000
  990.00   300.0000    0.00600     0.0000     0.0000     0.0000
 1010.00   300.8600    0.00300     0.0000     0.0000     0.0000
 1030.00   300.9800    0.00300     0.0000     0.0000     0.0000
 1050.00   301.1000    0.00300     0.0000     0.0000     0.0000
 1070.00   301.2200    0.00300     0.0000     0.0000     0.0000
 1090.00   301.3400    0.00300     0.0000     0.0000     0.0000
 1110.00   301.4600    0.00300     0.0000     0.0000     0.0000
 1130.00   301.5800    0.00300     0.0000     0.0000     0.0000
 1150.00   301.7000    0.00300     0.0000     0.0000     0.0000
 1170.00   301.8200    0.00300     0.0000     0.0000     0.0000
 1190.00   301.9400    0.00300     0.0000     0.0000     0.0000
 1210.00   302.0600    0.00300     0.0000     0.0000     0.0000
 1230.00   302.1800    0.00300     0.0000     0.0000     0.0000
 1250.00   302.3000    0.00300     0.0000     0.0000     0.0000
 1270.00   302.4200    0.00300     0.0000     0.0000     0.0000
 1290.00   302.5400    0.00300     0.0000     0.0000     0.0000
 1310.00   302.6600    0.00300     0.0000     0.0000     0.0000
 1330.00   302.7800    0.00300     0.0000     0.0000     0.0000
 1350.00   302.9000    0.00300     0.0000     0.0000     0.0000
 1370.00   303.0200    0.00300     0.0000     0.0000     0.0000
 1390.00   303.1400    0.00300     0.0000     0.0000     0.0000
 1410.00   303.2600    0.00300     0.0000     0.0000     0.0000
 1430.00   303.3800    0.00300     0.0000     0.0000     0.0000
 1450.00   303.5000    0.00300     0.0000     0.0000     0.0000
 1470.00   303.6200    0.00300     0.0000     0.0000     0.0000
 1490.00   303.7400    0.00300     0.0000     0.0000     0.0000
 1510.00   303.8600    0.00300     0.0000     0.0000     0.0000
 1530.00   303.9800    0.00300     0.0000     0.0000     0.0000
 1550.00   304.1000    0.00300     0.0000     0.0000     0.0000
 1570.00   304.2200    0.00300     0.0000     0.0000     0.0000
 1590.00   304.3400    0.00300     0.0000     0.0000     0.0000
 1610.00   304.4600    0.00300     0.0000     0.0000     0.0000
 1630.00   304.5800    0.00300     0.0000     0.0000     0.0000
 1650.00   304.7000    0.00300     0.0000     0.0000     0.0000
 1670.00   304.8200    0.00300     0.0000     0.0000     0.0000
 1690.00   304.9400    0.00300     0.0000     0.0000     0.0000
 1710.00   305.0600    0.00300     0.0000     0.0000     0.0000
 1730.00   305.1800    0.00300     0.0000     0.0000     0.0000
 1750.00   305.3000    0.00300     0.0000     0.0000     0.0000
 1770.00   305.4200    0.00300     0.0000     0.0000     0.0000
 1790.00   305.5400    0.00300     0.0000     0.0000     0.0000
 1810.00   305.6600    0.00300     0.0000     0.0000     0.0000
 1830.00   305.7800    0.00300     0.0000     0.0000     0.0000
 1850.00   305.9000    0.00300     0.0000     0.0000     0.0000
 1870.00   306.0200    0.00300     0.0000     0.0000     0.0000
 1890.00   306.1400    0.00300     0.0000     0.0000     0.0000
 1910.00   306.2600    0.00300     0.0000     0.0000     0.0000
 1930.00   306.3800    0.00300     0.0000     0.0000     0.0000
 1950.00   306.5000    0.00300     0.0000     0.0000     0.0000
 1970.00   306.6200    0.00300     0.0000     0.0000     0.0000
 1990.00   306.7400    0.00300     0.0000     0.0000     0.0000
 2010.00   306.8600    0.00300     0.0000     0.0000     0.0000
 2030.00   306.9800    0.00300     0.0000     0.0000     0.0000
 2050.00   307.1000    0.00300     0.0000     0.0000     0.0000
 2070.00   307.2200    0.00300     0.0000     0.0000     0.0000
 2090.00   307.3400    0.00300     0.0000     0.0000     0.0000
 2110.00   307.4600    0.00300     0.0000     0.0000     0.0000
 2130.00   307.5800    0.00300     0.0000     0.0000     0.0000
 2150.00   307.7000    0.00300     0.0000     0.0000     0.0000
 2170.00   307.8200    0.00300     0.0000     0.0000     0.0000
 2190.00   307.9400    0.00300     0.0000     0.0000     0.0000
 2210.00   308.0600    0.00300     0.0000     0.0000     0.0000
 2230.00   308.1800    0.00300     0.0000     0.0000     0.0000
 2250.00   308.3000    0.00300     0.0000     0.0000     0.0000
 2270.00   308.4200    0.00300     0.0000     0.0000     0.0000
 2290.00   308.5400    0.00300     0.0000     0.0000     0.0000
 2310.00   308.6600    0.00300     0.0000     0.0000     0.0000
 2330.00   308.7800    0.00300     0.0000     0.0000     0.0000
 2350.00   308.9000    0.00300     0.0000     0.0000     0.0000
 2370.00   309.0200    0.00300     0.0000     0.0000     0.0000
 2390.00   309.1400    0.00300     0.0000     0.0000     0.0000
 2410.00   309.2600    0.00300     0.0000     0.0000     0.0000
 2430.00   309.3800    0.00300     0.0000     0.0000     0.0000
 2450.00   309.5000    0.00300     0.0000     0.0000     0.0000
 2470.00   309.6200    0.00300     0.0000     0.0000     0.0000
 2490.00   309.7400    0.00300     0.0000     0.0000     0.0000
 2510.00   309.8600    0.00300     0.0000     0.0000     0.0000
 2530.00   309.9800    0.00300     0.0000     0.0000     0.0000
 2550.00   310.1000    0.00300     0.0000     0.0000     0.0000
