#Situation for the Amazonian region
#z            INERT          O3            O1D           NO            NO2           CH4          CH2O          CH3O2          MVK           ISO           RO2           OH            HO2           CO            H2O         PRODUC          O2            N2           HNO3          H2O2    
   10.00   0.00000E+00   0.10000E+02   0.00000E+00   0.00000E+00   0.10000E+01   0.17240E+04   0.00000E+00   0.00000E+00   0.13000E+01   0.20000E+01   0.00000E+00   0.00000E+00   0.00000E+00   0.12400E+03   0.00000E+00   0.00000E+00   0.20000E+09   0.80000E+09   0.00000E+00   0.00000E+00
   30.00   0.00000E+00   0.10000E+02   0.00000E+00   0.00000E+00   0.10000E+01   0.17240E+04   0.00000E+00   0.00000E+00   0.13000E+01   0.20000E+01   0.00000E+00   0.00000E+00   0.00000E+00   0.12400E+03   0.00000E+00   0.00000E+00   0.20000E+09   0.80000E+09   0.00000E+00   0.00000E+00
   50.00   0.00000E+00   0.10000E+02   0.00000E+00   0.00000E+00   0.10000E+01   0.17240E+04   0.00000E+00   0.00000E+00   0.13000E+01   0.20000E+01   0.00000E+00   0.00000E+00   0.00000E+00   0.12400E+03   0.00000E+00   0.00000E+00   0.20000E+09   0.80000E+09   0.00000E+00   0.00000E+00
   70.00   0.00000E+00   0.10000E+02   0.00000E+00   0.00000E+00   0.10000E+01   0.17240E+04   0.00000E+00   0.00000E+00   0.13000E+01   0.20000E+01   0.00000E+00   0.00000E+00   0.00000E+00   0.12400E+03   0.00000E+00   0.00000E+00   0.20000E+09   0.80000E+09   0.00000E+00   0.00000E+00
   90.00   0.00000E+00   0.10000E+02   0.00000E+00   0.00000E+00   0.10000E+01   0.17240E+04   0.00000E+00   0.00000E+00   0.13000E+01   0.20000E+01   0.00000E+00   0.00000E+00   0.00000E+00   0.12400E+03   0.00000E+00   0.00000E+00   0.20000E+09   0.80000E+09   0.00000E+00   0.00000E+00
  110.00   0.00000E+00   0.10000E+02   0.00000E+00   0.00000E+00   0.10000E+01   0.17240E+04   0.00000E+00   0.00000E+00   0.13000E+01   0.20000E+01   0.00000E+00   0.00000E+00   0.00000E+00   0.12400E+03   0.00000E+00   0.00000E+00   0.20000E+09   0.80000E+09   0.00000E+00   0.00000E+00
  130.00   0.00000E+00   0.10000E+02   0.00000E+00   0.00000E+00   0.10000E+01   0.17240E+04   0.00000E+00   0.00000E+00   0.13000E+01   0.20000E+01   0.00000E+00   0.00000E+00   0.00000E+00   0.12400E+03   0.00000E+00   0.00000E+00   0.20000E+09   0.80000E+09   0.00000E+00   0.00000E+00
  150.00   0.00000E+00   0.10000E+02   0.00000E+00   0.00000E+00   0.10000E+01   0.17240E+04   0.00000E+00   0.00000E+00   0.13000E+01   0.20000E+01   0.00000E+00   0.00000E+00   0.00000E+00   0.12400E+03   0.00000E+00   0.00000E+00   0.20000E+09   0.80000E+09   0.00000E+00   0.00000E+00
  170.00   0.00000E+00   0.10000E+02   0.00000E+00   0.00000E+00   0.10000E+01   0.17240E+04   0.00000E+00   0.00000E+00   0.13000E+01   0.20000E+01   0.00000E+00   0.00000E+00   0.00000E+00   0.12400E+03   0.00000E+00   0.00000E+00   0.20000E+09   0.80000E+09   0.00000E+00   0.00000E+00
  190.00   0.00000E+00   0.10000E+02   0.00000E+00   0.00000E+00   0.10000E+01   0.17240E+04   0.00000E+00   0.00000E+00   0.13000E+01   0.20000E+01   0.00000E+00   0.00000E+00   0.00000E+00   0.12400E+03   0.00000E+00   0.00000E+00   0.20000E+09   0.80000E+09   0.00000E+00   0.00000E+00
  210.00   0.00000E+00   0.10000E+02   0.00000E+00   0.00000E+00   0.10000E+01   0.17240E+04   0.00000E+00   0.00000E+00   0.13000E+01   0.20000E+01   0.00000E+00   0.00000E+00   0.00000E+00   0.12400E+03   0.00000E+00   0.00000E+00   0.20000E+09   0.80000E+09   0.00000E+00   0.00000E+00
  230.00   0.00000E+00   0.10000E+02   0.00000E+00   0.00000E+00   0.10000E+01   0.17240E+04   0.00000E+00   0.00000E+00   0.13000E+01   0.20000E+01   0.00000E+00   0.00000E+00   0.00000E+00   0.12400E+03   0.00000E+00   0.00000E+00   0.20000E+09   0.80000E+09   0.00000E+00   0.00000E+00
  250.00   0.00000E+00   0.10000E+02   0.00000E+00   0.00000E+00   0.10000E+01   0.17240E+04   0.00000E+00   0.00000E+00   0.13000E+01   0.20000E+01   0.00000E+00   0.00000E+00   0.00000E+00   0.12400E+03   0.00000E+00   0.00000E+00   0.20000E+09   0.80000E+09   0.00000E+00   0.00000E+00
  270.00   0.00000E+00   0.10000E+02   0.00000E+00   0.00000E+00   0.10000E+01   0.17240E+04   0.00000E+00   0.00000E+00   0.13000E+01   0.20000E+01   0.00000E+00   0.00000E+00   0.00000E+00   0.12400E+03   0.00000E+00   0.00000E+00   0.20000E+09   0.80000E+09   0.00000E+00   0.00000E+00
  290.00   0.00000E+00   0.10000E+02   0.00000E+00   0.00000E+00   0.10000E+01   0.17240E+04   0.00000E+00   0.00000E+00   0.13000E+01   0.20000E+01   0.00000E+00   0.00000E+00   0.00000E+00   0.12400E+03   0.00000E+00   0.00000E+00   0.20000E+09   0.80000E+09   0.00000E+00   0.00000E+00
  310.00   0.00000E+00   0.10000E+02   0.00000E+00   0.00000E+00   0.10000E+01   0.17240E+04   0.00000E+00   0.00000E+00   0.13000E+01   0.20000E+01   0.00000E+00   0.00000E+00   0.00000E+00   0.12400E+03   0.00000E+00   0.00000E+00   0.20000E+09   0.80000E+09   0.00000E+00   0.00000E+00
  330.00   0.00000E+00   0.10000E+02   0.00000E+00   0.00000E+00   0.10000E+01   0.17240E+04   0.00000E+00   0.00000E+00   0.13000E+01   0.20000E+01   0.00000E+00   0.00000E+00   0.00000E+00   0.12400E+03   0.00000E+00   0.00000E+00   0.20000E+09   0.80000E+09   0.00000E+00   0.00000E+00
  350.00   0.00000E+00   0.10000E+02   0.00000E+00   0.00000E+00   0.10000E+01   0.17240E+04   0.00000E+00   0.00000E+00   0.13000E+01   0.20000E+01   0.00000E+00   0.00000E+00   0.00000E+00   0.12400E+03   0.00000E+00   0.00000E+00   0.20000E+09   0.80000E+09   0.00000E+00   0.00000E+00
  370.00   0.00000E+00   0.10000E+02   0.00000E+00   0.00000E+00   0.10000E+01   0.17240E+04   0.00000E+00   0.00000E+00   0.13000E+01   0.20000E+01   0.00000E+00   0.00000E+00   0.00000E+00   0.12400E+03   0.00000E+00   0.00000E+00   0.20000E+09   0.80000E+09   0.00000E+00   0.00000E+00
  390.00   0.00000E+00   0.10000E+02   0.00000E+00   0.00000E+00   0.10000E+01   0.17240E+04   0.00000E+00   0.00000E+00   0.13000E+01   0.20000E+01   0.00000E+00   0.00000E+00   0.00000E+00   0.12400E+03   0.00000E+00   0.00000E+00   0.20000E+09   0.80000E+09   0.00000E+00   0.00000E+00
  410.00   0.00000E+00   0.10000E+02   0.00000E+00   0.00000E+00   0.10000E+01   0.17240E+04   0.00000E+00   0.00000E+00   0.13000E+01   0.20000E+01   0.00000E+00   0.00000E+00   0.00000E+00   0.12400E+03   0.00000E+00   0.00000E+00   0.20000E+09   0.80000E+09   0.00000E+00   0.00000E+00
  430.00   0.00000E+00   0.10000E+02   0.00000E+00   0.00000E+00   0.10000E+01   0.17240E+04   0.00000E+00   0.00000E+00   0.13000E+01   0.20000E+01   0.00000E+00   0.00000E+00   0.00000E+00   0.12400E+03   0.00000E+00   0.00000E+00   0.20000E+09   0.80000E+09   0.00000E+00   0.00000E+00
  450.00   0.00000E+00   0.10000E+02   0.00000E+00   0.00000E+00   0.10000E+01   0.17240E+04   0.00000E+00   0.00000E+00   0.13000E+01   0.20000E+01   0.00000E+00   0.00000E+00   0.00000E+00   0.12400E+03   0.00000E+00   0.00000E+00   0.20000E+09   0.80000E+09   0.00000E+00   0.00000E+00
  470.00   0.00000E+00   0.10000E+02   0.00000E+00   0.00000E+00   0.10000E+01   0.17240E+04   0.00000E+00   0.00000E+00   0.13000E+01   0.20000E+01   0.00000E+00   0.00000E+00   0.00000E+00   0.12400E+03   0.00000E+00   0.00000E+00   0.20000E+09   0.80000E+09   0.00000E+00   0.00000E+00
  490.00   0.00000E+00   0.10000E+02   0.00000E+00   0.00000E+00   0.10000E+01   0.17240E+04   0.00000E+00   0.00000E+00   0.13000E+01   0.20000E+01   0.00000E+00   0.00000E+00   0.00000E+00   0.12400E+03   0.00000E+00   0.00000E+00   0.20000E+09   0.80000E+09   0.00000E+00   0.00000E+00
  510.00   0.00000E+00   0.10000E+02   0.00000E+00   0.00000E+00   0.10000E+01   0.17240E+04   0.00000E+00   0.00000E+00   0.13000E+01   0.20000E+01   0.00000E+00   0.00000E+00   0.00000E+00   0.12400E+03   0.00000E+00   0.00000E+00   0.20000E+09   0.80000E+09   0.00000E+00   0.00000E+00
  530.00   0.00000E+00   0.10000E+02   0.00000E+00   0.00000E+00   0.10000E+01   0.17240E+04   0.00000E+00   0.00000E+00   0.13000E+01   0.20000E+01   0.00000E+00   0.00000E+00   0.00000E+00   0.12400E+03   0.00000E+00   0.00000E+00   0.20000E+09   0.80000E+09   0.00000E+00   0.00000E+00
  550.00   0.00000E+00   0.10000E+02   0.00000E+00   0.00000E+00   0.10000E+01   0.17240E+04   0.00000E+00   0.00000E+00   0.13000E+01   0.20000E+01   0.00000E+00   0.00000E+00   0.00000E+00   0.12400E+03   0.00000E+00   0.00000E+00   0.20000E+09   0.80000E+09   0.00000E+00   0.00000E+00
  570.00   0.00000E+00   0.10000E+02   0.00000E+00   0.00000E+00   0.10000E+01   0.17240E+04   0.00000E+00   0.00000E+00   0.13000E+01   0.20000E+01   0.00000E+00   0.00000E+00   0.00000E+00   0.12400E+03   0.00000E+00   0.00000E+00   0.20000E+09   0.80000E+09   0.00000E+00   0.00000E+00
  590.00   0.00000E+00   0.10000E+02   0.00000E+00   0.00000E+00   0.10000E+01   0.17240E+04   0.00000E+00   0.00000E+00   0.13000E+01   0.20000E+01   0.00000E+00   0.00000E+00   0.00000E+00   0.12400E+03   0.00000E+00   0.00000E+00   0.20000E+09   0.80000E+09   0.00000E+00   0.00000E+00
  610.00   0.00000E+00   0.10000E+02   0.00000E+00   0.00000E+00   0.10000E+01   0.17240E+04   0.00000E+00   0.00000E+00   0.13000E+01   0.20000E+01   0.00000E+00   0.00000E+00   0.00000E+00   0.12400E+03   0.00000E+00   0.00000E+00   0.20000E+09   0.80000E+09   0.00000E+00   0.00000E+00
  630.00   0.00000E+00   0.10000E+02   0.00000E+00   0.00000E+00   0.10000E+01   0.17240E+04   0.00000E+00   0.00000E+00   0.13000E+01   0.20000E+01   0.00000E+00   0.00000E+00   0.00000E+00   0.12400E+03   0.00000E+00   0.00000E+00   0.20000E+09   0.80000E+09   0.00000E+00   0.00000E+00
  650.00   0.00000E+00   0.10000E+02   0.00000E+00   0.00000E+00   0.10000E+01   0.17240E+04   0.00000E+00   0.00000E+00   0.13000E+01   0.20000E+01   0.00000E+00   0.00000E+00   0.00000E+00   0.12400E+03   0.00000E+00   0.00000E+00   0.20000E+09   0.80000E+09   0.00000E+00   0.00000E+00
  670.00   0.00000E+00   0.10000E+02   0.00000E+00   0.00000E+00   0.10000E+01   0.17240E+04   0.00000E+00   0.00000E+00   0.13000E+01   0.20000E+01   0.00000E+00   0.00000E+00   0.00000E+00   0.12400E+03   0.00000E+00   0.00000E+00   0.20000E+09   0.80000E+09   0.00000E+00   0.00000E+00
  690.00   0.00000E+00   0.10000E+02   0.00000E+00   0.00000E+00   0.10000E+01   0.17240E+04   0.00000E+00   0.00000E+00   0.13000E+01   0.20000E+01   0.00000E+00   0.00000E+00   0.00000E+00   0.12400E+03   0.00000E+00   0.00000E+00   0.20000E+09   0.80000E+09   0.00000E+00   0.00000E+00
  710.00   0.00000E+00   0.10000E+02   0.00000E+00   0.00000E+00   0.10000E+01   0.17240E+04   0.00000E+00   0.00000E+00   0.13000E+01   0.20000E+01   0.00000E+00   0.00000E+00   0.00000E+00   0.12400E+03   0.00000E+00   0.00000E+00   0.20000E+09   0.80000E+09   0.00000E+00   0.00000E+00
  730.00   0.00000E+00   0.10000E+02   0.00000E+00   0.00000E+00   0.10000E+01   0.17240E+04   0.00000E+00   0.00000E+00   0.13000E+01   0.20000E+01   0.00000E+00   0.00000E+00   0.00000E+00   0.12400E+03   0.00000E+00   0.00000E+00   0.20000E+09   0.80000E+09   0.00000E+00   0.00000E+00
  750.00   0.00000E+00   0.10000E+02   0.00000E+00   0.00000E+00   0.10000E+01   0.17240E+04   0.00000E+00   0.00000E+00   0.13000E+01   0.20000E+01   0.00000E+00   0.00000E+00   0.00000E+00   0.12400E+03   0.00000E+00   0.00000E+00   0.20000E+09   0.80000E+09   0.00000E+00   0.00000E+00
  770.00   0.00000E+00   0.10000E+02   0.00000E+00   0.00000E+00   0.10000E+01   0.17240E+04   0.00000E+00   0.00000E+00   0.13000E+01   0.20000E+01   0.00000E+00   0.00000E+00   0.00000E+00   0.12400E+03   0.00000E+00   0.00000E+00   0.20000E+09   0.80000E+09   0.00000E+00   0.00000E+00
  790.00   0.00000E+00   0.10000E+02   0.00000E+00   0.00000E+00   0.10000E+01   0.17240E+04   0.00000E+00   0.00000E+00   0.13000E+01   0.20000E+01   0.00000E+00   0.00000E+00   0.00000E+00   0.12400E+03   0.00000E+00   0.00000E+00   0.20000E+09   0.80000E+09   0.00000E+00   0.00000E+00
  810.00   0.00000E+00   0.10000E+02   0.00000E+00   0.00000E+00   0.10000E+01   0.17240E+04   0.00000E+00   0.00000E+00   0.13000E+01   0.20000E+01   0.00000E+00   0.00000E+00   0.00000E+00   0.12400E+03   0.00000E+00   0.00000E+00   0.20000E+09   0.80000E+09   0.00000E+00   0.00000E+00
  830.00   0.00000E+00   0.10000E+02   0.00000E+00   0.00000E+00   0.10000E+01   0.17240E+04   0.00000E+00   0.00000E+00   0.13000E+01   0.20000E+01   0.00000E+00   0.00000E+00   0.00000E+00   0.12400E+03   0.00000E+00   0.00000E+00   0.20000E+09   0.80000E+09   0.00000E+00   0.00000E+00
  850.00   0.00000E+00   0.10000E+02   0.00000E+00   0.00000E+00   0.10000E+01   0.17240E+04   0.00000E+00   0.00000E+00   0.13000E+01   0.20000E+01   0.00000E+00   0.00000E+00   0.00000E+00   0.12400E+03   0.00000E+00   0.00000E+00   0.20000E+09   0.80000E+09   0.00000E+00   0.00000E+00
  870.00   0.00000E+00   0.10000E+02   0.00000E+00   0.00000E+00   0.10000E+01   0.17240E+04   0.00000E+00   0.00000E+00   0.13000E+01   0.20000E+01   0.00000E+00   0.00000E+00   0.00000E+00   0.12400E+03   0.00000E+00   0.00000E+00   0.20000E+09   0.80000E+09   0.00000E+00   0.00000E+00
  890.00   0.00000E+00   0.10000E+02   0.00000E+00   0.00000E+00   0.10000E+01   0.17240E+04   0.00000E+00   0.00000E+00   0.13000E+01   0.20000E+01   0.00000E+00   0.00000E+00   0.00000E+00   0.12400E+03   0.00000E+00   0.00000E+00   0.20000E+09   0.80000E+09   0.00000E+00   0.00000E+00
  910.00   0.00000E+00   0.10000E+02   0.00000E+00   0.00000E+00   0.10000E+01   0.17240E+04   0.00000E+00   0.00000E+00   0.13000E+01   0.20000E+01   0.00000E+00   0.00000E+00   0.00000E+00   0.12400E+03   0.00000E+00   0.00000E+00   0.20000E+09   0.80000E+09   0.00000E+00   0.00000E+00
  930.00   0.00000E+00   0.10000E+02   0.00000E+00   0.00000E+00   0.10000E+01   0.17240E+04   0.00000E+00   0.00000E+00   0.13000E+01   0.20000E+01   0.00000E+00   0.00000E+00   0.00000E+00   0.12400E+03   0.00000E+00   0.00000E+00   0.20000E+09   0.80000E+09   0.00000E+00   0.00000E+00
  950.00   0.00000E+00   0.10000E+02   0.00000E+00   0.00000E+00   0.10000E+01   0.17240E+04   0.00000E+00   0.00000E+00   0.13000E+01   0.20000E+01   0.00000E+00   0.00000E+00   0.00000E+00   0.12400E+03   0.00000E+00   0.00000E+00   0.20000E+09   0.80000E+09   0.00000E+00   0.00000E+00
  970.00   0.00000E+00   0.10000E+02   0.00000E+00   0.00000E+00   0.10000E+01   0.17240E+04   0.00000E+00   0.00000E+00   0.13000E+01   0.20000E+01   0.00000E+00   0.00000E+00   0.00000E+00   0.12400E+03   0.00000E+00   0.00000E+00   0.20000E+09   0.80000E+09   0.00000E+00   0.00000E+00
  990.00   0.00000E+00   0.10000E+02   0.00000E+00   0.00000E+00   0.10000E+01   0.17240E+04   0.00000E+00   0.00000E+00   0.13000E+01   0.20000E+01   0.00000E+00   0.00000E+00   0.00000E+00   0.12400E+03   0.00000E+00   0.00000E+00   0.20000E+09   0.80000E+09   0.00000E+00   0.00000E+00
 1010.00   0.00000E+00   0.10000E+02   0.00000E+00   0.00000E+00   0.00000E+00   0.17240E+04   0.00000E+00   0.00000E+00   0.00000E+00   0.00000E+00   0.00000E+00   0.00000E+00   0.00000E+00   0.12400E+03   0.00000E+00   0.00000E+00   0.20000E+09   0.80000E+09   0.00000E+00   0.00000E+00
 1030.00   0.00000E+00   0.10000E+02   0.00000E+00   0.00000E+00   0.00000E+00   0.17240E+04   0.00000E+00   0.00000E+00   0.00000E+00   0.00000E+00   0.00000E+00   0.00000E+00   0.00000E+00   0.12400E+03   0.00000E+00   0.00000E+00   0.20000E+09   0.80000E+09   0.00000E+00   0.00000E+00
 1050.00   0.00000E+00   0.10000E+02   0.00000E+00   0.00000E+00   0.00000E+00   0.17240E+04   0.00000E+00   0.00000E+00   0.00000E+00   0.00000E+00   0.00000E+00   0.00000E+00   0.00000E+00   0.12400E+03   0.00000E+00   0.00000E+00   0.20000E+09   0.80000E+09   0.00000E+00   0.00000E+00
 1070.00   0.00000E+00   0.10000E+02   0.00000E+00   0.00000E+00   0.00000E+00   0.17240E+04   0.00000E+00   0.00000E+00   0.00000E+00   0.00000E+00   0.00000E+00   0.00000E+00   0.00000E+00   0.12400E+03   0.00000E+00   0.00000E+00   0.20000E+09   0.80000E+09   0.00000E+00   0.00000E+00
 1090.00   0.00000E+00   0.10000E+02   0.00000E+00   0.00000E+00   0.00000E+00   0.17240E+04   0.00000E+00   0.00000E+00   0.00000E+00   0.00000E+00   0.00000E+00   0.00000E+00   0.00000E+00   0.12400E+03   0.00000E+00   0.00000E+00   0.20000E+09   0.80000E+09   0.00000E+00   0.00000E+00
 1110.00   0.00000E+00   0.10000E+02   0.00000E+00   0.00000E+00   0.00000E+00   0.17240E+04   0.00000E+00   0.00000E+00   0.00000E+00   0.00000E+00   0.00000E+00   0.00000E+00   0.00000E+00   0.12400E+03   0.00000E+00   0.00000E+00   0.20000E+09   0.80000E+09   0.00000E+00   0.00000E+00
 1130.00   0.00000E+00   0.10000E+02   0.00000E+00   0.00000E+00   0.00000E+00   0.17240E+04   0.00000E+00   0.00000E+00   0.00000E+00   0.00000E+00   0.00000E+00   0.00000E+00   0.00000E+00   0.12400E+03   0.00000E+00   0.00000E+00   0.20000E+09   0.80000E+09   0.00000E+00   0.00000E+00
 1150.00   0.00000E+00   0.10000E+02   0.00000E+00   0.00000E+00   0.00000E+00   0.17240E+04   0.00000E+00   0.00000E+00   0.00000E+00   0.00000E+00   0.00000E+00   0.00000E+00   0.00000E+00   0.12400E+03   0.00000E+00   0.00000E+00   0.20000E+09   0.80000E+09   0.00000E+00   0.00000E+00
 1170.00   0.00000E+00   0.10000E+02   0.00000E+00   0.00000E+00   0.00000E+00   0.17240E+04   0.00000E+00   0.00000E+00   0.00000E+00   0.00000E+00   0.00000E+00   0.00000E+00   0.00000E+00   0.12400E+03   0.00000E+00   0.00000E+00   0.20000E+09   0.80000E+09   0.00000E+00   0.00000E+00
 1190.00   0.00000E+00   0.10000E+02   0.00000E+00   0.00000E+00   0.00000E+00   0.17240E+04   0.00000E+00   0.00000E+00   0.00000E+00   0.00000E+00   0.00000E+00   0.00000E+00   0.00000E+00   0.12400E+03   0.00000E+00   0.00000E+00   0.20000E+09   0.80000E+09   0.00000E+00   0.00000E+00
 1210.00   0.00000E+00   0.10000E+02   0.00000E+00   0.00000E+00   0.00000E+00   0.17240E+04   0.00000E+00   0.00000E+00   0.00000E+00   0.00000E+00   0.00000E+00   0.00000E+00   0.00000E+00   0.12400E+03   0.00000E+00   0.00000E+00   0.20000E+09   0.80000E+09   0.00000E+00   0.00000E+00
 1230.00   0.00000E+00   0.10000E+02   0.00000E+00   0.00000E+00   0.00000E+00   0.17240E+04   0.00000E+00   0.00000E+00   0.00000E+00   0.00000E+00   0.00000E+00   0.00000E+00   0.00000E+00   0.12400E+03   0.00000E+00   0.00000E+00   0.20000E+09   0.80000E+09   0.00000E+00   0.00000E+00
 1250.00   0.00000E+00   0.10000E+02   0.00000E+00   0.00000E+00   0.00000E+00   0.17240E+04   0.00000E+00   0.00000E+00   0.00000E+00   0.00000E+00   0.00000E+00   0.00000E+00   0.00000E+00   0.12400E+03   0.00000E+00   0.00000E+00   0.20000E+09   0.80000E+09   0.00000E+00   0.00000E+00
 1270.00   0.00000E+00   0.10000E+02   0.00000E+00   0.00000E+00   0.00000E+00   0.17240E+04   0.00000E+00   0.00000E+00   0.00000E+00   0.00000E+00   0.00000E+00   0.00000E+00   0.00000E+00   0.12400E+03   0.00000E+00   0.00000E+00   0.20000E+09   0.80000E+09   0.00000E+00   0.00000E+00
 1290.00   0.00000E+00   0.10000E+02   0.00000E+00   0.00000E+00   0.00000E+00   0.17240E+04   0.00000E+00   0.00000E+00   0.00000E+00   0.00000E+00   0.00000E+00   0.00000E+00   0.00000E+00   0.12400E+03   0.00000E+00   0.00000E+00   0.20000E+09   0.80000E+09   0.00000E+00   0.00000E+00
 1310.00   0.00000E+00   0.10000E+02   0.00000E+00   0.00000E+00   0.00000E+00   0.17240E+04   0.00000E+00   0.00000E+00   0.00000E+00   0.00000E+00   0.00000E+00   0.00000E+00   0.00000E+00   0.12400E+03   0.00000E+00   0.00000E+00   0.20000E+09   0.80000E+09   0.00000E+00   0.00000E+00
 1330.00   0.00000E+00   0.10000E+02   0.00000E+00   0.00000E+00   0.00000E+00   0.17240E+04   0.00000E+00   0.00000E+00   0.00000E+00   0.00000E+00   0.00000E+00   0.00000E+00   0.00000E+00   0.12400E+03   0.00000E+00   0.00000E+00   0.20000E+09   0.80000E+09   0.00000E+00   0.00000E+00
 1350.00   0.00000E+00   0.10000E+02   0.00000E+00   0.00000E+00   0.00000E+00   0.17240E+04   0.00000E+00   0.00000E+00   0.00000E+00   0.00000E+00   0.00000E+00   0.00000E+00   0.00000E+00   0.12400E+03   0.00000E+00   0.00000E+00   0.20000E+09   0.80000E+09   0.00000E+00   0.00000E+00
 1370.00   0.00000E+00   0.10000E+02   0.00000E+00   0.00000E+00   0.00000E+00   0.17240E+04   0.00000E+00   0.00000E+00   0.00000E+00   0.00000E+00   0.00000E+00   0.00000E+00   0.00000E+00   0.12400E+03   0.00000E+00   0.00000E+00   0.20000E+09   0.80000E+09   0.00000E+00   0.00000E+00
 1390.00   0.00000E+00   0.10000E+02   0.00000E+00   0.00000E+00   0.00000E+00   0.17240E+04   0.00000E+00   0.00000E+00   0.00000E+00   0.00000E+00   0.00000E+00   0.00000E+00   0.00000E+00   0.12400E+03   0.00000E+00   0.00000E+00   0.20000E+09   0.80000E+09   0.00000E+00   0.00000E+00
 1410.00   0.00000E+00   0.10000E+02   0.00000E+00   0.00000E+00   0.00000E+00   0.17240E+04   0.00000E+00   0.00000E+00   0.00000E+00   0.00000E+00   0.00000E+00   0.00000E+00   0.00000E+00   0.12400E+03   0.00000E+00   0.00000E+00   0.20000E+09   0.80000E+09   0.00000E+00   0.00000E+00
 1430.00   0.00000E+00   0.10000E+02   0.00000E+00   0.00000E+00   0.00000E+00   0.17240E+04   0.00000E+00   0.00000E+00   0.00000E+00   0.00000E+00   0.00000E+00   0.00000E+00   0.00000E+00   0.12400E+03   0.00000E+00   0.00000E+00   0.20000E+09   0.80000E+09   0.00000E+00   0.00000E+00
 1450.00   0.00000E+00   0.10000E+02   0.00000E+00   0.00000E+00   0.00000E+00   0.17240E+04   0.00000E+00   0.00000E+00   0.00000E+00   0.00000E+00   0.00000E+00   0.00000E+00   0.00000E+00   0.12400E+03   0.00000E+00   0.00000E+00   0.20000E+09   0.80000E+09   0.00000E+00   0.00000E+00
 1470.00   0.00000E+00   0.10000E+02   0.00000E+00   0.00000E+00   0.00000E+00   0.17240E+04   0.00000E+00   0.00000E+00   0.00000E+00   0.00000E+00   0.00000E+00   0.00000E+00   0.00000E+00   0.12400E+03   0.00000E+00   0.00000E+00   0.20000E+09   0.80000E+09   0.00000E+00   0.00000E+00
 1490.00   0.00000E+00   0.10000E+02   0.00000E+00   0.00000E+00   0.00000E+00   0.17240E+04   0.00000E+00   0.00000E+00   0.00000E+00   0.00000E+00   0.00000E+00   0.00000E+00   0.00000E+00   0.12400E+03   0.00000E+00   0.00000E+00   0.20000E+09   0.80000E+09   0.00000E+00   0.00000E+00
 1510.00   0.00000E+00   0.10000E+02   0.00000E+00   0.00000E+00   0.00000E+00   0.17240E+04   0.00000E+00   0.00000E+00   0.00000E+00   0.00000E+00   0.00000E+00   0.00000E+00   0.00000E+00   0.12400E+03   0.00000E+00   0.00000E+00   0.20000E+09   0.80000E+09   0.00000E+00   0.00000E+00
 1530.00   0.00000E+00   0.10000E+02   0.00000E+00   0.00000E+00   0.00000E+00   0.17240E+04   0.00000E+00   0.00000E+00   0.00000E+00   0.00000E+00   0.00000E+00   0.00000E+00   0.00000E+00   0.12400E+03   0.00000E+00   0.00000E+00   0.20000E+09   0.80000E+09   0.00000E+00   0.00000E+00
 1550.00   0.00000E+00   0.10000E+02   0.00000E+00   0.00000E+00   0.00000E+00   0.17240E+04   0.00000E+00   0.00000E+00   0.00000E+00   0.00000E+00   0.00000E+00   0.00000E+00   0.00000E+00   0.12400E+03   0.00000E+00   0.00000E+00   0.20000E+09   0.80000E+09   0.00000E+00   0.00000E+00
 1570.00   0.00000E+00   0.10000E+02   0.00000E+00   0.00000E+00   0.00000E+00   0.17240E+04   0.00000E+00   0.00000E+00   0.00000E+00   0.00000E+00   0.00000E+00   0.00000E+00   0.00000E+00   0.12400E+03   0.00000E+00   0.00000E+00   0.20000E+09   0.80000E+09   0.00000E+00   0.00000E+00
 1590.00   0.00000E+00   0.10000E+02   0.00000E+00   0.00000E+00   0.00000E+00   0.17240E+04   0.00000E+00   0.00000E+00   0.00000E+00   0.00000E+00   0.00000E+00   0.00000E+00   0.00000E+00   0.12400E+03   0.00000E+00   0.00000E+00   0.20000E+09   0.80000E+09   0.00000E+00   0.00000E+00
 1610.00   0.00000E+00   0.10000E+02   0.00000E+00   0.00000E+00   0.00000E+00   0.17240E+04   0.00000E+00   0.00000E+00   0.00000E+00   0.00000E+00   0.00000E+00   0.00000E+00   0.00000E+00   0.12400E+03   0.00000E+00   0.00000E+00   0.20000E+09   0.80000E+09   0.00000E+00   0.00000E+00
 1630.00   0.00000E+00   0.10000E+02   0.00000E+00   0.00000E+00   0.00000E+00   0.17240E+04   0.00000E+00   0.00000E+00   0.00000E+00   0.00000E+00   0.00000E+00   0.00000E+00   0.00000E+00   0.12400E+03   0.00000E+00   0.00000E+00   0.20000E+09   0.80000E+09   0.00000E+00   0.00000E+00
 1650.00   0.00000E+00   0.10000E+02   0.00000E+00   0.00000E+00   0.00000E+00   0.17240E+04   0.00000E+00   0.00000E+00   0.00000E+00   0.00000E+00   0.00000E+00   0.00000E+00   0.00000E+00   0.12400E+03   0.00000E+00   0.00000E+00   0.20000E+09   0.80000E+09   0.00000E+00   0.00000E+00
 1670.00   0.00000E+00   0.10000E+02   0.00000E+00   0.00000E+00   0.00000E+00   0.17240E+04   0.00000E+00   0.00000E+00   0.00000E+00   0.00000E+00   0.00000E+00   0.00000E+00   0.00000E+00   0.12400E+03   0.00000E+00   0.00000E+00   0.20000E+09   0.80000E+09   0.00000E+00   0.00000E+00
 1690.00   0.00000E+00   0.10000E+02   0.00000E+00   0.00000E+00   0.00000E+00   0.17240E+04   0.00000E+00   0.00000E+00   0.00000E+00   0.00000E+00   0.00000E+00   0.00000E+00   0.00000E+00   0.12400E+03   0.00000E+00   0.00000E+00   0.20000E+09   0.80000E+09   0.00000E+00   0.00000E+00
 1710.00   0.00000E+00   0.10000E+02   0.00000E+00   0.00000E+00   0.00000E+00   0.17240E+04   0.00000E+00   0.00000E+00   0.00000E+00   0.00000E+00   0.00000E+00   0.00000E+00   0.00000E+00   0.12400E+03   0.00000E+00   0.00000E+00   0.20000E+09   0.80000E+09   0.00000E+00   0.00000E+00
 1730.00   0.00000E+00   0.10000E+02   0.00000E+00   0.00000E+00   0.00000E+00   0.17240E+04   0.00000E+00   0.00000E+00   0.00000E+00   0.00000E+00   0.00000E+00   0.00000E+00   0.00000E+00   0.12400E+03   0.00000E+00   0.00000E+00   0.20000E+09   0.80000E+09   0.00000E+00   0.00000E+00
 1750.00   0.00000E+00   0.10000E+02   0.00000E+00   0.00000E+00   0.00000E+00   0.17240E+04   0.00000E+00   0.00000E+00   0.00000E+00   0.00000E+00   0.00000E+00   0.00000E+00   0.00000E+00   0.12400E+03   0.00000E+00   0.00000E+00   0.20000E+09   0.80000E+09   0.00000E+00   0.00000E+00
 1770.00   0.00000E+00   0.10000E+02   0.00000E+00   0.00000E+00   0.00000E+00   0.17240E+04   0.00000E+00   0.00000E+00   0.00000E+00   0.00000E+00   0.00000E+00   0.00000E+00   0.00000E+00   0.12400E+03   0.00000E+00   0.00000E+00   0.20000E+09   0.80000E+09   0.00000E+00   0.00000E+00
 1790.00   0.00000E+00   0.10000E+02   0.00000E+00   0.00000E+00   0.00000E+00   0.17240E+04   0.00000E+00   0.00000E+00   0.00000E+00   0.00000E+00   0.00000E+00   0.00000E+00   0.00000E+00   0.12400E+03   0.00000E+00   0.00000E+00   0.20000E+09   0.80000E+09   0.00000E+00   0.00000E+00
 1810.00   0.00000E+00   0.10000E+02   0.00000E+00   0.00000E+00   0.00000E+00   0.17240E+04   0.00000E+00   0.00000E+00   0.00000E+00   0.00000E+00   0.00000E+00   0.00000E+00   0.00000E+00   0.12400E+03   0.00000E+00   0.00000E+00   0.20000E+09   0.80000E+09   0.00000E+00   0.00000E+00
 1830.00   0.00000E+00   0.10000E+02   0.00000E+00   0.00000E+00   0.00000E+00   0.17240E+04   0.00000E+00   0.00000E+00   0.00000E+00   0.00000E+00   0.00000E+00   0.00000E+00   0.00000E+00   0.12400E+03   0.00000E+00   0.00000E+00   0.20000E+09   0.80000E+09   0.00000E+00   0.00000E+00
 1850.00   0.00000E+00   0.10000E+02   0.00000E+00   0.00000E+00   0.00000E+00   0.17240E+04   0.00000E+00   0.00000E+00   0.00000E+00   0.00000E+00   0.00000E+00   0.00000E+00   0.00000E+00   0.12400E+03   0.00000E+00   0.00000E+00   0.20000E+09   0.80000E+09   0.00000E+00   0.00000E+00
 1870.00   0.00000E+00   0.10000E+02   0.00000E+00   0.00000E+00   0.00000E+00   0.17240E+04   0.00000E+00   0.00000E+00   0.00000E+00   0.00000E+00   0.00000E+00   0.00000E+00   0.00000E+00   0.12400E+03   0.00000E+00   0.00000E+00   0.20000E+09   0.80000E+09   0.00000E+00   0.00000E+00
 1890.00   0.00000E+00   0.10000E+02   0.00000E+00   0.00000E+00   0.00000E+00   0.17240E+04   0.00000E+00   0.00000E+00   0.00000E+00   0.00000E+00   0.00000E+00   0.00000E+00   0.00000E+00   0.12400E+03   0.00000E+00   0.00000E+00   0.20000E+09   0.80000E+09   0.00000E+00   0.00000E+00
 1910.00   0.00000E+00   0.10000E+02   0.00000E+00   0.00000E+00   0.00000E+00   0.17240E+04   0.00000E+00   0.00000E+00   0.00000E+00   0.00000E+00   0.00000E+00   0.00000E+00   0.00000E+00   0.12400E+03   0.00000E+00   0.00000E+00   0.20000E+09   0.80000E+09   0.00000E+00   0.00000E+00
 1930.00   0.00000E+00   0.10000E+02   0.00000E+00   0.00000E+00   0.00000E+00   0.17240E+04   0.00000E+00   0.00000E+00   0.00000E+00   0.00000E+00   0.00000E+00   0.00000E+00   0.00000E+00   0.12400E+03   0.00000E+00   0.00000E+00   0.20000E+09   0.80000E+09   0.00000E+00   0.00000E+00
 1950.00   0.00000E+00   0.10000E+02   0.00000E+00   0.00000E+00   0.00000E+00   0.17240E+04   0.00000E+00   0.00000E+00   0.00000E+00   0.00000E+00   0.00000E+00   0.00000E+00   0.00000E+00   0.12400E+03   0.00000E+00   0.00000E+00   0.20000E+09   0.80000E+09   0.00000E+00   0.00000E+00
 1970.00   0.00000E+00   0.10000E+02   0.00000E+00   0.00000E+00   0.00000E+00   0.17240E+04   0.00000E+00   0.00000E+00   0.00000E+00   0.00000E+00   0.00000E+00   0.00000E+00   0.00000E+00   0.12400E+03   0.00000E+00   0.00000E+00   0.20000E+09   0.80000E+09   0.00000E+00   0.00000E+00
 1990.00   0.00000E+00   0.10000E+02   0.00000E+00   0.00000E+00   0.00000E+00   0.17240E+04   0.00000E+00   0.00000E+00   0.00000E+00   0.00000E+00   0.00000E+00   0.00000E+00   0.00000E+00   0.12400E+03   0.00000E+00   0.00000E+00   0.20000E+09   0.80000E+09   0.00000E+00   0.00000E+00
 2010.00   0.00000E+00   0.10000E+02   0.00000E+00   0.00000E+00   0.00000E+00   0.17240E+04   0.00000E+00   0.00000E+00   0.00000E+00   0.00000E+00   0.00000E+00   0.00000E+00   0.00000E+00   0.12400E+03   0.00000E+00   0.00000E+00   0.20000E+09   0.80000E+09   0.00000E+00   0.00000E+00
 2030.00   0.00000E+00   0.10000E+02   0.00000E+00   0.00000E+00   0.00000E+00   0.17240E+04   0.00000E+00   0.00000E+00   0.00000E+00   0.00000E+00   0.00000E+00   0.00000E+00   0.00000E+00   0.12400E+03   0.00000E+00   0.00000E+00   0.20000E+09   0.80000E+09   0.00000E+00   0.00000E+00
 2050.00   0.00000E+00   0.10000E+02   0.00000E+00   0.00000E+00   0.00000E+00   0.17240E+04   0.00000E+00   0.00000E+00   0.00000E+00   0.00000E+00   0.00000E+00   0.00000E+00   0.00000E+00   0.12400E+03   0.00000E+00   0.00000E+00   0.20000E+09   0.80000E+09   0.00000E+00   0.00000E+00
 2070.00   0.00000E+00   0.10000E+02   0.00000E+00   0.00000E+00   0.00000E+00   0.17240E+04   0.00000E+00   0.00000E+00   0.00000E+00   0.00000E+00   0.00000E+00   0.00000E+00   0.00000E+00   0.12400E+03   0.00000E+00   0.00000E+00   0.20000E+09   0.80000E+09   0.00000E+00   0.00000E+00
 2090.00   0.00000E+00   0.10000E+02   0.00000E+00   0.00000E+00   0.00000E+00   0.17240E+04   0.00000E+00   0.00000E+00   0.00000E+00   0.00000E+00   0.00000E+00   0.00000E+00   0.00000E+00   0.12400E+03   0.00000E+00   0.00000E+00   0.20000E+09   0.80000E+09   0.00000E+00   0.00000E+00
 2110.00   0.00000E+00   0.10000E+02   0.00000E+00   0.00000E+00   0.00000E+00   0.17240E+04   0.00000E+00   0.00000E+00   0.00000E+00   0.00000E+00   0.00000E+00   0.00000E+00   0.00000E+00   0.12400E+03   0.00000E+00   0.00000E+00   0.20000E+09   0.80000E+09   0.00000E+00   0.00000E+00
 2130.00   0.00000E+00   0.10000E+02   0.00000E+00   0.00000E+00   0.00000E+00   0.17240E+04   0.00000E+00   0.00000E+00   0.00000E+00   0.00000E+00   0.00000E+00   0.00000E+00   0.00000E+00   0.12400E+03   0.00000E+00   0.00000E+00   0.20000E+09   0.80000E+09   0.00000E+00   0.00000E+00
 2150.00   0.00000E+00   0.10000E+02   0.00000E+00   0.00000E+00   0.00000E+00   0.17240E+04   0.00000E+00   0.00000E+00   0.00000E+00   0.00000E+00   0.00000E+00   0.00000E+00   0.00000E+00   0.12400E+03   0.00000E+00   0.00000E+00   0.20000E+09   0.80000E+09   0.00000E+00   0.00000E+00
 2170.00   0.00000E+00   0.10000E+02   0.00000E+00   0.00000E+00   0.00000E+00   0.17240E+04   0.00000E+00   0.00000E+00   0.00000E+00   0.00000E+00   0.00000E+00   0.00000E+00   0.00000E+00   0.12400E+03   0.00000E+00   0.00000E+00   0.20000E+09   0.80000E+09   0.00000E+00   0.00000E+00
 2190.00   0.00000E+00   0.10000E+02   0.00000E+00   0.00000E+00   0.00000E+00   0.17240E+04   0.00000E+00   0.00000E+00   0.00000E+00   0.00000E+00   0.00000E+00   0.00000E+00   0.00000E+00   0.12400E+03   0.00000E+00   0.00000E+00   0.20000E+09   0.80000E+09   0.00000E+00   0.00000E+00
 2210.00   0.00000E+00   0.10000E+02   0.00000E+00   0.00000E+00   0.00000E+00   0.17240E+04   0.00000E+00   0.00000E+00   0.00000E+00   0.00000E+00   0.00000E+00   0.00000E+00   0.00000E+00   0.12400E+03   0.00000E+00   0.00000E+00   0.20000E+09   0.80000E+09   0.00000E+00   0.00000E+00
 2230.00   0.00000E+00   0.10000E+02   0.00000E+00   0.00000E+00   0.00000E+00   0.17240E+04   0.00000E+00   0.00000E+00   0.00000E+00   0.00000E+00   0.00000E+00   0.00000E+00   0.00000E+00   0.12400E+03   0.00000E+00   0.00000E+00   0.20000E+09   0.80000E+09   0.00000E+00   0.00000E+00
 2250.00   0.00000E+00   0.10000E+02   0.00000E+00   0.00000E+00   0.00000E+00   0.17240E+04   0.00000E+00   0.00000E+00   0.00000E+00   0.00000E+00   0.00000E+00   0.00000E+00   0.00000E+00   0.12400E+03   0.00000E+00   0.00000E+00   0.20000E+09   0.80000E+09   0.00000E+00   0.00000E+00
 2270.00   0.00000E+00   0.10000E+02   0.00000E+00   0.00000E+00   0.00000E+00   0.17240E+04   0.00000E+00   0.00000E+00   0.00000E+00   0.00000E+00   0.00000E+00   0.00000E+00   0.00000E+00   0.12400E+03   0.00000E+00   0.00000E+00   0.20000E+09   0.80000E+09   0.00000E+00   0.00000E+00
 2290.00   0.00000E+00   0.10000E+02   0.00000E+00   0.00000E+00   0.00000E+00   0.17240E+04   0.00000E+00   0.00000E+00   0.00000E+00   0.00000E+00   0.00000E+00   0.00000E+00   0.00000E+00   0.12400E+03   0.00000E+00   0.00000E+00   0.20000E+09   0.80000E+09   0.00000E+00   0.00000E+00
 2310.00   0.00000E+00   0.10000E+02   0.00000E+00   0.00000E+00   0.00000E+00   0.17240E+04   0.00000E+00   0.00000E+00   0.00000E+00   0.00000E+00   0.00000E+00   0.00000E+00   0.00000E+00   0.12400E+03   0.00000E+00   0.00000E+00   0.20000E+09   0.80000E+09   0.00000E+00   0.00000E+00
 2330.00   0.00000E+00   0.10000E+02   0.00000E+00   0.00000E+00   0.00000E+00   0.17240E+04   0.00000E+00   0.00000E+00   0.00000E+00   0.00000E+00   0.00000E+00   0.00000E+00   0.00000E+00   0.12400E+03   0.00000E+00   0.00000E+00   0.20000E+09   0.80000E+09   0.00000E+00   0.00000E+00
 2350.00   0.00000E+00   0.10000E+02   0.00000E+00   0.00000E+00   0.00000E+00   0.17240E+04   0.00000E+00   0.00000E+00   0.00000E+00   0.00000E+00   0.00000E+00   0.00000E+00   0.00000E+00   0.12400E+03   0.00000E+00   0.00000E+00   0.20000E+09   0.80000E+09   0.00000E+00   0.00000E+00
 2370.00   0.00000E+00   0.10000E+02   0.00000E+00   0.00000E+00   0.00000E+00   0.17240E+04   0.00000E+00   0.00000E+00   0.00000E+00   0.00000E+00   0.00000E+00   0.00000E+00   0.00000E+00   0.12400E+03   0.00000E+00   0.00000E+00   0.20000E+09   0.80000E+09   0.00000E+00   0.00000E+00
 2390.00   0.00000E+00   0.10000E+02   0.00000E+00   0.00000E+00   0.00000E+00   0.17240E+04   0.00000E+00   0.00000E+00   0.00000E+00   0.00000E+00   0.00000E+00   0.00000E+00   0.00000E+00   0.12400E+03   0.00000E+00   0.00000E+00   0.20000E+09   0.80000E+09   0.00000E+00   0.00000E+00
 2410.00   0.00000E+00   0.10000E+02   0.00000E+00   0.00000E+00   0.00000E+00   0.17240E+04   0.00000E+00   0.00000E+00   0.00000E+00   0.00000E+00   0.00000E+00   0.00000E+00   0.00000E+00   0.12400E+03   0.00000E+00   0.00000E+00   0.20000E+09   0.80000E+09   0.00000E+00   0.00000E+00
 2430.00   0.00000E+00   0.10000E+02   0.00000E+00   0.00000E+00   0.00000E+00   0.17240E+04   0.00000E+00   0.00000E+00   0.00000E+00   0.00000E+00   0.00000E+00   0.00000E+00   0.00000E+00   0.12400E+03   0.00000E+00   0.00000E+00   0.20000E+09   0.80000E+09   0.00000E+00   0.00000E+00
 2450.00   0.00000E+00   0.10000E+02   0.00000E+00   0.00000E+00   0.00000E+00   0.17240E+04   0.00000E+00   0.00000E+00   0.00000E+00   0.00000E+00   0.00000E+00   0.00000E+00   0.00000E+00   0.12400E+03   0.00000E+00   0.00000E+00   0.20000E+09   0.80000E+09   0.00000E+00   0.00000E+00
 2470.00   0.00000E+00   0.10000E+02   0.00000E+00   0.00000E+00   0.00000E+00   0.17240E+04   0.00000E+00   0.00000E+00   0.00000E+00   0.00000E+00   0.00000E+00   0.00000E+00   0.00000E+00   0.12400E+03   0.00000E+00   0.00000E+00   0.20000E+09   0.80000E+09   0.00000E+00   0.00000E+00
 2490.00   0.00000E+00   0.10000E+02   0.00000E+00   0.00000E+00   0.00000E+00   0.17240E+04   0.00000E+00   0.00000E+00   0.00000E+00   0.00000E+00   0.00000E+00   0.00000E+00   0.00000E+00   0.12400E+03   0.00000E+00   0.00000E+00   0.20000E+09   0.80000E+09   0.00000E+00   0.00000E+00
 2510.00   0.00000E+00   0.10000E+02   0.00000E+00   0.00000E+00   0.00000E+00   0.17240E+04   0.00000E+00   0.00000E+00   0.00000E+00   0.00000E+00   0.00000E+00   0.00000E+00   0.00000E+00   0.12400E+03   0.00000E+00   0.00000E+00   0.20000E+09   0.80000E+09   0.00000E+00   0.00000E+00
 2530.00   0.00000E+00   0.10000E+02   0.00000E+00   0.00000E+00   0.00000E+00   0.17240E+04   0.00000E+00   0.00000E+00   0.00000E+00   0.00000E+00   0.00000E+00   0.00000E+00   0.00000E+00   0.12400E+03   0.00000E+00   0.00000E+00   0.20000E+09   0.80000E+09   0.00000E+00   0.00000E+00
 2550.00   0.00000E+00   0.10000E+02   0.00000E+00   0.00000E+00   0.00000E+00   0.17240E+04   0.00000E+00   0.00000E+00   0.00000E+00   0.00000E+00   0.00000E+00   0.00000E+00   0.00000E+00   0.12400E+03   0.00000E+00   0.00000E+00   0.20000E+09   0.80000E+09   0.00000E+00   0.00000E+00
