# block location
#il    iu    jl     ju    kl    ku   corresp. facets
   1	   5	   1	   5	   0	   0	  53	   0	   0	   0	   0
   1	   5	   6	  10	   0	   0	  54	   0	   0	   0	   0
   1	   5	  11	  15	   0	   0	  55	   0	   0	   0	   0
   1	   5	  16	  20	   0	   0	  56	   0	   0	   0	   0
   1	   5	  21	  25	   0	   0	  57	   0	   0	   0	   0
   1	   5	  26	  30	   0	   0	  58	   0	   0	   0	   0
   1	   5	  31	  35	   0	   0	  59	   0	   0	   0	   0
   1	   5	  36	  40	   0	   0	  60	   0	   0	   0	   0
   1	   5	  41	  45	   0	   0	  61	   0	   0	   0	   0
   1	   5	  46	  50	   0	   0	  62	   0	   0	   0	   0
   1	   5	  51	  55	   0	   0	  63	   0	   0	   0	   0
   1	   5	  56	  60	   0	   0	  64	   0	   0	   0	   0
   1	   5	  61	  64	   0	   0	  65	   0	   0	   0	   0
   6	  10	   1	   5	   0	   0	  66	   0	   0	   0	   0
   6	  10	   6	  10	   0	   0	  67	   0	   0	   0	   0
   6	  10	  11	  15	   0	   0	  68	   0	   0	   0	   0
   6	  10	  16	  20	   0	   0	  69	   0	   0	   0	   0
   6	  10	  21	  25	   0	   0	  70	   0	   0	   0	   0
   6	  10	  26	  30	   0	   0	  71	   0	   0	   0	   0
   6	  10	  31	  35	   0	   0	  72	   0	   0	   0	   0
   6	  10	  36	  40	   0	   0	  73	   0	   0	   0	   0
   6	  10	  41	  45	   0	   0	  74	   0	   0	   0	   0
   6	  10	  46	  50	   0	   0	  75	   0	   0	   0	   0
   6	  10	  51	  55	   0	   0	  76	   0	   0	   0	   0
   6	  10	  56	  60	   0	   0	  77	   0	   0	   0	   0
   6	  10	  61	  64	   0	   0	  78	   0	   0	   0	   0
  11	  15	   1	   5	   0	   0	  79	   0	   0	   0	   0
  11	  15	   6	  10	   0	   0	  80	   0	   0	   0	   0
  11	  15	  11	  15	   0	   0	  81	   0	   0	   0	   0
  11	  15	  16	  20	   0	   0	  82	   0	   0	   0	   0
  11	  15	  21	  25	   0	   0	  83	   0	   0	   0	   0
  11	  15	  26	  30	   0	   0	  84	   0	   0	   0	   0
  11	  15	  31	  35	   0	   0	  85	   0	   0	   0	   0
  11	  15	  36	  40	   0	   0	  86	   0	   0	   0	   0
  11	  15	  41	  45	   0	   0	  87	   0	   0	   0	   0
  11	  15	  46	  50	   0	   0	  88	   0	   0	   0	   0
  11	  15	  51	  55	   0	   0	  89	   0	   0	   0	   0
  11	  15	  56	  60	   0	   0	  90	   0	   0	   0	   0
  11	  15	  61	  64	   0	   0	  91	   0	   0	   0	   0
  16	  20	   1	   5	   0	   0	  92	   0	   0	   0	   0
  16	  20	   6	  10	   0	   0	  93	   0	   0	   0	   0
  16	  20	  11	  15	   0	   0	  94	   0	   0	   0	   0
  16	  20	  16	  20	   0	   0	  95	   0	   0	   0	   0
  16	  20	  21	  25	   0	   0	  96	   0	   0	   0	   0
  16	  20	  26	  30	   0	   0	  97	   0	   0	   0	   0
  16	  20	  31	  35	   0	   0	  98	   0	   0	   0	   0
  16	  20	  36	  40	   0	   0	  99	   0	   0	   0	   0
  16	  20	  41	  45	   0	   0	 100	   0	   0	   0	   0
  16	  20	  46	  50	   0	   0	 101	   0	   0	   0	   0
  16	  20	  51	  55	   0	   0	 102	   0	   0	   0	   0
  16	  20	  56	  60	   0	   0	 103	   0	   0	   0	   0
  16	  20	  61	  64	   0	   0	 104	   0	   0	   0	   0
  21	  25	   1	   5	   0	   0	 105	   0	   0	   0	   0
  21	  25	   6	  10	   0	   0	 106	   0	   0	   0	   0
  21	  25	  11	  15	   0	   0	 107	   0	   0	   0	   0
  21	  25	  16	  20	   0	   0	 108	   0	   0	   0	   0
  21	  25	  21	  25	   0	   0	 109	   0	   0	   0	   0
  21	  25	  26	  30	   0	   0	 110	   0	   0	   0	   0
  21	  25	  31	  35	   0	   0	 111	   0	   0	   0	   0
  21	  25	  36	  40	   0	   0	 112	   0	   0	   0	   0
  21	  25	  41	  45	   0	   0	 113	   0	   0	   0	   0
  21	  25	  46	  50	   0	   0	 114	   0	   0	   0	   0
  21	  25	  51	  55	   0	   0	 115	   0	   0	   0	   0
  21	  25	  56	  60	   0	   0	 116	   0	   0	   0	   0
  21	  25	  61	  64	   0	   0	 117	   0	   0	   0	   0
  26	  30	   1	   5	   0	   0	 118	   0	   0	   0	   0
  26	  30	   6	  10	   0	   0	 119	   0	   0	   0	   0
  26	  30	  11	  15	   0	   0	 120	   0	   0	   0	   0
  26	  30	  16	  20	   0	   0	 121	   0	   0	   0	   0
  26	  30	  21	  25	   0	   0	 122	   0	   0	   0	   0
  26	  30	  26	  30	   0	   0	 123	   0	   0	   0	   0
  26	  30	  31	  35	   0	   0	 124	   0	   0	   0	   0
  26	  30	  36	  40	   0	   0	 125	   0	   0	   0	   0
  26	  30	  41	  45	   0	   0	 126	   0	   0	   0	   0
  26	  30	  46	  50	   0	   0	 127	   0	   0	   0	   0
  26	  30	  51	  55	   0	   0	 128	   0	   0	   0	   0
  26	  30	  56	  60	   0	   0	 129	   0	   0	   0	   0
  26	  30	  61	  64	   0	   0	 130	   0	   0	   0	   0
  31	  35	   1	   5	   0	   0	 131	   0	   0	   0	   0
  31	  35	   6	  10	   0	   0	 132	   0	   0	   0	   0
  31	  35	  11	  15	   0	   0	 133	   0	   0	   0	   0
  31	  35	  16	  20	   0	   0	 134	   0	   0	   0	   0
  31	  35	  21	  25	   0	   0	 135	   0	   0	   0	   0
  31	  35	  26	  30	   0	   0	 136	   0	   0	   0	   0
  31	  35	  31	  35	   0	   0	 137	   0	   0	   0	   0
  31	  35	  36	  40	   0	   0	 138	   0	   0	   0	   0
  31	  35	  41	  45	   0	   0	 139	   0	   0	   0	   0
  31	  35	  46	  50	   0	   0	 140	   0	   0	   0	   0
  31	  35	  51	  55	   0	   0	 141	   0	   0	   0	   0
  31	  35	  56	  60	   0	   0	 142	   0	   0	   0	   0
  31	  35	  61	  64	   0	   0	 143	   0	   0	   0	   0
  36	  40	   1	   5	   0	   0	 144	   0	   0	   0	   0
  36	  40	   6	  10	   0	   0	 145	   0	   0	   0	   0
  36	  40	  11	  15	   0	   0	 146	   0	   0	   0	   0
  36	  40	  16	  20	   0	   0	 147	   0	   0	   0	   0
  36	  40	  21	  25	   0	   0	 148	   0	   0	   0	   0
  36	  40	  26	  30	   0	   0	 149	   0	   0	   0	   0
  36	  40	  31	  35	   0	   0	 150	   0	   0	   0	   0
  36	  40	  36	  40	   0	   0	 151	   0	   0	   0	   0
  36	  40	  41	  45	   0	   0	 152	   0	   0	   0	   0
  36	  40	  46	  50	   0	   0	 153	   0	   0	   0	   0
  36	  40	  51	  55	   0	   0	 154	   0	   0	   0	   0
  36	  40	  56	  60	   0	   0	 155	   0	   0	   0	   0
  36	  40	  61	  64	   0	   0	 156	   0	   0	   0	   0
  41	  45	   1	   5	   0	   0	 157	   0	   0	   0	   0
  41	  45	   6	  10	   0	   0	 158	   0	   0	   0	   0
  41	  45	  11	  15	   0	   0	 159	   0	   0	   0	   0
  41	  45	  16	  20	   0	   0	 160	   0	   0	   0	   0
  41	  45	  21	  25	   0	   0	 161	   0	   0	   0	   0
  41	  45	  26	  30	   0	   0	 162	   0	   0	   0	   0
  41	  45	  31	  35	   0	   0	 163	   0	   0	   0	   0
  41	  45	  36	  40	   0	   0	 164	   0	   0	   0	   0
  41	  45	  41	  45	   0	   0	 165	   0	   0	   0	   0
  41	  45	  46	  50	   0	   0	 166	   0	   0	   0	   0
  41	  45	  51	  55	   0	   0	 167	   0	   0	   0	   0
  41	  45	  56	  60	   0	   0	 168	   0	   0	   0	   0
  41	  45	  61	  64	   0	   0	 169	   0	   0	   0	   0
  46	  50	   1	   5	   0	   0	 170	   0	   0	   0	   0
  46	  50	   6	  10	   0	   0	 171	   0	   0	   0	   0
  46	  50	  11	  15	   0	   0	 172	   0	   0	   0	   0
  46	  50	  16	  20	   0	   0	 173	   0	   0	   0	   0
  46	  50	  21	  25	   0	   0	 174	   0	   0	   0	   0
  46	  50	  26	  30	   0	   0	 175	   0	   0	   0	   0
  46	  50	  31	  35	   0	   0	 176	   0	   0	   0	   0
  46	  50	  36	  40	   0	   0	 177	   0	   0	   0	   0
  46	  50	  41	  45	   0	   0	 178	   0	   0	   0	   0
  46	  50	  46	  50	   0	   0	 179	   0	   0	   0	   0
  46	  50	  51	  55	   0	   0	 180	   0	   0	   0	   0
  46	  50	  56	  60	   0	   0	 181	   0	   0	   0	   0
  46	  50	  61	  64	   0	   0	 182	   0	   0	   0	   0
  51	  55	   1	   5	   0	   0	 183	   0	   0	   0	   0
  51	  55	   6	  10	   0	   0	 184	   0	   0	   0	   0
  51	  55	  11	  15	   0	   0	 185	   0	   0	   0	   0
  51	  55	  16	  20	   0	   0	 186	   0	   0	   0	   0
  51	  55	  21	  25	   0	   0	 187	   0	   0	   0	   0
  51	  55	  26	  30	   0	   0	 188	   0	   0	   0	   0
  51	  55	  31	  35	   0	   0	 189	   0	   0	   0	   0
  51	  55	  36	  40	   0	   0	 190	   0	   0	   0	   0
  51	  55	  41	  45	   0	   0	 191	   0	   0	   0	   0
  51	  55	  46	  50	   0	   0	 192	   0	   0	   0	   0
  51	  55	  51	  55	   0	   0	 193	   0	   0	   0	   0
  51	  55	  56	  60	   0	   0	 194	   0	   0	   0	   0
  51	  55	  61	  64	   0	   0	 195	   0	   0	   0	   0
  56	  60	   1	   5	   0	   0	 196	   0	   0	   0	   0
  56	  60	   6	  10	   0	   0	 197	   0	   0	   0	   0
  56	  60	  11	  15	   0	   0	 198	   0	   0	   0	   0
  56	  60	  16	  20	   0	   0	 199	   0	   0	   0	   0
  56	  60	  21	  25	   0	   0	 200	   0	   0	   0	   0
  56	  60	  26	  30	   0	   0	 201	   0	   0	   0	   0
  56	  60	  31	  35	   0	   0	 202	   0	   0	   0	   0
  56	  60	  36	  40	   0	   0	 203	   0	   0	   0	   0
  56	  60	  41	  45	   0	   0	 204	   0	   0	   0	   0
  56	  60	  46	  50	   0	   0	 205	   0	   0	   0	   0
  56	  60	  51	  55	   0	   0	 206	   0	   0	   0	   0
  56	  60	  56	  60	   0	   0	 207	   0	   0	   0	   0
  56	  60	  61	  64	   0	   0	 208	   0	   0	   0	   0
  61	  64	   1	   5	   0	   0	 209	   0	   0	   0	   0
  61	  64	   6	  10	   0	   0	 210	   0	   0	   0	   0
  61	  64	  11	  15	   0	   0	 211	   0	   0	   0	   0
  61	  64	  16	  20	   0	   0	 212	   0	   0	   0	   0
  61	  64	  21	  25	   0	   0	 213	   0	   0	   0	   0
  61	  64	  26	  30	   0	   0	 214	   0	   0	   0	   0
  61	  64	  31	  35	   0	   0	 215	   0	   0	   0	   0
  61	  64	  36	  40	   0	   0	 216	   0	   0	   0	   0
  61	  64	  41	  45	   0	   0	 217	   0	   0	   0	   0
  61	  64	  46	  50	   0	   0	 218	   0	   0	   0	   0
  61	  64	  51	  55	   0	   0	 219	   0	   0	   0	   0
  61	  64	  56	  60	   0	   0	 220	   0	   0	   0	   0
  61	  64	  61	  64	   0	   0	 221	   0	   0	   0	   0
