# SDBL flow 
# z uq vq pqx pqy wfls dqtdxls dqtdyls dqtdtls dthlrad      
0.500000000000000    0.000000     0.000000     0.000100     0.000000     0.000000000     0.000000     0.000000     0.000000     0.000000000000   
1.500000000000000    0.000000     0.000000     0.000100     0.000000     0.000000000     0.000000     0.000000     0.000000     0.000000000000   
2.500000000000000    0.000000     0.000000     0.000100     0.000000     0.000000000     0.000000     0.000000     0.000000     0.000000000000   
3.500000000000000    0.000000     0.000000     0.000100     0.000000     0.000000000     0.000000     0.000000     0.000000     0.000000000000   
4.500000000000000    0.000000     0.000000     0.000100     0.000000     0.000000000     0.000000     0.000000     0.000000     0.000000000000   
5.500000000000000    0.000000     0.000000     0.000100     0.000000     0.000000000     0.000000     0.000000     0.000000     0.000000000000   
6.500000000000000    0.000000     0.000000     0.000100     0.000000     0.000000000     0.000000     0.000000     0.000000     0.000000000000   
7.500000000000000    0.000000     0.000000     0.000100     0.000000     0.000000000     0.000000     0.000000     0.000000     0.000000000000   
8.500000000000000    0.000000     0.000000     0.000100     0.000000     0.000000000     0.000000     0.000000     0.000000     0.000000000000   
9.500000000000000    0.000000     0.000000     0.000100     0.000000     0.000000000     0.000000     0.000000     0.000000     0.000000000000   
10.500000000000000   0.000000     0.000000     0.000100     0.000000     0.000000000     0.000000     0.000000     0.000000     0.000000000000   
11.500000000000000   0.000000     0.000000     0.000100     0.000000     0.000000000     0.000000     0.000000     0.000000     0.000000000000   
12.500000000000000   0.000000     0.000000     0.000100     0.000000     0.000000000     0.000000     0.000000     0.000000     0.000000000000   
13.500000000000000   0.000000     0.000000     0.000100     0.000000     0.000000000     0.000000     0.000000     0.000000     0.000000000000   
14.500000000000000   0.000000     0.000000     0.000100     0.000000     0.000000000     0.000000     0.000000     0.000000     0.000000000000   
15.500000000000000   0.000000     0.000000     0.000100     0.000000     0.000000000     0.000000     0.000000     0.000000     0.000000000000   
16.500000000000000   0.000000     0.000000     0.000100     0.000000     0.000000000     0.000000     0.000000     0.000000     0.000000000000   
17.500000000000000   0.000000     0.000000     0.000100     0.000000     0.000000000     0.000000     0.000000     0.000000     0.000000000000   
18.500000000000000   0.000000     0.000000     0.000100     0.000000     0.000000000     0.000000     0.000000     0.000000     0.000000000000   
19.500000000000000   0.000000     0.000000     0.000100     0.000000     0.000000000     0.000000     0.000000     0.000000     0.000000000000   
20.500000000000000   0.000000     0.000000     0.000100     0.000000     0.000000000     0.000000     0.000000     0.000000     0.000000000000   
21.500000000000000   0.000000     0.000000     0.000100     0.000000     0.000000000     0.000000     0.000000     0.000000     0.000000000000   
22.500000000000000   0.000000     0.000000     0.000100     0.000000     0.000000000     0.000000     0.000000     0.000000     0.000000000000   
23.500000000000000   0.000000     0.000000     0.000100     0.000000     0.000000000     0.000000     0.000000     0.000000     0.000000000000   
24.500000000000000   0.000000     0.000000     0.000100     0.000000     0.000000000     0.000000     0.000000     0.000000     0.000000000000   
25.500000000000000   0.000000     0.000000     0.000100     0.000000     0.000000000     0.000000     0.000000     0.000000     0.000000000000   
26.500000000000000   0.000000     0.000000     0.000100     0.000000     0.000000000     0.000000     0.000000     0.000000     0.000000000000   
27.500000000000000   0.000000     0.000000     0.000100     0.000000     0.000000000     0.000000     0.000000     0.000000     0.000000000000   
28.500000000000000   0.000000     0.000000     0.000100     0.000000     0.000000000     0.000000     0.000000     0.000000     0.000000000000   
29.500000000000000   0.000000     0.000000     0.000100     0.000000     0.000000000     0.000000     0.000000     0.000000     0.000000000000   
30.500000000000000   0.000000     0.000000     0.000100     0.000000     0.000000000     0.000000     0.000000     0.000000     0.000000000000   
31.500000000000000   0.000000     0.000000     0.000100     0.000000     0.000000000     0.000000     0.000000     0.000000     0.000000000000   
