# sky view factors
0.448349
0.486898
0.491270
0.492942
0.493739
0.494111
0.494207
0.494061
0.493622
0.492703
0.490730
0.485055
0.440377
0.448336
0.486898
0.491270
0.492942
0.493739
0.494111
0.494207
0.494061
0.493621
0.492703
0.490730
0.485054
0.440377
0.448336
0.486898
0.491270
0.492942
0.493739
0.494111
0.494207
0.494061
0.493621
0.492703
0.490730
0.485054
0.440377
0.448337
0.486898
0.491270
0.492942
0.493739
0.494111
0.494207
0.494061
0.493621
0.492703
0.490730
0.485054
0.440377
0.832475
0.906751
0.908927
0.909419
0.909595
0.909665
0.909682
0.909656
0.909571
0.909359
0.908731
0.905407
0.815218
0.906751
0.990941
0.993794
0.994430
0.994651
0.994738
0.994758
0.994727
0.994622
0.994353
0.993537
0.989214
0.887376
0.908927
0.993794
0.996883
0.997600
0.997853
0.997952
0.997976
0.997939
0.997819
0.997513
0.996597
0.991980
0.889458
0.909419
0.994430
0.997600
0.998357
0.998629
0.998737
0.998762
0.998723
0.998593
0.998264
0.997302
0.992591
0.889933
0.909595
0.994651
0.997853
0.998629
0.998912
0.999025
0.999052
0.999010
0.998874
0.998533
0.997550
0.992805
0.890104
0.909665
0.994738
0.997952
0.998737
0.999025
0.999140
0.999167
0.999125
0.998986
0.998639
0.997647
0.992888
0.890173
0.909682
0.994758
0.997976
0.998762
0.999052
0.999167
0.999195
0.999153
0.999012
0.998665
0.997670
0.992908
0.890190
0.909656
0.994727
0.997939
0.998723
0.999010
0.999125
0.999153
0.999110
0.998971
0.998628
0.997634
0.992878
0.890164
0.909571
0.994622
0.997819
0.998593
0.998874
0.998986
0.999012
0.998971
0.998836
0.998497
0.997517
0.992776
0.890081
0.909359
0.994353
0.997513
0.998264
0.998533
0.998639
0.998665
0.998626
0.998497
0.998172
0.997216
0.992518
0.889875
0.908731
0.993537
0.996597
0.997302
0.997550
0.997647
0.997670
0.997634
0.997517
0.997216
0.996315
0.991732
0.889269
0.905407
0.989214
0.991980
0.992591
0.992805
0.992888
0.992908
0.992878
0.992776
0.992518
0.991732
0.987526
0.886093
0.815218
0.887376
0.889458
0.889933
0.890104
0.890173
0.890190
0.890164
0.890081
0.889875
0.889269
0.886094
0.798432
