#	#large	scale	forcing					
#	height	ug	vg	wfls	dqtdxls	dqtqyls	dqtdtls	dthlrad
	2	2.5	0	0	0	0	0	0
	6	2.5	0	0	0	0	0	0
	10	2.5	0	0	0	0	0	0
	14	2.5	0	0	0	0	0	0
	18	2.5	0	0	0	0	0	0
	22	2.5	0	0	0	0	0	0
	26	2.5	0	0	0	0	0	0
	30	2.5	0	0	0	0	0	0
	34	2.5	0	0	0	0	0	0
	38	2.5	0	0	0	0	0	0
	42	2.5	0	0	0	0	0	0
	46	2.5	0	0	0	0	0	0
	50	2.5	0	0	0	0	0	0
	54	2.5	0	0	0	0	0	0
	58	2.5	0	0	0	0	0	0
	62	2.5	0	0	0	0	0	0
	66	2.5	0	0	0	0	0	0
	70	2.5	0	0	0	0	0	0
	74	2.5	0	0	0	0	0	0
	78	2.5	0	0	0	0	0	0
	82	2.5	0	0	0	0	0	0
	86	2.5	0	0	0	0	0	0
	90	2.5	0	0	0	0	0	0
	94	2.5	0	0	0	0	0	0
	98	2.5	0	0	0	0	0	0
	102	2.5	0	0	0	0	0	0
	106	2.5	0	0	0	0	0	0
	110	2.5	0	0	0	0	0	0
	114	2.5	0	0	0	0	0	0
	118	2.5	0	0	0	0	0	0
	122	2.5	0	0	0	0	0	0
	126	2.5	0	0	0	0	0	0
	130	2.5	0	0	0	0	0	0
	134	2.5	0	0	0	0	0	0
	138	2.5	0	0	0	0	0	0
	142	2.5	0	0	0	0	0	0
	146	2.5	0	0	0	0	0	0
	150	2.5	0	0	0	0	0	0
	154	2.5	0	0	0	0	0	0
	158	2.5	0	0	0	0	0	0
	162	2.5	0	0	0	0	0	0
	166	2.5	0	0	0	0	0	0
	170	2.5	0	0	0	0	0	0
	174	2.5	0	0	0	0	0	0
	178	2.5	0	0	0	0	0	0
	182	2.5	0	0	0	0	0	0
	186	2.5	0	0	0	0	0	0
	190	2.5	0	0	0	0	0	0
	194	2.5	0	0	0	0	0	0
	198	2.5	0	0	0	0	0	0
	202	2.5	0	0	0	0	0	0
	206	2.5	0	0	0	0	0	0
	210	2.5	0	0	0	0	0	0
	214	2.5	0	0	0	0	0	0
	218	2.5	0	0	0	0	0	0
	222	2.5	0	0	0	0	0	0
	226	2.5	0	0	0	0	0	0
	230	2.5	0	0	0	0	0	0
	234	2.5	0	0	0	0	0	0
	238	2.5	0	0	0	0	0	0
	242	2.5	0	0	0	0	0	0
	246	2.5	0	0	0	0	0	0
	250	2.5	0	0	0	0	0	0
	254	2.5	0	0	0	0	0	0
