#	#profile					
#	zf	thl	qt	u	v	tke
	2	287.37	0.01012	1.00	0	1
	6	287.57	0.01011	1.39	0	1
	10	287.75	0.01011	1.58	0	1
	14	287.90	0.01011	1.71	0	1
	18	288.04	0.01010	1.80	0	1
	22	288.16	0.01010	1.87	0	1
	26	288.27	0.01010	1.94	0	1
	30	288.36	0.01009	1.99	0	1
	34	288.45	0.01009	2.04	0	1
	38	288.52	0.01009	2.08	0	1
	42	288.59	0.01009	2.11	0	1
	46	288.65	0.01008	2.15	0	1
	50	288.71	0.01008	2.18	0	1
	54	288.76	0.01008	2.21	0	1
	58	288.81	0.01007	2.24	0	1
	62	288.86	0.01007	2.26	0	1
	66	288.90	0.01007	2.28	0	1
	70	288.95	0.01006	2.31	0	1
	74	288.99	0.01006	2.33	0	1
	78	289.04	0.01006	2.35	0	1
	82	289.08	0.01005	2.36	0	1
	86	289.12	0.01005	2.38	0	1
	90	289.17	0.01005	2.40	0	1
	94	289.21	0.01004	2.42	0	1
	98	289.26	0.01004	2.43	0	1
	102	289.31	0.01004	2.45	0	1
	106	289.36	0.01003	2.46	0	1
	110	289.40	0.01003	2.47	0	1
	114	289.45	0.01003	2.49	0	1
	118	289.50	0.01002	2.50	0	1
	122	289.55	0.01002	2.50	0	1
	126	289.60	0.01002	2.50	0	1
	130	289.65	0.01001	2.50	0	1
	134	289.70	0.01001	2.50	0	1
	138	289.75	0.01001	2.50	0	1
	142	289.79	0.01000	2.50	0	1
	146	289.84	0.01000	2.50	0	1
	150	289.88	0.01000	2.50	0	1
	154	289.93	0.00999	2.50	0	1
	158	289.97	0.00999	2.50	0	1
	162	290.01	0.00999	2.50	0	1
	166	290.04	0.00999	2.50	0	1
	170	290.08	0.00998	2.50	0	1
	174	290.11	0.00998	2.50	0	1
	178	290.14	0.00998	2.50	0	1
	182	290.16	0.00997	2.50	0	1
	186	290.19	0.00997	2.50	0	1
	190	290.21	0.00997	2.50	0	1
	194	290.22	0.00996	2.50	0	1
	198	290.24	0.00996	2.50	0	1
	202	290.25	0.00996	2.50	0	1
	206	291.00	0.00995	2.50	0	1
	210	291.25	0.00995	2.50	0	1
	214	291.50	0.00995	2.50	0	1
	218	291.75	0.00994	2.50	0	1
	222	292.00	0.00994	2.50	0	1
	226	292.25	0.00994	2.50	0	1
	230	292.50	0.00993	2.50	0	1
	234	292.75	0.00993	2.50	0	1
	238	293.00	0.00993	2.50	0	1
	242	293.25	0.00992	2.50	0	1
	246	293.50	0.00992	2.50	0	1
	250	293.75	0.00992	2.50	0	1
	254	294.00	0.00991	2.50	0	1
