# Block data
#  il	   iu	   jl	   ju	   kl	   ku	 dtop	 dwest	 deast	 dnor	 dsou
   5	  12	   5	  12	   1	   9	   1	   2	   3	   4	   5
   5	  12	  21	  28	   1	   9	   6	   7	   8	   9	  10
   5	  12	  37	  44	   1	   9	  11	  12	  13	  14	  15
   5	  12	  53	  60	   1	   9	  16	  17	  18	  19	  20
  21	  28	   5	  12	   1	   9	  21	  22	  23	  24	  25
  21	  28	  21	  28	   1	   9	  26	  27	  28	  29	  30
  21	  28	  37	  44	   1	   9	  31	  32	  33	  34	  35
  21	  28	  53	  60	   1	   9	  36	  37	  38	  39	  40
  37	  44	   5	  12	   1	   9	  41	  42	  43	  44	  45
  37	  44	  21	  28	   1	   9	  46	  47	  48	  49	  50
  37	  44	  37	  44	   1	   9	  51	  52	  53	  54	  55
  37	  44	  53	  60	   1	   9	  56	  57	  58	  59	  60
  53	  60	   5	  12	   1	   9	  61	  62	  63	  64	  65
  53	  60	  21	  28	   1	   9	  66	  67	  68	  69	  70
  53	  60	  37	  44	   1	   9	  71	  72	  73	  74	  75
  53	  60	  53	  60	   1	   9	  76	  77	  78	  79	  80
   4	   4	   1	  64	   0	   0	  81	   0	   0	   0	   0
  13	  13	   1	  64	   0	   0	  82	   0	   0	   0	   0
   5	  12	  13	  20	   0	   0	  83	   0	   0	   0	   0
   5	  12	   1	   4	   0	   0	  84	   0	   0	   0	   0
   5	  12	  29	  36	   0	   0	  85	   0	   0	   0	   0
   5	  12	  45	  52	   0	   0	  86	   0	   0	   0	   0
   5	  12	  61	  64	   0	   0	  87	   0	   0	   0	   0
  20	  20	   1	  64	   0	   0	  88	   0	   0	   0	   0
  29	  29	   1	  64	   0	   0	  89	   0	   0	   0	   0
  21	  28	  13	  20	   0	   0	  90	   0	   0	   0	   0
  21	  28	   1	   4	   0	   0	  91	   0	   0	   0	   0
  21	  28	  29	  36	   0	   0	  92	   0	   0	   0	   0
  21	  28	  45	  52	   0	   0	  93	   0	   0	   0	   0
  21	  28	  61	  64	   0	   0	  94	   0	   0	   0	   0
  36	  36	   1	  64	   0	   0	  95	   0	   0	   0	   0
  45	  45	   1	  64	   0	   0	  96	   0	   0	   0	   0
  37	  44	  13	  20	   0	   0	  97	   0	   0	   0	   0
  37	  44	   1	   4	   0	   0	  98	   0	   0	   0	   0
  37	  44	  29	  36	   0	   0	  99	   0	   0	   0	   0
  37	  44	  45	  52	   0	   0	 100	   0	   0	   0	   0
  37	  44	  61	  64	   0	   0	 101	   0	   0	   0	   0
  52	  52	   1	  64	   0	   0	 102	   0	   0	   0	   0
  61	  61	   1	  64	   0	   0	 103	   0	   0	   0	   0
  53	  60	  13	  20	   0	   0	 104	   0	   0	   0	   0
  53	  60	   1	   4	   0	   0	 105	   0	   0	   0	   0
  53	  60	  29	  36	   0	   0	 106	   0	   0	   0	   0
  53	  60	  45	  52	   0	   0	 107	   0	   0	   0	   0
  53	  60	  61	  64	   0	   0	 108	   0	   0	   0	   0
   1	   3	   1	  64	   0	   0	 109	   0	   0	   0	   0
  14	  19	   1	  64	   0	   0	 110	   0	   0	   0	   0
  30	  35	   1	  64	   0	   0	 111	   0	   0	   0	   0
  46	  51	   1	  64	   0	   0	 112	   0	   0	   0	   0
  62	  64	   1	  64	   0	   0	 113	   0	   0	   0	   0
