#   or     wl    blk    bld
     1      1      1      1
     2      1      1      1
     3      1      1      1
     4      1      1      1
     5      1      1      1
     1      1      2      2
     2      1      2      2
     3      1      2      2
     4      1      2      2
     5      1      2      2
     1      1      3      3
     2      1      3      3
     3      1      3      3
     4      1      3      3
     5      1      3      3
     1      1      4      4
     2      1      4      4
     3      1      4      4
     4      1      4      4
     5      1      4      4
     1      1      5      5
     2      1      5      5
     3      1      5      5
     4      1      5      5
     5      1      5      5
     1      1      6      6
     2      1      6      6
     3      1      6      6
     4      1      6      6
     5      1      6      6
     1      1      7      7
     2      1      7      7
     3      1      7      7
     4      1      7      7
     5      1      7      7
     1      1      8      8
     2      1      8      8
     3      1      8      8
     4      1      8      8
     5      1      8      8
     1      1      9      9
     2      1      9      9
     3      1      9      9
     4      1      9      9
     5      1      9      9
     1      1     10     10
     2      1     10     10
     3      1     10     10
     4      1     10     10
     5      1     10     10
     1      1     11     11
     2      1     11     11
     3      1     11     11
     4      1     11     11
     5      1     11     11
     1      1     12     12
     2      1     12     12
     3      1     12     12
     4      1     12     12
     5      1     12     12
     1      1     13     13
     2      1     13     13
     3      1     13     13
     4      1     13     13
     5      1     13     13
     1      1     14     14
     2      1     14     14
     3      1     14     14
     4      1     14     14
     5      1     14     14
     1      1     15     15
     2      1     15     15
     3      1     15     15
     4      1     15     15
     5      1     15     15
     1      1     16     16
     2      1     16     16
     3      1     16     16
     4      1     16     16
     5      1     16     16
     1      1     17     17
     2      1     17     17
     3      1     17     17
     4      1     17     17
     5      1     17     17
     1      1     18     18
     2      1     18     18
     3      1     18     18
     4      1     18     18
     5      1     18     18
     1      1     19     19
     2      1     19     19
     3      1     19     19
     4      1     19     19
     5      1     19     19
     1      1     20     20
     2      1     20     20
     3      1     20     20
     4      1     20     20
     5      1     20     20
     1      1     21     21
     2      1     21     21
     3      1     21     21
     4      1     21     21
     5      1     21     21
     1      1     22     22
     2      1     22     22
     3      1     22     22
     4      1     22     22
     5      1     22     22
     1      1     23     23
     2      1     23     23
     3      1     23     23
     4      1     23     23
     5      1     23     23
     1      1     24     24
     2      1     24     24
     3      1     24     24
     4      1     24     24
     5      1     24     24
     1      1     25     25
     2      1     25     25
     3      1     25     25
     4      1     25     25
     5      1     25     25
     1      1     26     26
     2      1     26     26
     3      1     26     26
     4      1     26     26
     5      1     26     26
     1      1     27     27
     2      1     27     27
     3      1     27     27
     4      1     27     27
     5      1     27     27
     1      1     28     28
     2      1     28     28
     3      1     28     28
     4      1     28     28
     5      1     28     28
     1      1     29     29
     2      1     29     29
     3      1     29     29
     4      1     29     29
     5      1     29     29
     1      1     30     30
     2      1     30     30
     3      1     30     30
     4      1     30     30
     5      1     30     30
     1      1     31     31
     2      1     31     31
     3      1     31     31
     4      1     31     31
     5      1     31     31
     1      1     32     32
     2      1     32     32
     3      1     32     32
     4      1     32     32
     5      1     32     32
     1      1     33     33
     2      1     33     33
     3      1     33     33
     4      1     33     33
     5      1     33     33
     1      1     34     34
     2      1     34     34
     3      1     34     34
     4      1     34     34
     5      1     34     34
     1      1     35     35
     2      1     35     35
     3      1     35     35
     4      1     35     35
     5      1     35     35
     1      1     36     36
     2      1     36     36
     3      1     36     36
     4      1     36     36
     5      1     36     36
     1      1     37     37
     2      1     37     37
     3      1     37     37
     4      1     37     37
     5      1     37     37
     1      1     38     38
     2      1     38     38
     3      1     38     38
     4      1     38     38
     5      1     38     38
     1      1     39     39
     2      1     39     39
     3      1     39     39
     4      1     39     39
     5      1     39     39
     1      1     40     40
     2      1     40     40
     3      1     40     40
     4      1     40     40
     5      1     40     40
     1      1     41     41
     2      1     41     41
     3      1     41     41
     4      1     41     41
     5      1     41     41
     1      1     42     42
     2      1     42     42
     3      1     42     42
     4      1     42     42
     5      1     42     42
     1      1     43     43
     2      1     43     43
     3      1     43     43
     4      1     43     43
     5      1     43     43
     1      1     44     44
     2      1     44     44
     3      1     44     44
     4      1     44     44
     5      1     44     44
     1      1     45     45
     2      1     45     45
     3      1     45     45
     4      1     45     45
     5      1     45     45
     1      1     46     46
     2      1     46     46
     3      1     46     46
     4      1     46     46
     5      1     46     46
     1      1     47     47
     2      1     47     47
     3      1     47     47
     4      1     47     47
     5      1     47     47
     1      1     48     48
     2      1     48     48
     3      1     48     48
     4      1     48     48
     5      1     48     48
     1      1     49     49
     2      1     49     49
     3      1     49     49
     4      1     49     49
     5      1     49     49
     1      1     50     50
     2      1     50     50
     3      1     50     50
     4      1     50     50
     5      1     50     50
     1      1     51     51
     2      1     51     51
     3      1     51     51
     4      1     51     51
     5      1     51     51
     1      1     52     52
     2      1     52     52
     3      1     52     52
     4      1     52     52
     5      1     52     52
     1      1     53     53
     2      1     53     53
     3      1     53     53
     4      1     53     53
     5      1     53     53
     1      1     54     54
     2      1     54     54
     3      1     54     54
     4      1     54     54
     5      1     54     54
     1      1     55     55
     2      1     55     55
     3      1     55     55
     4      1     55     55
     5      1     55     55
     1      1     56     56
     2      1     56     56
     3      1     56     56
     4      1     56     56
     5      1     56     56
     1      1     57     57
     2      1     57     57
     3      1     57     57
     4      1     57     57
     5      1     57     57
     1      1     58     58
     2      1     58     58
     3      1     58     58
     4      1     58     58
     5      1     58     58
     1      1     59     59
     2      1     59     59
     3      1     59     59
     4      1     59     59
     5      1     59     59
     1      1     60     60
     2      1     60     60
     3      1     60     60
     4      1     60     60
     5      1     60     60
     1      1     61     61
     2      1     61     61
     3      1     61     61
     4      1     61     61
     5      1     61     61
     1      1     62     62
     2      1     62     62
     3      1     62     62
     4      1     62     62
     5      1     62     62
     1      1     63     63
     2      1     63     63
     3      1     63     63
     4      1     63     63
     5      1     63     63
     1      1     64     64
     2      1     64     64
     3      1     64     64
     4      1     64     64
     5      1     64     64
     1     -1     65     -1
     1     -1     66     -1
     1     -1     67     -1
     1     -1     68     -1
     1     -1     69     -1
     1     -1     70     -1
     1     -1     71     -1
     1     -1     72     -1
     1     -1     73     -1
     1     -1     74     -1
     1     -1     75     -1
     1     -1     76     -1
     1     -1     77     -1
     1     -1     78     -1
     1     -1     79     -1
     1     -1     80     -1
     1     -1     81     -1
     1     -1     82     -1
     1     -1     83     -1
     1     -1     84     -1
     1     -1     85     -1
     1     -1     86     -1
     1     -1     87     -1
     1     -1     88     -1
     1     -1     89     -1
     1     -1     90     -1
     1     -1     91     -1
     1     -1     92     -1
     1     -1     93     -1
     1     -1     94     -1
     1     -1     95     -1
     1     -1     96     -1
     1     -1     97     -1
     1     -1     98     -1
     1     -1     99     -1
     1     -1    100     -1
     1     -1    101     -1
     1     -1    102     -1
     1     -1    103     -1
     1     -1    104     -1
     1     -1    105     -1
     1     -1    106     -1
     1     -1    107     -1
     1     -1    108     -1
     1     -1    109     -1
     1     -1    110     -1
     1     -1    111     -1
     1     -1    112     -1
     1     -1    113     -1
     1     -1    114     -1
     1     -1    115     -1
     1     -1    116     -1
     1     -1    117     -1
     1     -1    118     -1
     1     -1    119     -1
     1     -1    120     -1
     1     -1    121     -1
     1     -1    122     -1
     1     -1    123     -1
     1     -1    124     -1
     1     -1    125     -1
     1     -1    126     -1
     1     -1    127     -1
     1     -1    128     -1
     1     -1    129     -1
     1     -1    130     -1
     1     -1    131     -1
     1     -1    132     -1
     1     -1    133     -1
     1     -1    134     -1
     1     -1    135     -1
     1     -1    136     -1
     1     -1    137     -1
     1     -1    138     -1
     1     -1    139     -1
     1     -1    140     -1
     1     -1    141     -1
     1     -1    142     -1
     1     -1    143     -1
     1     -1    144     -1
     1     -1    145     -1
     1     -1    146     -1
     1     -1    147     -1
     1     -1    148     -1
     1     -1    149     -1
     1     -1    150     -1
     1     -1    151     -1
     1     -1    152     -1
     1     -1    153     -1
     1     -1    154     -1
     1     -1    155     -1
     1     -1    156     -1
     1     -1    157     -1
     1     -1    158     -1
     1     -1    159     -1
     1     -1    160     -1
     1     -1    161     -1
