    330.000  34
    7.09261E-02    218.000    4.32191E-07    6.93440E-07  0
   0.131720    231.000    4.19289E-07    9.23243E-07  0
   0.253308    245.000    4.24899E-07    1.27890E-06  0
   0.486350    260.000    4.12278E-07    1.70380E-06  0
   0.952436    276.000    4.59606E-07    2.60040E-06  0
    1.76302    270.000    4.38849E-07    4.05764E-06  0
    3.33353    258.000    4.08538E-07    6.29702E-06  0
    6.52520    245.000    3.84971E-07    6.78494E-06  0
    13.1720    234.000    3.57941E-07    6.76637E-06  0
    27.6612    224.000    3.69835E-06    6.45060E-06  0
    32.2207    223.000    3.66955E-06    5.84206E-06  0
    37.5908    222.000    3.78973E-06    5.48301E-06  0
    43.6702    220.000    3.69566E-06    4.83796E-06  0
    50.9655    219.000    3.70910E-06    4.14682E-06  0
    59.4766    218.000    3.69444E-06    3.32304E-06  0
    69.5076    217.000    3.70354E-06    2.66922E-06  0
    81.2610    216.000    3.71384E-06    1.99210E-06  0
    95.0410    216.000    3.76013E-06    1.46976E-06  0
    111.050    216.000    3.72031E-06    1.08660E-06  0
    129.997    216.000    3.58904E-06    8.09878E-07  0
    152.998    216.000    3.74612E-06    6.77690E-07  0
    179.038    216.000    5.42635E-06    4.90333E-07  0
    209.029    222.000    1.86031E-05    3.45568E-07  0
    243.074    229.000    5.65073E-05    2.83827E-07  0
    281.070    235.000    1.46736E-04    2.05385E-07  0
    324.031    242.000    2.40877E-04    1.75554E-07  0
    372.058    248.000    3.81227E-04    1.43414E-07  0
    426.063    255.000    5.95317E-04    1.20347E-07  0
    487.161    261.000    8.91472E-04    1.01004E-07  0
    554.135    267.000    1.32547E-03    8.74808E-08  0
    628.101    275.000    2.25771E-03    7.64516E-08  0
    710.173    282.000    3.64708E-03    6.59238E-08  0
    802.377    292.000    5.74660E-03    5.89395E-08  0
    902.180    300.000    8.21040E-03    5.29703E-08  0
    1013.23    310.000    1.23597E-02    5.29703E-08  0
