# #large scale forcing
# height     ug         vg         wfls       dqtdxls    dqtqyls    dqtdtls    dthlrad       
     12.500      2.500      0.000      0.000      0.000      0.000      0.000      0.000
     37.500      2.500      0.000      0.000      0.000      0.000      0.000      0.000
     62.500      2.500      0.000      0.000      0.000      0.000      0.000      0.000
     87.500      2.500      0.000      0.000      0.000      0.000      0.000      0.000
    112.500      2.500      0.000      0.000      0.000      0.000      0.000      0.000
    137.500      2.500      0.000      0.000      0.000      0.000      0.000      0.000
    162.500      2.500      0.000      0.000      0.000      0.000      0.000      0.000
    187.500      2.500      0.000      0.000      0.000      0.000      0.000      0.000
    212.500      2.500      0.000      0.000      0.000      0.000      0.000      0.000
    237.500      2.500      0.000      0.000      0.000      0.000      0.000      0.000
    262.500      2.500      0.000      0.000      0.000      0.000      0.000      0.000
    287.500      2.500      0.000      0.000      0.000      0.000      0.000      0.000
    312.500      2.500      0.000      0.000      0.000      0.000      0.000      0.000
    337.500      2.500      0.000      0.000      0.000      0.000      0.000      0.000
    362.500      2.500      0.000      0.000      0.000      0.000      0.000      0.000
    387.500      2.500      0.000      0.000      0.000      0.000      0.000      0.000
    412.500      2.500      0.000      0.000      0.000      0.000      0.000      0.000
    437.500      2.500      0.000      0.000      0.000      0.000      0.000      0.000
    462.500      2.500      0.000      0.000      0.000      0.000      0.000      0.000
    487.500      2.500      0.000      0.000      0.000      0.000      0.000      0.000
    512.500      2.500      0.000      0.000      0.000      0.000      0.000      0.000
    537.500      2.500      0.000      0.000      0.000      0.000      0.000      0.000
    562.500      2.500      0.000      0.000      0.000      0.000      0.000      0.000
    587.500      2.500      0.000      0.000      0.000      0.000      0.000      0.000
    612.500      2.500      0.000      0.000      0.000      0.000      0.000      0.000
    637.500      2.500      0.000      0.000      0.000      0.000      0.000      0.000
    662.500      2.500      0.000      0.000      0.000      0.000      0.000      0.000
    687.500      2.500      0.000      0.000      0.000      0.000      0.000      0.000
    712.500      2.500      0.000      0.000      0.000      0.000      0.000      0.000
    737.500      2.500      0.000      0.000      0.000      0.000      0.000      0.000
    762.500      2.500      0.000      0.000      0.000      0.000      0.000      0.000
    787.500      2.500      0.000      0.000      0.000      0.000      0.000      0.000
    812.500      2.500      0.000      0.000      0.000      0.000      0.000      0.000
    837.500      2.500      0.000      0.000      0.000      0.000      0.000      0.000
    862.500      2.500      0.000      0.000      0.000      0.000      0.000      0.000
    887.500      2.500      0.000      0.000      0.000      0.000      0.000      0.000
    912.500      2.500      0.000      0.000      0.000      0.000      0.000      0.000
    937.500      2.500      0.000      0.000      0.000      0.000      0.000      0.000
    962.500      2.500      0.000      0.000      0.000      0.000      0.000      0.000
    987.500      2.500      0.000      0.000      0.000      0.000      0.000      0.000
   1012.500      2.500      0.000      0.000      0.000      0.000      0.000      0.000
   1037.500      2.500      0.000      0.000      0.000      0.000      0.000      0.000
   1062.500      2.500      0.000      0.000      0.000      0.000      0.000      0.000
   1087.500      2.500      0.000      0.000      0.000      0.000      0.000      0.000
   1112.500      2.500      0.000      0.000      0.000      0.000      0.000      0.000
   1137.500      2.500      0.000      0.000      0.000      0.000      0.000      0.000
   1162.500      2.500      0.000      0.000      0.000      0.000      0.000      0.000
   1187.500      2.500      0.000      0.000      0.000      0.000      0.000      0.000
   1212.500      2.500      0.000      0.000      0.000      0.000      0.000      0.000
   1237.500      2.500      0.000      0.000      0.000      0.000      0.000      0.000
   1262.500      2.500      0.000      0.000      0.000      0.000      0.000      0.000
   1287.500      2.500      0.000      0.000      0.000      0.000      0.000      0.000
   1312.500      2.500      0.000      0.000      0.000      0.000      0.000      0.000
   1337.500      2.500      0.000      0.000      0.000      0.000      0.000      0.000
   1362.500      2.500      0.000      0.000      0.000      0.000      0.000      0.000
   1387.500      2.500      0.000      0.000      0.000      0.000      0.000      0.000
   1412.500      2.500      0.000      0.000      0.000      0.000      0.000      0.000
   1437.500      2.500      0.000      0.000      0.000      0.000      0.000      0.000
   1462.500      2.500      0.000      0.000      0.000      0.000      0.000      0.000
   1487.500      2.500      0.000      0.000      0.000      0.000      0.000      0.000
   1512.500      2.500      0.000      0.000      0.000      0.000      0.000      0.000
   1537.500      2.500      0.000      0.000      0.000      0.000      0.000      0.000
   1562.500      2.500      0.000      0.000      0.000      0.000      0.000      0.000
   1587.500      2.500      0.000      0.000      0.000      0.000      0.000      0.000
   1612.500      2.500      0.000      0.000      0.000      0.000      0.000      0.000
   1637.500      2.500      0.000      0.000      0.000      0.000      0.000      0.000
   1662.500      2.500      0.000      0.000      0.000      0.000      0.000      0.000
   1687.500      2.500      0.000      0.000      0.000      0.000      0.000      0.000
   1712.500      2.500      0.000      0.000      0.000      0.000      0.000      0.000
   1737.500      2.500      0.000      0.000      0.000      0.000      0.000      0.000
   1762.500      2.500      0.000      0.000      0.000      0.000      0.000      0.000
   1787.500      2.500      0.000      0.000      0.000      0.000      0.000      0.000
   1812.500      2.500      0.000      0.000      0.000      0.000      0.000      0.000
   1837.500      2.500      0.000      0.000      0.000      0.000      0.000      0.000
   1862.500      2.500      0.000      0.000      0.000      0.000      0.000      0.000
   1887.500      2.500      0.000      0.000      0.000      0.000      0.000      0.000
   1912.500      2.500      0.000      0.000      0.000      0.000      0.000      0.000
   1937.500      2.500      0.000      0.000      0.000      0.000      0.000      0.000
   1962.500      2.500      0.000      0.000      0.000      0.000      0.000      0.000
   1987.500      2.500      0.000      0.000      0.000      0.000      0.000      0.000
   2012.500      2.500      0.000      0.000      0.000      0.000      0.000      0.000
   2037.500      2.500      0.000      0.000      0.000      0.000      0.000      0.000
   2062.500      2.500      0.000      0.000      0.000      0.000      0.000      0.000
   2087.500      2.500      0.000      0.000      0.000      0.000      0.000      0.000
   2112.500      2.500      0.000      0.000      0.000      0.000      0.000      0.000
   2137.500      2.500      0.000      0.000      0.000      0.000      0.000      0.000
   2162.500      2.500      0.000      0.000      0.000      0.000      0.000      0.000
   2187.500      2.500      0.000      0.000      0.000      0.000      0.000      0.000
   2212.500      2.500      0.000      0.000      0.000      0.000      0.000      0.000
   2237.500      2.500      0.000      0.000      0.000      0.000      0.000      0.000
   2262.500      2.500      0.000      0.000      0.000      0.000      0.000      0.000
   2287.500      2.500      0.000      0.000      0.000      0.000      0.000      0.000
   2312.500      2.500      0.000      0.000      0.000      0.000      0.000      0.000
   2337.500      2.500      0.000      0.000      0.000      0.000      0.000      0.000
   2362.500      2.500      0.000      0.000      0.000      0.000      0.000      0.000
   2387.500      2.500      0.000      0.000      0.000      0.000      0.000      0.000
