100   
3600 500 500 500
3600 500 510 500
3600 500 520 500
3600 500 530 500
3600 500 540 500
3600 500 550 500
3600 500 560 500
3600 500 570 500
3600 500 580 500
3600 500 590 500
3600 500 600 500
3600 500 610 500
3600 500 620 500
3600 500 630 500
3600 500 640 500
3600 500 650 500
3600 500 660 500
3600 500 670 500
3600 500 680 500
3600 500 690 500
3600 500 700 500
3600 500 710 500
3600 500 720 500
3600 500 730 500
3600 500 740 500
3600 500 750 500
3600 500 760 500
3600 500 770 500
3600 500 780 500
3600 500 790 500
3600 500 800 500
3600 500 810 500
3600 500 820 500
3600 500 830 500
3600 500 840 500
3600 500 850 500
3600 500 860 500
3600 500 870 500
3600 500 880 500
3600 500 890 500
3600 500 900 500
3600 500 910 500
3600 500 920 500
3600 500 930 500
3600 500 940 500
3600 500 950 500
3600 500 960 500
3600 500 970 500
3600 500 980 500
3600 500 990 500
3600 500 1000 500
3600 500 1010 500
3600 500 1020 500
3600 500 1030 500
3600 500 1040 500
3600 500 1050 500
3600 500 1060 500
3600 500 1070 500
3600 500 1080 500
3600 500 1090 500
3600 500 1100 500
3600 500 1110 500
3600 500 1120 500
3600 500 1130 500
3600 500 1140 500
3600 500 1150 500
3600 500 1160 500
3600 500 1170 500
3600 500 1180 500
3600 500 1190 500
3600 500 1200 500
3600 500 1210 500
3600 500 1220 500
3600 500 1230 500
3600 500 1240 500
3600 500 1250 500
3600 500 1260 500
3600 500 1270 500
3600 500 1280 500
3600 500 1290 500
3600 500 1300 500
3600 500 1310 500
3600 500 1320 500
3600 500 1330 500
3600 500 1340 500
3600 500 1350 500
3600 500 1360 500
3600 500 1370 500
3600 500 1380 500
3600 500 1390 500
3600 500 1400 500
3600 500 1410 500
3600 500 1420 500
3600 500 1430 500
3600 500 1440 500
3600 500 1450 500
3600 500 1460 500
3600 500 1470 500
3600 500 1480 500
3600 500 1490 500
