#   or     wl    blk    bld
     1      1      1      3
     2      1      1      3
     5      1      1      3
     1      1      2      2
     2      1      2      2
     5      1      2      2
     1      1      3      2
     2      1      3      2
     5      1      3      2
     1      1      4      3
     2      1      4      3
     5      1      4      3
     1      1      5      3
     2      1      5      3
     5      1      5      3
     1      1      6      3
     2      1      6      3
     1      1      7      3
     5      1      7      3
     1      1      8      3
     3      1      8      3
     5      1      8      3
     1      1      9      2
     2      1      9      2
     5      1      9      2
     1      1     10      3
     5      1     10      3
     1      1     11      3
     5      1     11      3
     1      1     12      3
     3      1     12      3
     4      1     12      3
     1      1     13      3
     5      1     13      3
     1      1     14      3
     2      1     14      3
     5      1     14      3
     1      1     15      2
     5      1     15      2
     1      1     16      2
     2      1     16      2
     1      1     17      2
     1      1     18      2
     5      1     18      2
     1      1     19      3
     5      1     19      3
     1      1     20      3
     3      1     20      3
     4      1     20      3
     1      1     21      3
     5      1     21      3
     1      1     22      3
     3      1     22      3
     1      1     23      3
     4      1     23      3
     1      1     24      3
     5      1     24      3
     1      1     25      3
     3      1     25      3
     1      1     26      3
     5      1     26      3
     1      1     27      3
     3      1     27      3
     4      1     27      3
     5      1     27      3
     1      1     28      3
     3      1     28      3
     4      1     28      3
     5      1     28      3
     1      1     29      3
     5      1     29      3
     1      1     30      2
     5      1     30      2
     1      1     31      2
     3      1     31      2
     4      1     31      2
     1      1     32      2
     5      1     32      2
     1      1     33      3
     2      1     33      3
     4      1     33      3
     5      1     33      3
     1      1     34      3
     5      1     34      3
     1      1     35      3
     2      1     35      3
     1      1     36      3
     5      1     36      3
     1      1     37      3
     2      1     37      3
     1      1     38      3
     5      1     38      3
     1      1     39      2
     3      1     39      2
     5      1     39      2
     1      1     40      2
     4      1     40      2
     1      1     41      2
     4      1     41      2
     5      1     41      2
     1      1     42      2
     2      1     42      2
     4      1     42      2
     5      1     42      2
     1      1     43      2
     2      1     43      2
     5      1     43      2
     1      1     44      2
     4      1     44      2
     1      1     45      2
     5      1     45      2
     1      1     46      2
     2      1     46      2
     5      1     46      2
     1      1     47      2
     1      1     48      2
     5      1     48      2
     1      1     49      3
     5      1     49      3
     1      1     50      3
     3      1     50      3
     4      1     50      3
     1      1     51      2
     3      1     51      2
     5      1     51      2
     1      1     52      2
     1      1     53      3
     5      1     53      3
     1      1     54      2
     3      1     54      2
     5      1     54      2
     1      1     55      2
     4      1     55      2
     1      1     56      2
     4      1     56      2
     5      1     56      2
     1      1     57      3
     3      1     57      3
     5      1     57      3
     1      1     58      3
     5      1     58      3
     1      1     59      3
     3      1     59      3
     1      1     60      3
     1      1     61      3
     5      1     61      3
     1      1     62      3
     5      1     62      3
     1      1     63      3
     2      1     63      3
     5      1     63      3
     1      1     64      3
     5      1     64      3
     1      1     65      3
     2      1     65      3
     1      1     66      3
     1      1     67      3
     5      1     67      3
     1      1     68      3
     5      1     68      3
     1      1     69      3
     2      1     69      3
     1      1     70      3
     5      1     70      3
     1      1     71      1
     2      1     71      1
     3      1     71      1
     4      1     71      1
     5      1     71      1
     1      1     72      2
     5      1     72      2
     1      1     73      2
     2      1     73      2
     1      1     74      2
     4      1     74      2
     1      1     75      2
     5      1     75      2
     1      1     76      3
     3      1     76      3
     5      1     76      3
     1      1     77      3
     5      1     77      3
     1      1     78      3
     3      1     78      3
     1      1     79      3
     1      1     80      3
     5      1     80      3
     1      1     81      3
     5      1     81      3
     1      1     82      3
     5      1     82      3
     1      1     83      3
     2      1     83      3
     4      1     83      3
     1      1     84      3
     5      1     84      3
     1      1     85      3
     2      1     85      3
     5      1     85      3
     1      1     86      3
     5      1     86      3
     1      1     87      3
     5      1     87      3
     1      1     88      3
     3      1     88      3
     1      1     89      2
     2      1     89      2
     5      1     89      2
     1      1     90      3
     5      1     90      3
     1      1     91      3
     3      1     91      3
     4      1     91      3
     1      1     92      3
     2      1     92      3
     4      1     92      3
     5      1     92      3
     1      1     93      2
     5      1     93      2
     1      1     94      3
     5      1     94      3
     1      1     95      3
     2      1     95      3
     5      1     95      3
     1      1     96      3
     1      1     97      3
     5      1     97      3
     1      1     98      3
     2      1     98      3
     1      1     99      3
     4      1     99      3
     1      1    100      3
     5      1    100      3
     1      1    101      3
     5      1    101      3
     1      1    102      3
     2      1    102      3
     1      1    103      3
     5      1    103      3
     1      1    104      2
     3      1    104      2
     5      1    104      2
     1      1    105      2
     5      1    105      2
     1      1    106      2
     5      1    106      2
     1      1    107      2
     3      1    107      2
     1      1    108      2
     5      1    108      2
     1      1    109      3
     5      1    109      3
     1      1    110      3
     3      1    110      3
     1      1    111      3
     1      1    112      2
     2      1    112      2
     4      1    112      2
     5      1    112      2
     1      1    113      3
     5      1    113      3
     1      1    114      3
     5      1    114      3
     1      1    115      2
     5      1    115      2
     1      1    116      2
     2      1    116      2
     1      1    117      2
     4      1    117      2
     1      1    118      2
     5      1    118      2
     1      1    119      3
     5      1    119      3
     1      1    120      3
     2      1    120      3
     1      1    121      3
     5      1    121      3
     1      1    122      3
     5      1    122      3
     1      1    123      3
     3      1    123      3
     4      1    123      3
     1      1    124      3
     5      1    124      3
     1      1    125      3
     5      1    125      3
     1      1    126      3
     3      1    126      3
     4      1    126      3
     1      1    127      3
     5      1    127      3
     1      1    128      3
     5      1    128      3
     1      1    129      3
     2      1    129      3
     4      1    129      3
     1      1    130      3
     5      1    130      3
     1      1    131      2
     5      1    131      2
     1      1    132      2
     3      1    132      2
     1      1    133      2
     1      1    134      2
     5      1    134      2
     1      1    135      2
     3      1    135      2
     5      1    135      2
     1      1    136      3
     5      1    136      3
     1      1    137      3
     3      1    137      3
     1      1    138      3
     1      1    139      3
     5      1    139      3
     1      1    140      3
     3      1    140      3
     5      1    140      3
     1      1    141      3
     5      1    141      3
     1      1    142      3
     3      1    142      3
     4      1    142      3
     1      1    143      2
     2      1    143      2
     5      1    143      2
     1      1    144      2
     4      1    144      2
     1      1    145      3
     5      1    145      3
     1      1    146      3
     3      1    146      3
     4      1    146      3
     1      1    147      2
     5      1    147      2
     1      1    148      3
     5      1    148      3
     1      1    149      2
     5      1    149      2
     1      1    150      2
     3      1    150      2
     4      1    150      2
     1      1    151      3
     5      1    151      3
     1      1    152      3
     3      1    152      3
     4      1    152      3
     1      1    153      2
     4      1    153      2
     5      1    153      2
     1      1    154      3
     5      1    154      3
     1      1    155      3
     5      1    155      3
     1      1    156      3
     3      1    156      3
     4      1    156      3
     1      1    157      3
     5      1    157      3
     1      1    158      3
     5      1    158      3
     1      1    159      3
     3      1    159      3
     4      1    159      3
     1      1    160      3
     3      1    160      3
     5      1    160      3
     1      1    161      3
     4      1    161      3
     1      1    162      3
     5      1    162      3
     1      1    163      3
     4      1    163      3
     5      1    163      3
     1      1    164      3
     3      1    164      3
     5      1    164      3
     1      1    165      3
     3      1    165      3
     4      1    165      3
     1      1    166      3
     5      1    166      3
     1      1    167      3
     5      1    167      3
     1      1    168      3
     3      1    168      3
     4      1    168      3
     1      1    169      2
     2      1    169      2
     5      1    169      2
     1      1    170      2
     4      1    170      2
     1      1    171      3
     5      1    171      3
     1      1    172      2
     5      1    172      2
     1      1    173      3
     5      1    173      3
     1      1    174      3
     3      1    174      3
     4      1    174      3
     1      1    175      3
     5      1    175      3
     1      1    176      2
     5      1    176      2
     1      1    177      2
     2      1    177      2
     1      1    178      2
     1      1    179      2
     5      1    179      2
     1      1    180      3
     5      1    180      3
     1      1    181      3
     3      1    181      3
     4      1    181      3
     1      1    182      3
     5      1    182      3
     1      1    183      2
     5      1    183      2
     1      1    184      2
     3      1    184      2
     1      1    185      2
     1      1    186      3
     5      1    186      3
     1      1    187      3
     2      1    187      3
     4      1    187      3
     1      1    188      2
     3      1    188      2
     5      1    188      2
     1      1    189      2
     3      1    189      2
     5      1    189      2
     1      1    190      3
     5      1    190      3
     1      1    191      3
     2      1    191      3
     1      1    192      3
     4      1    192      3
     1      1    193      3
     3      1    193      3
     5      1    193      3
     1      1    194      3
     3      1    194      3
     1      1    195      2
     2      1    195      2
     4      1    195      2
     1      1    196      3
     4      1    196      3
     1      1    197      3
     4      1    197      3
     1      1    198      3
     2      1    198      3
     4      1    198      3
     1      1    199      3
     2      1    199      3
     1      1    200      2
     1      1    201      2
     4      1    201      2
     1      1    202      2
     4      1    202      2
     1      1    203      2
     1      1    204      2
     4      1    204      2
     1      1    205      3
     3      1    205      3
     1      1    206      3
     2      1    206      3
     1      1    207      2
     3      1    207      2
     1      1    208      2
     1      1    209      2
     1      1    210      3
     4      1    210      3
     1      1    211      3
     4      1    211      3
     1      1    212      2
     1      1    213      2
     4      1    213      2
     1      1    214      2
     1      1    215      2
     3      1    215      2
     1      1    216      2
     4      1    216      2
     1      1    217      2
     1      1    218      2
     1      1    219      2
     4      1    219      2
     1      1    220      3
     3      1    220      3
     1      1    221      3
     4      1    221      3
     1      1    222      3
     1      1    223      3
     4      1    223      3
     1      1    224      3
     1      1    225      3
     1      1    226      2
     4      1    226      2
     1      1    227      3
     4      1    227      3
     1      1    228      3
     1      1    229      3
     1      1    230      2
     1      1    231      2
     4      1    231      2
     1      1    232      2
     3      1    232      2
     1      1    233      3
     1      1    234      3
     3      1    234      3
     1      1    235      3
     1      1    236      3
     2      1    236      3
     4      1    236      3
     1      1    237      3
     4      1    237      3
     1      1    238      3
     1      1    239      3
     1      1    240      3
     1      1    241      2
     1      1    242      3
     2      1    242      3
     1      1    243      2
     1      1    244      2
     4      1    244      2
     1      1    245      2
     4      1    245      2
     1      1    246      3
     1      1    247      3
     1      1    248      3
     1      1    249      2
     1      1    250      2
     1      1    251      2
     2      1    251      2
     4      1    251      2
     1      1    252      3
     1      1    253      2
     4      1    253      2
     1      1    254      2
     4      1    254      2
     1      1    255      2
     3      1    255      2
     4      1    255      2
     1      1    256      2
     1      1    257      2
     2      1    257      2
     1      1    258      3
     3      1    258      3
     1      1    259      3
     1      1    260      3
     2      1    260      3
     4      1    260      3
     1      1    261      2
     1      1    262      2
     3      1    262      2
     4      1    262      2
     1      1    263      3
     3      1    263      3
     1      1    264      3
     1      1    265      3
     3      1    265      3
     1      1    266      3
     2      1    266      3
     1      1    267      2
     4      1    267      2
     1      1    268      2
     4      1    268      2
     1      1    269      2
     2      1    269      2
     4      1    269      2
     1      1    270      2
     1      1    271      3
     1      1    272      3
     4      1    272      3
     1      1    273      3
     1      1    274      3
     1      1    275      3
     1      1    276      2
     1      1    277      3
     1      1    278      3
     4      1    278      3
     1      1    279      3
     4      1    279      3
     1      1    280      3
     1      1    281      3
     4      1    281      3
     1      1    282      3
     3      1    282      3
     1      1    283      2
     1      1    284      2
     2      1    284      2
     1      1    285      3
     3      1    285      3
     4      1    285      3
     1      1    286      3
     1      1    287      3
     1      1    288      3
     2      1    288      3
     1      1    289      3
     3      1    289      3
     1      1    290      3
     1      1    291      2
     4      1    291      2
     1      1    292      3
     1      1    293      3
     2      1    293      3
     1      1    294      3
     4      1    294      3
     1      1    295      3
     4      1    295      3
     1      1    296      3
     1      1    297      3
     3      1    297      3
     1      1    298      3
     1      1    299      3
     1      1    300      3
     4      1    300      3
     1      1    301      3
     1      1    302      3
     1      1    303      3
     4      1    303      3
     1      1    304      3
     4      1    304      3
     1      1    305      3
     1      1    306      3
     2      1    306      3
     1      1    307      3
     1      1    308      3
     1      1    309      3
     1      1    310      3
     1      1    311      3
     2      1    311      3
     1      1    312      2
     4      1    312      2
     1      1    313      2
     1      1    314      3
     1      1    315      3
     3      1    315      3
     1      1    316      2
     4      1    316      2
     1      1    317      2
     4      1    317      2
     1      1    318      2
     3      1    318      2
     4      1    318      2
     1      1    319      3
     4      1    319      3
     1      1    320      3
     4      1    320      3
     1      1    321      3
     2      1    321      3
     4      1    321      3
     1      1    322      3
     1      1    323      3
     4      1    323      3
     1      1    324      3
     3      1    324      3
     4      1    324      3
     1      1    325      2
     4      1    325      2
     1      1    326      2
     4      1    326      2
     1      1    327      2
     4      1    327      2
     1      1    328      2
     3      1    328      2
     4      1    328      2
     1      1    329      3
     1      1    330      3
     1      1    331      3
     4      1    331      3
     1      1    332      3
     1      1    333      3
     3      1    333      3
     1      1    334      3
     4      1    334      3
     1      1    335      3
     4      1    335      3
     1      1    336      3
     4      1    336      3
     1      1    337      3
     4      1    337      3
     1      1    338      3
     1      1    339      3
     2      1    339      3
     1      1    340      3
     1      1    341      3
     4      1    341      3
     1      1    342      3
     1      1    343      3
     1      1    344      3
     4      1    344      3
     1      1    345      3
     4      1    345      3
     1      1    346      3
     1      1    347      3
     1      1    348      3
     1      1    349      3
     2      1    349      3
     1      1    350      3
     4      1    350      3
     1      1    351      3
     1      1    352      3
     1      1    353      3
     2      1    353      3
     1      1    354      3
     2      1    354      3
     1      1    355      3
     3      1    355      3
     1      1    356      3
     1      1    357      3
     4      1    357      3
     1      1    358      3
     4      1    358      3
     1      1    359      3
     4      1    359      3
     1      1    360      3
     4      1    360      3
     1      1    361      3
     4      1    361      3
     1      1    362      3
     4      1    362      3
     1      1    363      3
     4      1    363      3
     1      1    364      3
     4      1    364      3
     1      1    365      3
     4      1    365      3
     1      1    366      3
     4      1    366      3
     1      1    367      3
     4      1    367      3
     1      1    368      3
     4      1    368      3
     1      1    369      3
     1      1    370      3
     1      1    371      3
     1      1    372      3
     1      1    373      3
     1      1    374      3
     2      1    374      3
     1      1    375      3
     1      1    376      3
     1      1    377      3
     2      1    377      3
     1      1    378      3
     4      1    378      3
     1      1    379      3
     1      1    380      3
     1      1    381      3
     1      1    382      3
     2      1    382      3
     1      1    383      3
     4      1    383      3
     1      1    384      3
     2      1    384      3
     4      1    384      3
     1      1    385      3
     4      1    385      3
     1      1    386      3
     1      1    387      3
     1      1    388      3
     2      1    388      3
     1      1    389      3
     4      1    389      3
     1      1    390      3
     4      1    390      3
     1      1    391      3
     3      1    391      3
     4      1    391      3
     1      1    392      3
     1      1    393      3
     2      1    393      3
     1      1    394      3
     4      1    394      3
     1      1    395      3
     1      1    396      3
     2      1    396      3
     1      1    397      3
     1      1    398      3
     2      1    398      3
     1      1    399      3
     1      1    400      3
     1      1    401      3
     4      1    401      3
     1      1    402      3
     1      1    403      3
     1      1    404      3
     2      1    404      3
     1      1    405      3
     4      1    405      3
     1      1    406      3
     1      1    407      3
     1      1    408      3
     2      1    408      3
     3   -101      1   -101
     3   -101      2   -101
     3   -101      3   -101
     3   -101      4   -101
     3   -101      5   -101
     3   -101      6   -101
     3   -101      7   -101
     3   -101      8   -101
     3   -101      9   -101
     3   -101     10   -101
     3   -101     11   -101
     3   -101     12   -101
     3   -101     13   -101
     3   -101     14   -101
     3   -101     15   -101
     3   -101     16   -101
     3   -101     17   -101
     3   -101     18   -101
     3   -101     19   -101
     3   -101     20   -101
     3   -101     21   -101
     3   -101     22   -101
     3   -101     23   -101
     3   -101     24   -101
     3   -101     25   -101
     3   -101     26   -101
     3   -101     27   -101
     3   -101     28   -101
     3   -101     29   -101
     3   -101     30   -101
     3   -101     31   -101
     3   -101     32   -101
     3   -101     33   -101
     3   -101     34   -101
     3   -101     35   -101
     3   -101     36   -101
     3   -101     37   -101
     3   -101     38   -101
     3   -101     39   -101
     3   -101     40   -101
     3   -101     41   -101
     3   -101     42   -101
     3   -101     43   -101
     3   -101     44   -101
     3   -101     45   -101
     3   -101     46   -101
     3   -101     47   -101
     3   -101     48   -101
     3   -101     49   -101
     3   -101     50   -101
     3   -101     51   -101
     3   -101     52   -101
     2   -101     53   -101
     2   -101     54   -101
     2   -101     55   -101
     2   -101     56   -101
     2   -101     57   -101
     2   -101     58   -101
     2   -101     59   -101
     2   -101     60   -101
     2   -101     61   -101
     2   -101     62   -101
     2   -101     63   -101
     2   -101     64   -101
     2   -101     65   -101
     2   -101     66   -101
     2   -101     67   -101
     2   -101     68   -101
     2   -101     69   -101
     2   -101     70   -101
     2   -101     71   -101
     2   -101     72   -101
     2   -101     73   -101
     2   -101     74   -101
     2   -101     75   -101
     2   -101     76   -101
     2   -101     77   -101
     2   -101     78   -101
     2   -101     79   -101
     2   -101     80   -101
     2   -101     81   -101
     2   -101     82   -101
     2   -101     83   -101
     2   -101     84   -101
     2   -101     85   -101
     2   -101     86   -101
     2   -101     87   -101
     2   -101     88   -101
     2   -101     89   -101
     2   -101     90   -101
     2   -101     91   -101
     2   -101     92   -101
     2   -101     93   -101
     2   -101     94   -101
     2   -101     95   -101
     2   -101     96   -101
     2   -101     97   -101
     2   -101     98   -101
     2   -101     99   -101
     2   -101    100   -101
     2   -101    101   -101
     2   -101    102   -101
     2   -101    103   -101
     2   -101    104   -101
     5   -101    105   -101
     5   -101    106   -101
     5   -101    107   -101
     5   -101    108   -101
     5   -101    109   -101
     5   -101    110   -101
     5   -101    111   -101
     5   -101    112   -101
     5   -101    113   -101
     5   -101    114   -101
     5   -101    115   -101
     5   -101    116   -101
     5   -101    117   -101
     5   -101    118   -101
     5   -101    119   -101
     5   -101    120   -101
     5   -101    121   -101
     5   -101    122   -101
     5   -101    123   -101
     5   -101    124   -101
     5   -101    125   -101
     5   -101    126   -101
     5   -101    127   -101
     5   -101    128   -101
     5   -101    129   -101
     5   -101    130   -101
     5   -101    131   -101
     5   -101    132   -101
     5   -101    133   -101
     5   -101    134   -101
     5   -101    135   -101
     5   -101    136   -101
     5   -101    137   -101
     5   -101    138   -101
     5   -101    139   -101
     5   -101    140   -101
     5   -101    141   -101
     5   -101    142   -101
     5   -101    143   -101
     5   -101    144   -101
     5   -101    145   -101
     5   -101    146   -101
     5   -101    147   -101
     5   -101    148   -101
     5   -101    149   -101
     5   -101    150   -101
     5   -101    151   -101
     5   -101    152   -101
     5   -101    153   -101
     5   -101    154   -101
     5   -101    155   -101
     5   -101    156   -101
     4   -101    157   -101
     4   -101    158   -101
     4   -101    159   -101
     4   -101    160   -101
     4   -101    161   -101
     4   -101    162   -101
     4   -101    163   -101
     4   -101    164   -101
     4   -101    165   -101
     4   -101    166   -101
     4   -101    167   -101
     4   -101    168   -101
     4   -101    169   -101
     4   -101    170   -101
     4   -101    171   -101
     4   -101    172   -101
     4   -101    173   -101
     4   -101    174   -101
     4   -101    175   -101
     4   -101    176   -101
     4   -101    177   -101
     4   -101    178   -101
     4   -101    179   -101
     4   -101    180   -101
     4   -101    181   -101
     4   -101    182   -101
     4   -101    183   -101
     4   -101    184   -101
     4   -101    185   -101
     4   -101    186   -101
     4   -101    187   -101
     4   -101    188   -101
     4   -101    189   -101
     4   -101    190   -101
     4   -101    191   -101
     4   -101    192   -101
     4   -101    193   -101
     4   -101    194   -101
     4   -101    195   -101
     4   -101    196   -101
     4   -101    197   -101
     4   -101    198   -101
     4   -101    199   -101
     4   -101    200   -101
     4   -101    201   -101
     4   -101    202   -101
     4   -101    203   -101
     4   -101    204   -101
     4   -101    205   -101
     4   -101    206   -101
     4   -101    207   -101
     4   -101    208   -101
     1     -1      1     -1
     1     -1      2     -1
     1     -1      3     -1
     1     -1      4     -1
     1     -1      5     -1
     1     -1      6     -1
     1     -1      7     -1
     1     -1      8     -1
     1     -1      9     -1
     1     -1     10     -1
     1     -1     11     -1
     1     -1     12     -1
     1     -1     13     -1
     1     -1     14     -1
     1     -1     15     -1
     1     -1     16     -1
     1     -1     17     -1
     1     -1     18     -1
     1     -1     19     -1
     1     -1     20     -1
     1     -1     21     -1
     1     -1     22     -1
     1     -1     23     -1
     1     -1     24     -1
     1     -1     25     -1
     1     -1     26     -1
     1     -1     27     -1
     1     -1     28     -1
     1     -1     29     -1
     1     -1     30     -1
     1     -1     31     -1
     1     -1     32     -1
     1     -1     33     -1
     1     -1     34     -1
     1     -1     35     -1
     1     -1     36     -1
     1     -1     37     -1
     1     -1     38     -1
     1     -1     39     -1
     1     -1     40     -1
     1     -1     41     -1
     1     -1     42     -1
     1     -1     43     -1
     1     -1     44     -1
     1     -1     45     -1
     1     -1     46     -1
     1     -1     47     -1
     1     -1     48     -1
     1     -1     49     -1
     1     -1     50     -1
     1     -1     51     -1
     1     -1     52     -1
     1     -1     53     -1
     1     -1     54     -1
     1     -1     55     -1
     1     -1     56     -1
     1     -1     57     -1
     1     -1     58     -1
     1     -1     59     -1
     1     -1     60     -1
     1     -1     61     -1
     1     -1     62     -1
     1     -1     63     -1
     1     -1     64     -1
     1     -1     65     -1
     1     -1     66     -1
     1     -1     67     -1
     1     -1     68     -1
     1     -1     69     -1
     1     -1     70     -1
     1     -1     71     -1
     1     -1     72     -1
     1     -1     73     -1
     1     -1     74     -1
     1     -1     75     -1
     1     -1     76     -1
     1     -1     77     -1
     1     -1     78     -1
     1     -1     79     -1
     1     -1     80     -1
     1     -1     81     -1
     1     -1     82     -1
     1     -1     83     -1
     1     -1     84     -1
     1     -1     85     -1
     1     -1     86     -1
     1     -1     87     -1
     1     -1     88     -1
     1     -1     89     -1
     1     -1     90     -1
     1     -1     91     -1
     1     -1     92     -1
     1     -1     93     -1
     1     -1     94     -1
     1     -1     95     -1
     1     -1     96     -1
     1     -1     97     -1
     1     -1     98     -1
     1     -1     99     -1
     1     -1    100     -1
     1     -1    101     -1
     1     -1    102     -1
     1     -1    103     -1
     1     -1    104     -1
     1     -1    105     -1
     1     -1    106     -1
     1     -1    107     -1
     1     -1    108     -1
     1     -1    109     -1
     1     -1    110     -1
     1     -1    111     -1
     1     -1    112     -1
     1     -1    113     -1
     1     -1    114     -1
     1     -1    115     -1
     1     -1    116     -1
     1     -1    117     -1
     1     -1    118     -1
     1     -1    119     -1
     1     -1    120     -1
     1     -1    121     -1
     1     -1    122     -1
     1     -1    123     -1
     1     -1    124     -1
     1     -1    125     -1
     1     -1    126     -1
     1     -1    127     -1
     1     -1    128     -1
     1     -1    129     -1
     1     -1    130     -1
     1     -1    131     -1
     1     -1    132     -1
     1     -1    133     -1
     1     -1    134     -1
     1     -1    135     -1
     1     -1    136     -1
     1     -1    137     -1
     1     -1    138     -1
     1     -1    139     -1
     1     -1    140     -1
     1     -1    141     -1
     1     -1    142     -1
     1     -1    143     -1
     1     -1    144     -1
     1     -1    145     -1
     1     -1    146     -1
     1     -1    147     -1
     1     -1    148     -1
     1     -1    149     -1
     1     -1    150     -1
     1     -1    151     -1
     1     -1    152     -1
     1     -1    153     -1
     1     -1    154     -1
     1     -1    155     -1
     1     -1    156     -1
     1     -1    157     -1
     1     -1    158     -1
     1     -1    159     -1
     1     -1    160     -1
     1     -1    161     -1
     1     -1    162     -1
     1     -1    163     -1
     1     -1    164     -1
     1     -1    165     -1
     1     -1    166     -1
     1     -1    167     -1
     1     -1    168     -1
     1     -1    169     -1
     1     -1    170     -1
     1     -1    171     -1
     1     -1    172     -1
     1     -1    173     -1
     1     -1    174     -1
     1     -1    175     -1
     1     -1    176     -1
     1     -1    177     -1
     1     -1    178     -1
     1     -1    179     -1
     1     -1    180     -1
     1     -1    181     -1
     1     -1    182     -1
     1     -1    183     -1
     1     -1    184     -1
     1     -1    185     -1
     1     -1    186     -1
     1     -1    187     -1
     1     -1    188     -1
     1     -1    189     -1
     1     -1    190     -1
     1     -1    191     -1
     1     -1    192     -1
     1     -1    193     -1
     1     -1    194     -1
     1     -1    195     -1
     1     -1    196     -1
     1     -1    197     -1
     1     -1    198     -1
     1     -1    199     -1
     1     -1    200     -1
     1     -1    201     -1
     1     -1    202     -1
     1     -1    203     -1
     1     -1    204     -1
     1     -1    205     -1
     1     -1    206     -1
     1     -1    207     -1
     1     -1    208     -1
     1     -1    209     -1
     1     -1    210     -1
     1     -1    211     -1
     1     -1    212     -1
     1     -1    213     -1
     1     -1    214     -1
     1     -1    215     -1
     1     -1    216     -1
     1     -1    217     -1
     1     -1    218     -1
     1     -1    219     -1
     1     -1    220     -1
     1     -1    221     -1
     1     -1    222     -1
     1     -1    223     -1
     1     -1    224     -1
     1     -1    225     -1
     1     -1    226     -1
     1     -1    227     -1
     1     -1    228     -1
     1     -1    229     -1
     1     -1    230     -1
     1     -1    231     -1
     1     -1    232     -1
     1     -1    233     -1
     1     -1    234     -1
     1     -1    235     -1
     1     -1    236     -1
     1     -1    237     -1
     1     -1    238     -1
     1     -1    239     -1
     1     -1    240     -1
     1     -1    241     -1
     1     -1    242     -1
     1     -1    243     -1
     1     -1    244     -1
     1     -1    245     -1
     1     -1    246     -1
     1     -1    247     -1
     1     -1    248     -1
     1     -1    249     -1
     1     -1    250     -1
     1     -1    251     -1
     1     -1    252     -1
     1     -1    253     -1
     1     -1    254     -1
     1     -1    255     -1
     1     -1    256     -1
     1     -1    257     -1
     1     -1    258     -1
     1     -1    259     -1
     1     -1    260     -1
     1     -1    261     -1
     1     -1    262     -1
     1     -1    263     -1
     1     -1    264     -1
     1     -1    265     -1
     1     -1    266     -1
     1     -1    267     -1
     1     -1    268     -1
     1     -1    269     -1
     1     -1    270     -1
     1     -1    271     -1
     1     -1    272     -1
     1     -1    273     -1
     1     -1    274     -1
     1     -1    275     -1
     1     -1    276     -1
     1     -1    277     -1
     1     -1    278     -1
     1     -1    279     -1
     1     -1    280     -1
     1     -1    281     -1
     1     -1    282     -1
     1     -1    283     -1
     1     -1    284     -1
     1     -1    285     -1
     1     -1    286     -1
     1     -1    287     -1
     1     -1    288     -1
     1     -1    289     -1
     1     -1    290     -1
     1     -1    291     -1
     1     -1    292     -1
     1     -1    293     -1
     1     -1    294     -1
     1     -1    295     -1
     1     -1    296     -1
     1     -1    297     -1
     1     -1    298     -1
     1     -1    299     -1
     1     -1    300     -1
     1     -1    301     -1
     1     -1    302     -1
     1     -1    303     -1
     1     -1    304     -1
     1     -1    305     -1
     1     -1    306     -1
     1     -1    307     -1
     1     -1    308     -1
     1     -1    309     -1
     1     -1    310     -1
     1     -1    311     -1
     1     -1    312     -1
     1     -1    313     -1
     1     -1    314     -1
     1     -1    315     -1
     1     -1    316     -1
     1     -1    317     -1
     1     -1    318     -1
     1     -1    319     -1
     1     -1    320     -1
     1     -1    321     -1
     1     -1    322     -1
     1     -1    323     -1
     1     -1    324     -1
     1     -1    325     -1
     1     -1    326     -1
     1     -1    327     -1
     1     -1    328     -1
     1     -1    329     -1
     1     -1    330     -1
     1     -1    331     -1
     1     -1    332     -1
     1     -1    333     -1
     1     -1    334     -1
     1     -1    335     -1
     1     -1    336     -1
     1     -1    337     -1
     1     -1    338     -1
     1     -1    339     -1
     1     -1    340     -1
     1     -1    341     -1
     1     -1    342     -1
     1     -1    343     -1
     1     -1    344     -1
     1     -1    345     -1
     1     -1    346     -1
     1     -1    347     -1
     1     -1    348     -1
     1     -1    349     -1
     1     -1    350     -1
     1     -1    351     -1
     1     -1    352     -1
     1     -1    353     -1
     1     -1    354     -1
     1     -1    355     -1
     1     -1    356     -1
     1     -1    357     -1
     1     -1    358     -1
     1     -1    359     -1
     1     -1    360     -1
     1     -1    361     -1
     1     -1    362     -1
     1     -1    363     -1
     1     -1    364     -1
     1     -1    365     -1
     1     -1    366     -1
     1     -1    367     -1
     1     -1    368     -1
     1     -1    369     -1
     1     -1    370     -1
     1     -1    371     -1
     1     -1    372     -1
     1     -1    373     -1
     1     -1    374     -1
     1     -1    375     -1
     1     -1    376     -1
     1     -1    377     -1
     1     -1    378     -1
     1     -1    379     -1
     1     -1    380     -1
     1     -1    381     -1
     1     -1    382     -1
     1     -1    383     -1
     1     -1    384     -1
     1     -1    385     -1
     1     -1    386     -1
     1     -1    387     -1
     1     -1    388     -1
     1     -1    389     -1
     1     -1    390     -1
     1     -1    391     -1
     1     -1    392     -1
     1     -1    393     -1
     1     -1    394     -1
     1     -1    395     -1
     1     -1    396     -1
     1     -1    397     -1
     1     -1    398     -1
     1     -1    399     -1
     1     -1    400     -1
     1     -1    401     -1
     1     -1    402     -1
     1     -1    403     -1
     1     -1    404     -1
     1     -1    405     -1
     1     -1    406     -1
     1     -1    407     -1
     1     -1    408     -1
     1     -1    409     -1
     1     -1    410     -1
     1     -1    411     -1
     1     -1    412     -1
     1     -1    413     -1
     1     -1    414     -1
     1     -1    415     -1
     1     -1    416     -1
     1     -1    417     -1
     1     -1    418     -1
     1     -1    419     -1
     1     -1    420     -1
     1     -1    421     -1
     1     -1    422     -1
     1     -1    423     -1
     1     -1    424     -1
     1     -1    425     -1
     1     -1    426     -1
     1     -1    427     -1
     1     -1    428     -1
     1     -1    429     -1
     1     -1    430     -1
     1     -1    431     -1
     1     -1    432     -1
     1     -1    433     -1
     1     -1    434     -1
     1     -1    435     -1
     1     -1    436     -1
     1     -1    437     -1
     1     -1    438     -1
     1     -1    439     -1
     1     -1    440     -1
     1     -1    441     -1
     1     -1    442     -1
     1     -1    443     -1
     1     -1    444     -1
     1     -1    445     -1
     1     -1    446     -1
     1     -1    447     -1
     1     -1    448     -1
     1     -1    449     -1
     1     -1    450     -1
     1     -1    451     -1
     1     -1    452     -1
     1     -1    453     -1
     1     -1    454     -1
     1     -1    455     -1
     1     -1    456     -1
     1     -1    457     -1
     1     -1    458     -1
     1     -1    459     -1
     1     -1    460     -1
     1     -1    461     -1
     1     -1    462     -1
     1     -1    463     -1
     1     -1    464     -1
     1     -1    465     -1
     1     -1    466     -1
     1     -1    467     -1
     1     -1    468     -1
     1     -1    469     -1
     1     -1    470     -1
     1     -1    471     -1
     1     -1    472     -1
     1     -1    473     -1
     1     -1    474     -1
     1     -1    475     -1
     1     -1    476     -1
     1     -1    477     -1
     1     -1    478     -1
     1     -1    479     -1
     1     -1    480     -1
     1     -1    481     -1
     1     -1    482     -1
     1     -1    483     -1
     1     -1    484     -1
     1     -1    485     -1
     1     -1    486     -1
     1     -1    487     -1
     1     -1    488     -1
     1     -1    489     -1
     1     -1    490     -1
     1     -1    491     -1
     1     -1    492     -1
     1     -1    493     -1
     1     -1    494     -1
     1     -1    495     -1
     1     -1    496     -1
     1     -1    497     -1
     1     -1    498     -1
     1     -1    499     -1
     1     -1    500     -1
     1     -1    501     -1
     1     -1    502     -1
     1     -1    503     -1
     1     -1    504     -1
     1     -1    505     -1
     1     -1    506     -1
     1     -1    507     -1
     1     -1    508     -1
     1     -1    509     -1
     1     -1    510     -1
     1     -1    511     -1
     1     -1    512     -1
     1     -1    513     -1
     1     -1    514     -1
     1     -1    515     -1
     1     -1    516     -1
     1     -1    517     -1
     1     -1    518     -1
     1     -1    519     -1
     1     -1    520     -1
     1     -1    521     -1
     1     -1    522     -1
     1     -1    523     -1
     1     -1    524     -1
     1     -1    525     -1
     1     -1    526     -1
     1     -1    527     -1
     1     -1    528     -1
     1     -1    529     -1
     1     -1    530     -1
     1     -1    531     -1
     1     -1    532     -1
     1     -1    533     -1
     1     -1    534     -1
     1     -1    535     -1
     1     -1    536     -1
     1     -1    537     -1
     1     -1    538     -1
     1     -1    539     -1
     1     -1    540     -1
     1     -1    541     -1
     1     -1    542     -1
     1     -1    543     -1
     1     -1    544     -1
     1     -1    545     -1
     1     -1    546     -1
     1     -1    547     -1
     1     -1    548     -1
     1     -1    549     -1
     1     -1    550     -1
     1     -1    551     -1
     1     -1    552     -1
     1     -1    553     -1
     1     -1    554     -1
     1     -1    555     -1
     1     -1    556     -1
     1     -1    557     -1
     1     -1    558     -1
     1     -1    559     -1
     1     -1    560     -1
     1     -1    561     -1
     1     -1    562     -1
     1     -1    563     -1
     1     -1    564     -1
     1     -1    565     -1
     1     -1    566     -1
     1     -1    567     -1
     1     -1    568     -1
     1     -1    569     -1
     1     -1    570     -1
     1     -1    571     -1
     1     -1    572     -1
     1     -1    573     -1
     1     -1    574     -1
     1     -1    575     -1
     1     -1    576     -1
     1     -1    577     -1
     1     -1    578     -1
     1     -1    579     -1
     1     -1    580     -1
     1     -1    581     -1
     1     -1    582     -1
     1     -1    583     -1
     1     -1    584     -1
     1     -1    585     -1
     1     -1    586     -1
     1     -1    587     -1
     1     -1    588     -1
     1     -1    589     -1
     1     -1    590     -1
     1     -1    591     -1
     1     -1    592     -1
     1     -1    593     -1
     1     -1    594     -1
     1     -1    595     -1
     1     -1    596     -1
     1     -1    597     -1
     1     -1    598     -1
     1     -1    599     -1
     1     -1    600     -1
     1     -1    601     -1
     1     -1    602     -1
     1     -1    603     -1
     1     -1    604     -1
     1     -1    605     -1
     1     -1    606     -1
     1     -1    607     -1
     1     -1    608     -1
     1     -1    609     -1
     1     -1    610     -1
     1     -1    611     -1
     1     -1    612     -1
     1     -1    613     -1
     1     -1    614     -1
     1     -1    615     -1
     1     -1    616     -1
     1     -1    617     -1
     1     -1    618     -1
     1     -1    619     -1
     1     -1    620     -1
     1     -1    621     -1
     1     -1    622     -1
     1     -1    623     -1
     1     -1    624     -1
     1     -1    625     -1
     1     -1    626     -1
     1     -1    627     -1
     1     -1    628     -1
     1     -1    629     -1
     1     -1    630     -1
     1     -1    631     -1
     1     -1    632     -1
     1     -1    633     -1
     1     -1    634     -1
     1     -1    635     -1
     1     -1    636     -1
     1     -1    637     -1
     1     -1    638     -1
     1     -1    639     -1
     1     -1    640     -1
     1     -1    641     -1
     1     -1    642     -1
     1     -1    643     -1
     1     -1    644     -1
     1     -1    645     -1
     1     -1    646     -1
     1     -1    647     -1
     1     -1    648     -1
     1     -1    649     -1
     1     -1    650     -1
     1     -1    651     -1
     1     -1    652     -1
     1     -1    653     -1
     1     -1    654     -1
     1     -1    655     -1
     1     -1    656     -1
     1     -1    657     -1
     1     -1    658     -1
     1     -1    659     -1
     1     -1    660     -1
     1     -1    661     -1
     1     -1    662     -1
     1     -1    663     -1
     1     -1    664     -1
     1     -1    665     -1
     1     -1    666     -1
     1     -1    667     -1
     1     -1    668     -1
     1     -1    669     -1
     1     -1    670     -1
     1     -1    671     -1
     1     -1    672     -1
     1     -1    673     -1
     1     -1    674     -1
     1     -1    675     -1
     1     -1    676     -1
     1     -1    677     -1
     1     -1    678     -1
     1     -1    679     -1
     1     -1    680     -1
     1     -1    681     -1
     1     -1    682     -1
     1     -1    683     -1
     1     -1    684     -1
     1     -1    685     -1
     1     -1    686     -1
     1     -1    687     -1
     1     -1    688     -1
     1     -1    689     -1
     1     -1    690     -1
     1     -1    691     -1
     1     -1    692     -1
     1     -1    693     -1
     1     -1    694     -1
     1     -1    695     -1
     1     -1    696     -1
     1     -1    697     -1
     1     -1    698     -1
     1     -1    699     -1
     1     -1    700     -1
     1     -1    701     -1
     1     -1    702     -1
     1     -1    703     -1
     1     -1    704     -1
     1     -1    705     -1
     1     -1    706     -1
     1     -1    707     -1
     1     -1    708     -1
     1     -1    709     -1
     1     -1    710     -1
     1     -1    711     -1
     1     -1    712     -1
     1     -1    713     -1
     1     -1    714     -1
     1     -1    715     -1
     1     -1    716     -1
     1     -1    717     -1
     1     -1    718     -1
     1     -1    719     -1
     1     -1    720     -1
     1     -1    721     -1
     1     -1    722     -1
     1     -1    723     -1
     1     -1    724     -1
     1     -1    725     -1
     1     -1    726     -1
     1     -1    727     -1
     1     -1    728     -1
     1     -1    729     -1
     1     -1    730     -1
     1     -1    731     -1
     1     -1    732     -1
     1     -1    733     -1
     1     -1    734     -1
     1     -1    735     -1
     1     -1    736     -1
     1     -1    737     -1
     1     -1    738     -1
     1     -1    739     -1
     1     -1    740     -1
     1     -1    741     -1
     1     -1    742     -1
     1     -1    743     -1
     1     -1    744     -1
     1     -1    745     -1
     1     -1    746     -1
     1     -1    747     -1
     1     -1    748     -1
     1     -1    749     -1
     1     -1    750     -1
     1     -1    751     -1
     1     -1    752     -1
     1     -1    753     -1
     1     -1    754     -1
     1     -1    755     -1
     1     -1    756     -1
     1     -1    757     -1
     1     -1    758     -1
     1     -1    759     -1
     1     -1    760     -1
     1     -1    761     -1
     1     -1    762     -1
     1     -1    763     -1
     1     -1    764     -1
     1     -1    765     -1
     1     -1    766     -1
     1     -1    767     -1
     1     -1    768     -1
     1     -1    769     -1
     1     -1    770     -1
     1     -1    771     -1
     1     -1    772     -1
     1     -1    773     -1
     1     -1    774     -1
     1     -1    775     -1
     1     -1    776     -1
     1     -1    777     -1
     1     -1    778     -1
     1     -1    779     -1
     1     -1    780     -1
     1     -1    781     -1
     1     -1    782     -1
     1     -1    783     -1
     1     -1    784     -1
     1     -1    785     -1
     1     -1    786     -1
     1     -1    787     -1
     1     -1    788     -1
     1     -1    789     -1
     1     -1    790     -1
     1     -1    791     -1
     1     -1    792     -1
     1     -1    793     -1
     1     -1    794     -1
     1     -1    795     -1
     1     -1    796     -1
     1     -1    797     -1
     1     -1    798     -1
     1     -1    799     -1
     1     -1    800     -1
     1     -1    801     -1
     1     -1    802     -1
     1     -1    803     -1
     1     -1    804     -1
     1     -1    805     -1
     1     -1    806     -1
     1     -1    807     -1
     1     -1    808     -1
     1     -1    809     -1
     1     -1    810     -1
     1     -1    811     -1
     1     -1    812     -1
     1     -1    813     -1
     1     -1    814     -1
     1     -1    815     -1
     1     -1    816     -1
     1     -1    817     -1
     1     -1    818     -1
     1     -1    819     -1
     1     -1    820     -1
     1     -1    821     -1
     1     -1    822     -1
     1     -1    823     -1
     1     -1    824     -1
     1     -1    825     -1
     1     -1    826     -1
     1     -1    827     -1
     1     -1    828     -1
     1     -1    829     -1
     1     -1    830     -1
     1     -1    831     -1
     1     -1    832     -1
     1     -1    833     -1
     1     -1    834     -1
     1     -1    835     -1
     1     -1    836     -1
     1     -1    837     -1
     1     -1    838     -1
     1     -1    839     -1
     1     -1    840     -1
     1     -1    841     -1
     1     -1    842     -1
     1     -1    843     -1
     1     -1    844     -1
     1     -1    845     -1
     1     -1    846     -1
     1     -1    847     -1
     1     -1    848     -1
     1     -1    849     -1
     1     -1    850     -1
     1     -1    851     -1
     1     -1    852     -1
     1     -1    853     -1
     1     -1    854     -1
     1     -1    855     -1
     1     -1    856     -1
     1     -1    857     -1
     1     -1    858     -1
     1     -1    859     -1
     1     -1    860     -1
     1     -1    861     -1
     1     -1    862     -1
     1     -1    863     -1
     1     -1    864     -1
     1     -1    865     -1
     1     -1    866     -1
     1     -1    867     -1
     1     -1    868     -1
     1     -1    869     -1
     1     -1    870     -1
     1     -1    871     -1
     1     -1    872     -1
     1     -1    873     -1
     1     -1    874     -1
     1     -1    875     -1
     1     -1    876     -1
     1     -1    877     -1
     1     -1    878     -1
     1     -1    879     -1
     1     -1    880     -1
     1     -1    881     -1
     1     -1    882     -1
     1     -1    883     -1
     1     -1    884     -1
     1     -1    885     -1
     1     -1    886     -1
     1     -1    887     -1
     1     -1    888     -1
     1     -1    889     -1
     1     -1    890     -1
     1     -1    891     -1
     1     -1    892     -1
     1     -1    893     -1
     1     -1    894     -1
     1     -1    895     -1
     1     -1    896     -1
     1     -1    897     -1
     1     -1    898     -1
     1     -1    899     -1
     1     -1    900     -1
     1     -1    901     -1
     1     -1    902     -1
     1     -1    903     -1
     1     -1    904     -1
     1     -1    905     -1
     1     -1    906     -1
     1     -1    907     -1
     1     -1    908     -1
     1     -1    909     -1
     1     -1    910     -1
     1     -1    911     -1
     1     -1    912     -1
     1     -1    913     -1
     1     -1    914     -1
     1     -1    915     -1
     1     -1    916     -1
     1     -1    917     -1
     1     -1    918     -1
     1     -1    919     -1
     1     -1    920     -1
     1     -1    921     -1
     1     -1    922     -1
     1     -1    923     -1
     1     -1    924     -1
     1     -1    925     -1
     1     -1    926     -1
     1     -1    927     -1
     1     -1    928     -1
     1     -1    929     -1
     1     -1    930     -1
     1     -1    931     -1
     1     -1    932     -1
     1     -1    933     -1
     1     -1    934     -1
     1     -1    935     -1
     1     -1    936     -1
     1     -1    937     -1
     1     -1    938     -1
     1     -1    939     -1
     1     -1    940     -1
     1     -1    941     -1
     1     -1    942     -1
     1     -1    943     -1
     1     -1    944     -1
     1     -1    945     -1
     1     -1    946     -1
     1     -1    947     -1
     1     -1    948     -1
     1     -1    949     -1
     1     -1    950     -1
     1     -1    951     -1
