# Initial facet tempereatures in radiative equilibrium
331.930206
299.811157
306.400848
331.931946
317.685303
328.450592
331.927582
312.940033
268.395782
331.937073
316.399170
314.231720
331.928223
305.203430
311.882996
331.935730
307.321899
331.928467
312.747620
331.928680
322.238770
313.535309
331.926208
314.817047
310.028046
331.937988
328.484802
331.939514
328.221558
331.993774
324.638275
325.210419
331.952698
322.036560
331.935120
318.322723
304.654633
331.939117
329.652863
331.929199
266.590271
331.932465
331.944519
330.505157
331.937439
301.895416
331.959381
315.220795
316.824738
331.971130
318.971558
331.986572
329.187805
332.005157
328.541779
331.937714
301.932373
331.939575
314.653992
331.984467
316.566925
332.009308
333.359467
328.869995
332.895233
331.938690
311.154602
311.240631
302.337036
331.948425
313.567657
331.945129
331.708984
331.934448
316.491730
308.120117
331.971893
332.044800
331.940094
306.400848
309.614532
303.344086
331.951752
310.038361
331.978119
312.704865
331.940338
303.177673
331.945648
310.792786
331.941956
301.246307
331.929321
314.378479
318.302490
331.926270
300.301056
331.926453
300.320801
315.312653
331.933777
312.380493
313.132874
308.273682
331.927948
311.659088
310.395233
331.925812
300.414520
331.928009
310.251801
331.928436
309.163116
313.638092
331.926727
331.928528
313.179260
331.943420
300.783142
332.098572
324.442291
326.476685
331.928558
314.083496
314.394623
331.928162
331.940125
300.815338
331.926819
314.851105
313.968323
331.926788
300.793488
331.927399
302.127869
314.008881
331.943817
292.315765
300.840057
331.960480
299.766876
332.012146
312.936523
332.063171
331.962433
302.016571
332.084015
314.201538
331.945160
291.058899
300.782349
331.961273
300.000000
331.998657
307.935608
332.103516
331.964600
300.000000
331.945496
300.655884
331.958679
297.931030
331.946777
301.096771
331.917328
325.211334
328.411377
325.392639
328.126251
331.982056
331.676849
331.942657
304.653748
331.931671
311.634979
331.982544
330.388885
331.945587
307.716156
302.702271
331.949463
309.044037
332.056946
301.725708
332.127625
331.949799
307.605652
332.115601
310.468689
331.945374
308.988434
332.032593
297.071899
305.769226
331.950409
306.564301
331.942841
303.520569
303.131042
331.945526
301.952667
331.943085
301.276764
331.986298
311.778961
332.002777
328.519989
330.330872
331.943085
301.140350
331.973419
304.534210
307.496643
332.267273
327.293335
326.361969
323.915222
332.012848
329.700378
331.942780
300.923981
331.999512
305.735260
299.211914
332.087372
331.998718
304.973083
332.288483
322.274231
332.235352
325.952393
331.994904
298.208557
331.945374
300.721802
331.966034
296.330597
331.944824
300.688019
332.001617
331.054962
329.279083
331.961548
331.816650
331.960846
331.972595
331.947418
291.532135
331.959930
330.440369
331.944275
300.665802
332.066162
297.684479
332.144928
331.933655
305.456512
311.254242
302.765259
331.937042
300.670227
332.008392
313.164398
331.958984
331.148071
331.944733
294.002075
331.932343
311.340302
331.951660
330.422058
331.943390
300.641479
332.021973
292.568390
331.943176
300.679993
331.936615
300.654633
332.068939
309.069397
313.197876
331.942688
300.666779
331.942383
300.659302
332.036377
304.050446
309.382019
331.936127
300.673889
331.941559
300.691345
332.042664
307.905029
310.291809
331.938904
300.824890
331.937134
329.877930
331.940186
312.442596
331.932953
331.940918
329.252747
331.929016
318.230377
318.749084
331.934631
300.751434
331.968414
311.122650
331.972046
331.935822
300.775024
331.961334
320.051025
314.596039
331.935242
300.822174
331.963043
311.309540
311.813202
331.930328
314.969940
315.636932
331.926514
300.416168
331.935181
300.928558
331.961273
312.530731
310.280853
331.928986
313.420929
331.933350
301.327545
331.937653
328.210266
331.935425
309.690948
311.785492
331.934326
301.954681
331.952667
314.612000
313.891968
331.930298
310.724487
326.639221
331.934082
302.613495
331.931335
303.310577
331.953705
315.408966
314.674835
331.933411
303.735962
331.933350
304.118866
331.951721
314.263214
315.000824
331.955017
322.690155
317.226257
331.965820
322.966705
331.933014
304.671417
331.957123
321.258575
321.941406
331.931702
314.065063
305.331451
331.944275
313.128021
315.242523
331.934723
316.283905
331.934387
316.268188
331.946625
310.799652
315.135864
331.928070
324.933289
325.827667
331.933838
307.004913
331.934143
316.394104
331.935944
325.469635
331.932587
315.312958
331.945129
313.983093
312.351196
331.933441
315.247192
331.928680
325.217529
331.931519
307.088806
331.927673
331.934723
324.731873
331.933258
315.104706
331.943115
309.721039
312.955902
331.931702
314.810425
331.928833
324.146240
331.929810
302.657013
331.927185
331.931610
314.675323
331.944611
315.007751
316.557434
331.933350
309.216034
322.253510
331.926849
302.381470
304.313385
331.932220
312.953857
331.946533
318.708344
331.951172
318.861633
331.932129
303.957886
311.236389
331.932007
326.655701
331.924316
315.113007
301.500946
331.991058
325.195892
331.984558
324.903442
331.951660
322.509033
318.033051
331.936218
321.126709
331.949066
331.923950
300.472015
331.925873
300.504425
331.928131
331.923218
300.706116
331.945892
297.125641
331.948669
293.174622
331.983948
331.397186
331.949097
331.956329
332.021637
325.183197
332.130798
326.022827
331.950867
331.950470
291.169800
331.952026
331.934296
316.816559
331.938141
313.505829
331.940918
331.951965
331.925781
300.201874
331.932648
316.042786
331.946259
313.125000
331.941071
331.941284
311.406708
331.940399
331.941162
331.933411
306.518829
331.943878
312.345032
331.939392
331.939880
331.933014
331.925049
300.341064
331.931396
304.369019
331.940155
331.943176
300.482330
331.932373
331.932373
302.689453
310.528625
331.978699
325.423187
331.945465
331.943481
331.941284
331.932281
331.934967
322.132172
331.941589
331.942383
307.935760
331.926727
300.630402
331.996796
332.024719
332.020844
331.954865
331.934967
331.929749
313.918243
267.184753
331.954193
331.926727
311.573822
331.930756
312.356628
331.930603
318.243561
316.745850
331.934509
331.935516
306.056122
331.933014
301.263580
331.951355
331.952820
294.190033
298.904419
331.931702
331.928589
303.811066
300.000000
331.945648
300.628418
331.955566
331.984100
331.244781
331.934998
315.325592
331.931366
306.976776
331.927979
306.387543
331.927063
313.063660
307.657562
331.952118
331.946106
332.004028
295.977631
331.975952
331.957123
331.973175
331.972443
331.956879
331.964417
300.000000
332.217285
326.125305
331.951935
332.185364
325.977448
331.933929
300.674866
331.929230
331.930573
309.548676
331.949585
304.961334
318.262848
331.937531
331.943481
331.945740
317.580933
332.052460
316.568176
332.005890
331.935120
311.216827
332.005981
332.045227
310.614960
332.030579
307.529510
332.031769
308.418854
331.972931
332.002289
306.879211
331.969757
331.978851
331.980225
309.070343
331.972992
331.959595
331.956726
311.813721
331.948212
312.418152
331.945984
331.938751
322.743195
331.961182
331.967194
331.951630
331.946411
331.942841
322.459961
331.937378
311.559235
331.970367
331.932068
331.934570
300.510773
331.924866
300.460999
331.924744
300.589844
331.924530
302.531311
300.524261
331.980774
324.673615
331.976929
324.425964
331.973663
320.143311
324.213257
331.977295
332.026428
308.539764
332.010834
306.809662
308.082397
331.938782
311.225922
331.934814
310.874451
331.938477
310.889832
331.936768
304.256378
310.944946
331.938690
331.938171
331.938995
309.291779
331.936035
331.937531
300.471588
332.087097
326.576111
332.041412
326.546844
332.036926
326.545837
332.008820
326.433197
331.980194
331.936371
314.518860
331.981445
332.022217
293.500641
331.976654
331.942841
331.950043
311.627747
331.954926
313.039124
331.944916
331.941559
331.977325
332.079132
306.980255
331.948792
315.053436
331.943359
331.944031
332.071991
306.012482
332.023560
306.993103
332.127289
314.557526
332.112549
332.166321
320.906403
332.237030
323.480835
332.279022
325.304382
332.279663
325.383209
332.284119
325.855774
332.220367
325.958496
332.241638
325.978943
332.210663
326.136597
332.147705
326.290588
332.122223
326.216553
332.116028
326.159668
332.106995
324.824677
332.004242
331.989685
331.991180
332.018036
331.998444
331.935425
311.990021
331.947479
331.948364
332.049927
307.429840
332.160248
325.808624
332.040009
332.102264
332.183350
332.212585
324.264191
332.058563
313.566010
332.078217
301.641876
313.863464
332.058044
309.697296
331.986267
331.993713
332.074219
298.307129
332.004944
310.201752
331.976776
310.327362
331.960480
321.799316
311.696228
331.973541
332.036163
294.457794
331.960236
309.972626
331.950989
332.033020
293.128510
331.941071
332.055756
306.533813
331.966400
331.968018
332.029846
305.860077
331.985840
331.969727
332.054901
295.847107
331.950012
314.273712
331.942108
331.940826
332.062866
306.594086
304.235840
311.832458
307.622314
309.821991
297.658325
305.061462
297.393311
304.995880
297.460449
304.979431
297.740875
305.105286
298.820282
307.201996
308.338501
314.336029
315.768402
316.690247
317.517761
317.868134
318.539124
318.709961
319.603302
319.592438
319.544678
319.622223
319.889252
319.993439
320.825348
320.861664
323.723907
323.381958
327.468170
325.974579
325.535248
323.632568
318.836975
318.688812
315.278290
316.107208
314.017731
314.961639
314.083466
314.861694
316.080627
315.943024
319.028961
317.465027
318.561401
317.317627
318.259888
317.920319
306.227844
310.384308
302.945190
307.250092
297.451721
301.230865
296.816376
300.408569
296.663055
300.304321
296.755432
300.320099
296.791412
300.349701
296.807861
300.369629
296.647125
300.392426
296.952606
300.495789
297.090210
300.597198
297.055939
300.643372
296.933777
300.783203
297.546539
302.044220
301.190155
305.865631
313.925690
316.805786
319.532898
321.483795
316.623108
318.645142
305.323395
307.589600
299.866089
302.331238
299.395782
302.220215
298.626007
300.023529
298.154144
299.487244
298.263580
299.632141
298.426025
300.406250
297.786133
301.894165
317.390717
318.320648
306.328888
311.871002
299.284943
304.800446
299.022583
304.000275
298.962738
303.891510
299.098663
303.890686
299.025208
303.836426
298.621246
303.475708
298.845490
303.076508
299.132599
304.163300
299.234314
304.680328
299.169739
304.726776
299.837585
304.795807
299.798004
304.826447
299.501923
304.853943
300.479462
304.883759
300.082886
304.814209
299.355530
304.780396
300.055939
304.851898
299.934845
304.845215
299.683197
304.802338
299.394409
304.625671
298.888947
303.277374
298.295959
302.571014
298.913544
303.399994
297.938873
304.781403
303.290192
308.657043
312.206726
314.553467
318.207977
319.269226
313.694214
316.282684
302.536652
306.107147
299.163879
303.431152
299.773346
304.518951
301.187805
305.365051
297.511108
301.214569
298.038513
301.422729
297.756775
300.649963
297.789948
300.635498
298.136749
301.084320
299.332397
303.906006
301.795441
306.861389
298.763397
302.343323
298.374725
301.045593
298.040161
300.780945
297.883057
300.643097
297.964935
300.719482
298.149139
300.820496
298.075287
300.817596
298.353394
301.515961
302.190674
306.504120
307.969482
311.190552
305.598267
309.974060
304.729980
302.885559
318.601654
335.656158
268.832092
314.524139
303.261963
308.168152
306.249298
308.795563
326.685852
310.254791
312.838379
306.377686
335.344910
334.323212
321.335541
321.530609
328.242279
315.645020
304.458954
335.650848
263.916016
334.871002
299.215546
320.638794
325.100494
327.686981
332.129028
322.864197
299.064972
314.479645
322.860260
337.842499
331.190948
313.165802
307.944183
299.164612
320.390778
336.304230
317.206116
315.077118
336.162292
305.353790
301.035187
310.421417
300.000000
308.775085
300.427155
311.170502
318.027832
300.000000
299.187592
312.039001
311.014191
311.759186
305.412262
310.622192
299.202271
307.919525
310.284332
310.238983
298.265686
322.052399
311.387909
311.028381
298.209900
300.087799
300.730255
313.254242
288.846497
299.646027
318.648010
301.486450
316.064331
288.854950
298.791473
298.007904
305.875641
296.690002
299.299438
295.325897
300.000000
324.176697
336.044189
321.816559
335.015808
336.276093
301.976562
312.050140
335.860107
314.020569
300.076843
302.969727
317.449982
320.077942
318.335541
294.839447
303.440277
307.979492
301.044342
300.396332
299.281433
299.225220
308.871277
326.392975
335.812958
299.297577
301.461334
324.760162
322.180145
320.513916
335.711060
300.358673
305.094269
296.139771
297.545288
319.069031
322.030853
295.077301
299.153717
292.902130
298.864227
335.166718
337.947968
337.847107
289.007019
337.768646
298.828857
295.108002
305.089813
309.791962
298.790985
318.642883
337.402100
291.955231
309.571411
335.144073
298.782257
290.367920
298.779358
298.779602
307.690216
309.565796
298.784332
298.793762
301.872803
306.852142
298.812103
299.325562
306.075592
309.683807
298.990295
335.854370
335.944855
326.955505
299.339752
306.904968
299.053253
328.460876
315.314331
299.065277
308.731689
308.597595
315.326965
324.864777
300.000000
299.078979
309.583710
321.079590
299.114044
334.689728
307.348633
309.361847
299.184143
311.688568
311.428528
308.062256
325.845642
299.264526
299.787048
312.602722
312.481018
300.196136
300.554718
312.078278
313.131622
330.329376
326.232239
319.496307
301.274139
318.659027
326.699249
319.840668
302.876801
311.156281
312.708954
324.794891
324.845398
309.250763
312.288818
323.045105
333.109528
304.973663
324.862671
332.938080
324.195526
311.276184
310.634125
324.075928
332.795258
304.541168
332.443481
323.926910
306.341553
310.975922
323.636963
331.772552
308.751129
323.195435
313.149506
305.497864
321.949097
300.000000
304.453094
318.371246
316.757141
316.214050
300.425171
307.363159
333.310211
312.114288
302.269653
321.328278
321.088989
319.331024
316.677429
318.283356
299.190796
299.213287
299.796570
294.061676
290.888916
337.769470
321.588165
321.565155
287.787933
317.485931
311.002472
301.846252
324.658386
310.921539
303.985626
310.448792
299.036621
300.515900
300.000000
301.373779
307.200134
321.633179
319.083679
311.014099
299.313416
310.507507
313.109772
311.806427
326.878479
324.662689
302.684967
299.023895
297.374329
299.191101
299.216644
297.394257
300.000000
337.530518
313.663086
307.067780
306.447876
309.765106
306.554138
292.932129
300.196991
321.941559
321.844574
299.962799
306.559540
301.894989
315.090271
315.788574
324.791840
310.777740
308.525635
305.527161
305.643951
304.554413
308.888611
311.069489
319.554871
319.365936
311.525726
298.706421
298.262939
298.972687
297.877319
320.960510
320.837341
317.867523
320.725281
305.557831
304.100006
306.610779
311.630432
309.141235
309.019836
301.497681
307.894501
306.028442
299.134583
321.924072
322.372101
322.320496
322.404816
313.016327
290.438232
309.762573
310.889709
305.723663
319.895325
320.235596
321.090424
321.261414
321.546417
321.871948
321.941650
322.002106
321.618683
321.906738
321.713562
321.068848
310.581573
321.796417
320.797089
310.344391
311.087006
307.334290
299.175751
307.529236
309.291748
330.324951
310.712830
306.612335
292.745056
302.468323
294.376312
311.888947
306.334778
307.771454
310.350922
311.642426
320.115784
309.699036
302.537292
307.173737
301.070740
300.000000
297.371979
301.547241
303.940979
300.523163
300.000000
305.253571
311.982361
315.410248
316.629883
306.453857
329.873199
331.100189
326.965424
312.956696
318.905823
316.681274
310.973907
325.459869
296.003479
309.564056
306.477386
306.405884
305.480011
300.481445
293.228333
319.506226
317.312195
310.249115
310.052155
307.594299
306.336273
311.100555
307.982269
309.202454
309.931000
313.377655
316.195679
321.742004
322.237701
322.572998
323.100250
322.802979
323.660278
306.210205
302.677399
298.389404
308.977448
334.301392
332.463715
321.729279
309.419678
333.149963
310.275269
307.090881
304.028503
304.050781
296.759613
324.670715
321.282532
310.448578
310.184082
309.534271
310.700104
327.050476
328.333466
327.944946
320.680023
312.895874
312.551849
312.515991
311.776093
316.199188
314.863220
298.416931
296.588440
311.696503
309.446136
332.986420
322.078400
333.058136
313.809204
333.952789
334.116699
334.248444
305.406769
304.393188
335.749542
335.735870
313.235046
329.745941
329.347137
323.747498
314.380432
314.025848
313.553253
313.261810
316.439301
316.992371
297.915131
296.975586
313.387543
333.195923
326.785065
333.081970
314.326935
321.267212
323.485291
333.398590
334.141388
305.850311
305.728943
337.131561
323.566101
328.939331
329.141022
325.186218
315.920746
315.445648
314.998352
314.497589
316.703003
315.426819
297.429993
298.670166
314.258484
333.226746
335.380157
331.415680
329.691742
331.513306
333.348755
333.554413
309.792419
291.360352
311.924866
330.129395
329.875000
327.549866
318.849304
317.009949
316.739044
316.365906
317.100037
300.915680
299.856506
297.911102
299.769836
314.925507
314.192139
333.439484
337.024750
331.761536
333.873840
333.923981
333.806030
333.707489
329.557159
320.593781
299.972168
315.190125
316.065918
315.170593
330.348145
330.208740
329.816193
320.947510
316.805328
316.664795
316.500885
316.622742
298.360504
297.835602
309.623535
315.057037
324.739075
325.696014
325.796448
334.390961
335.151337
334.403534
334.850586
334.888306
334.585663
334.194153
325.792603
325.915527
326.569427
318.115295
314.323242
310.833038
330.562225
330.382507
330.111938
321.506927
317.279175
317.109100
316.933960
297.968323
321.010773
315.532776
333.727905
334.668060
334.764160
335.442230
336.234344
335.713501
336.198303
336.179596
335.935913
335.419556
334.426666
334.774261
318.304535
330.192596
321.638519
317.423065
317.229370
317.004333
296.921997
322.555878
315.989258
311.674194
336.224670
336.440063
311.230225
334.969299
336.269836
316.174652
321.822418
317.573395
317.455658
317.285339
298.139832
323.399872
318.452423
313.491058
336.147308
316.855469
314.065857
311.029327
310.677460
311.718323
298.188416
324.292267
328.988892
312.727173
334.820221
311.453217
312.004089
311.688538
332.368530
327.874908
298.052856
324.109680
328.685242
332.355438
308.907532
335.933716
311.501556
297.333496
324.355957
316.086670
305.281860
298.410400
325.020264
311.362183
316.032898
322.064026
315.973236
301.244720
327.183807
310.035797
317.738739
323.846649
312.063599
331.003510
310.966919
313.185699
316.473206
331.245605
316.603882
311.601135
314.120178
320.684753
320.082123
304.631775
316.239685
317.800415
299.871429
315.338440
316.873444
300.000000
315.471008
299.973114
318.844971
298.770447
327.153168
298.990692
326.829071
298.703705
326.401611
298.180206
334.174469
281.382416
306.207062
318.439545
300.865631
336.771240
313.208740
309.475861
337.223877
300.413147
310.483582
305.114502
308.633759
312.949890
299.117615
309.577148
301.895721
299.453461
325.863190
335.031128
336.090424
319.063690
335.886536
300.995514
309.551300
335.442749
302.416138
334.715607
324.716522
308.091095
317.742798
317.368469
300.238739
315.251251
321.249054
312.104645
297.698822
322.000305
308.629272
310.627716
300.995972
304.342407
308.656464
299.125824
310.298645
305.908600
308.819458
309.465790
321.660065
321.818420
319.925995
321.639679
322.076324
311.098694
314.537659
316.152649
300.522949
298.037933
299.393982
300.000000
308.126648
321.714172
319.489929
310.150360
325.528717
297.185333
313.981812
308.447327
312.715942
323.093719
311.421448
333.173859
323.753235
312.067383
333.060059
333.129028
334.790741
323.904388
326.006744
331.294495
331.561523
333.411652
336.125427
323.809784
334.060364
323.082245
333.355347
332.109558
310.284424
323.413605
325.369232
333.881256
325.942841
326.018158
333.923370
334.372986
334.852539
332.383484
325.722809
306.695038
334.800781
334.211212
336.277100
336.175720
335.343018
334.328705
334.380737
336.820831
336.276123
335.585205
334.448151
334.853058
316.688171
336.335754
313.477814
335.224670
267.433014
305.078522
316.985779
337.608337
311.328186
305.791595
301.127167
311.616241
332.805817
306.563660
311.366119
336.267944
299.616638
298.653870
320.563782
321.930420
306.240295
308.974701
305.575256
311.116058
319.497284
308.590271
298.860291
299.710754
300.000000
325.521729
308.946228
333.522278
331.615540
324.792847
334.330841
325.717896
323.308716
324.763824
335.774139
333.448059
323.123779
312.600800
318.380859
331.656464
326.194031
333.171661
334.319000
325.437347
335.105438
333.323914
335.971466
334.042175
333.608795
337.510895
333.973724
334.557983
336.215576
335.315063
263.007172
305.079742
325.300171
337.096985
313.088654
304.391968
310.160370
313.765717
309.449646
299.489685
320.860565
322.123901
305.916840
263.046844
306.499542
300.000000
299.847382
325.500977
314.309143
334.243591
334.094208
325.523743
335.305969
333.203033
324.697693
332.586578
325.184998
335.490997
333.721466
310.415436
333.512726
312.732880
303.011627
299.890320
309.904724
314.834442
302.286713
320.624725
310.912750
299.883759
325.002899
333.640289
333.671997
334.738647
325.086243
333.426788
302.013580
322.328552
336.408020
303.387085
309.523926
323.688019
296.892609
320.569672
305.244781
300.000000
324.338287
332.948303
318.390564
331.119965
330.163483
324.923462
333.132751
323.156036
310.427948
312.996368
298.127380
299.785156
321.746399
324.435089
328.840759
299.079712
321.384430
324.596466
332.778168
303.378174
309.548615
300.000000
299.819946
323.747986
332.241302
299.860718
310.162750
300.135437
300.000000
322.330170
331.078430
308.541779
310.228302
314.575714
298.273193
318.553558
321.532501
301.268341
311.311249
298.818390
308.726135
323.967468
306.638763
300.672821
317.094696
299.041412
302.836365
307.237213
300.700897
300.262299
306.547333
299.790161
303.948303
297.847534
299.159027
298.702454
302.657532
