# Nz=	250	dz =	5.000000
#zc th qt u v tke
2.5	288.0	0.0	0.01	0.0	1.0
7.5	288.0	0.0	0.01	0.0	1.0
12.5	288.0	0.0	0.01	0.0	1.0
17.5	288.0	0.0	0.01	0.0	1.0
22.5	288.0	0.0	0.01	0.0	1.0
27.5	288.0	0.0	0.01	0.0	1.0
32.5	288.0	0.0	0.01	0.0	1.0
37.5	288.0	0.0	0.01	0.0	1.0
42.5	288.0	0.0	0.01	0.0	1.0
47.5	288.0	0.0	0.01	0.0	1.0
52.5	288.0	0.0	0.01	0.0	1.0
57.5	288.0	0.0	0.01	0.0	1.0
62.5	288.0	0.0	0.01	0.0	1.0
67.5	288.0	0.0	0.01	0.0	1.0
72.5	288.0	0.0	0.01	0.0	1.0
77.5	288.0	0.0	0.01	0.0	1.0
82.5	288.0	0.0	0.01	0.0	1.0
87.5	288.0	0.0	0.01	0.0	1.0
92.5	288.0	0.0	0.01	0.0	1.0
97.5	288.0	0.0	0.01	0.0	1.0
102.5	288.0	0.0	0.01	0.0	1.0
107.5	288.0	0.0	0.01	0.0	1.0
112.5	288.0	0.0	0.01	0.0	1.0
117.5	288.0	0.0	0.01	0.0	1.0
122.5	288.0	0.0	0.01	0.0	1.0
127.5	288.0	0.0	0.01	0.0	1.0
132.5	288.0	0.0	0.01	0.0	1.0
137.5	288.0	0.0	0.01	0.0	1.0
142.5	288.0	0.0	0.01	0.0	1.0
147.5	288.0	0.0	0.01	0.0	1.0
152.5	288.0	0.0	0.01	0.0	1.0
157.5	288.0	0.0	0.01	0.0	1.0
162.5	288.0	0.0	0.01	0.0	1.0
167.5	288.0	0.0	0.01	0.0	1.0
172.5	288.0	0.0	0.01	0.0	1.0
177.5	288.0	0.0	0.01	0.0	1.0
182.5	288.0	0.0	0.01	0.0	1.0
187.5	288.0	0.0	0.01	0.0	1.0
192.5	288.0	0.0	0.01	0.0	1.0
197.5	288.0	0.0	0.01	0.0	1.0
202.5	288.0	0.0	0.01	0.0	1.0
207.5	288.0	0.0	0.01	0.0	1.0
212.5	288.0	0.0	0.01	0.0	1.0
217.5	288.0	0.0	0.01	0.0	1.0
222.5	288.0	0.0	0.01	0.0	1.0
227.5	288.0	0.0	0.01	0.0	1.0
232.5	288.0	0.0	0.01	0.0	1.0
237.5	288.0	0.0	0.01	0.0	1.0
242.5	288.0	0.0	0.01	0.0	1.0
247.5	288.0	0.0	0.01	0.0	1.0
252.5	288.0	0.0	0.01	0.0	1.0
257.5	288.0	0.0	0.01	0.0	1.0
262.5	288.0	0.0	0.01	0.0	1.0
267.5	288.0	0.0	0.01	0.0	1.0
272.5	288.0	0.0	0.01	0.0	1.0
277.5	288.0	0.0	0.01	0.0	1.0
282.5	288.0	0.0	0.01	0.0	1.0
287.5	288.0	0.0	0.01	0.0	1.0
292.5	288.0	0.0	0.01	0.0	1.0
297.5	288.0	0.0	0.01	0.0	1.0
302.5	288.0	0.0	0.01	0.0	1.0
307.5	288.0	0.0	0.01	0.0	1.0
312.5	288.0	0.0	0.01	0.0	1.0
317.5	288.0	0.0	0.01	0.0	1.0
322.5	288.0	0.0	0.01	0.0	1.0
327.5	288.0	0.0	0.01	0.0	1.0
332.5	288.0	0.0	0.01	0.0	1.0
337.5	288.0	0.0	0.01	0.0	1.0
342.5	288.0	0.0	0.01	0.0	1.0
347.5	288.0	0.0	0.01	0.0	1.0
352.5	288.0	0.0	0.01	0.0	1.0
357.5	288.0	0.0	0.01	0.0	1.0
362.5	288.0	0.0	0.01	0.0	1.0
367.5	288.0	0.0	0.01	0.0	1.0
372.5	288.0	0.0	0.01	0.0	1.0
377.5	288.0	0.0	0.01	0.0	1.0
382.5	288.0	0.0	0.01	0.0	1.0
387.5	288.0	0.0	0.01	0.0	1.0
392.5	288.0	0.0	0.01	0.0	1.0
397.5	288.0	0.0	0.01	0.0	1.0
402.5	288.0	0.0	0.01	0.0	1.0
407.5	288.0	0.0	0.01	0.0	1.0
412.5	288.0	0.0	0.01	0.0	1.0
417.5	288.0	0.0	0.01	0.0	1.0
422.5	288.0	0.0	0.01	0.0	1.0
427.5	288.0	0.0	0.01	0.0	1.0
432.5	288.0	0.0	0.01	0.0	1.0
437.5	288.0	0.0	0.01	0.0	1.0
442.5	288.0	0.0	0.01	0.0	1.0
447.5	288.0	0.0	0.01	0.0	1.0
452.5	288.0	0.0	0.01	0.0	1.0
457.5	288.0	0.0	0.01	0.0	1.0
462.5	288.0	0.0	0.01	0.0	1.0
467.5	288.0	0.0	0.01	0.0	1.0
472.5	288.0	0.0	0.01	0.0	1.0
477.5	288.0	0.0	0.01	0.0	1.0
482.5	288.0	0.0	0.01	0.0	1.0
487.5	288.0	0.0	0.01	0.0	1.0
492.5	288.0	0.0	0.01	0.0	1.0
497.5	288.0	0.0	0.01	0.0	1.0
502.5	288.0	0.0	0.01	0.0	1.0
507.5	288.0	0.0	0.01	0.0	1.0
512.5	288.0	0.0	0.01	0.0	1.0
517.5	288.0	0.0	0.01	0.0	1.0
522.5	288.0	0.0	0.01	0.0	1.0
527.5	288.0	0.0	0.01	0.0	1.0
532.5	288.0	0.0	0.01	0.0	1.0
537.5	288.0	0.0	0.01	0.0	1.0
542.5	288.0	0.0	0.01	0.0	1.0
547.5	288.0	0.0	0.01	0.0	1.0
552.5	288.0	0.0	0.01	0.0	1.0
557.5	288.0	0.0	0.01	0.0	1.0
562.5	288.0	0.0	0.01	0.0	1.0
567.5	288.0	0.0	0.01	0.0	1.0
572.5	288.0	0.0	0.01	0.0	1.0
577.5	288.0	0.0	0.01	0.0	1.0
582.5	288.0	0.0	0.01	0.0	1.0
587.5	288.0	0.0	0.01	0.0	1.0
592.5	288.0	0.0	0.01	0.0	1.0
597.5	288.0	0.0	0.01	0.0	1.0
602.5	288.0	0.0	0.01	0.0	1.0
607.5	288.0	0.0	0.01	0.0	1.0
612.5	288.0	0.0	0.01	0.0	1.0
617.5	288.0	0.0	0.01	0.0	1.0
622.5	288.0	0.0	0.01	0.0	1.0
627.5	288.0	0.0	0.01	0.0	1.0
632.5	288.0	0.0	0.01	0.0	1.0
637.5	288.0	0.0	0.01	0.0	1.0
642.5	288.0	0.0	0.01	0.0	1.0
647.5	288.0	0.0	0.01	0.0	1.0
652.5	288.0	0.0	0.01	0.0	1.0
657.5	288.0	0.0	0.01	0.0	1.0
662.5	288.0	0.0	0.01	0.0	1.0
667.5	288.0	0.0	0.01	0.0	1.0
672.5	288.0	0.0	0.01	0.0	1.0
677.5	288.0	0.0	0.01	0.0	1.0
682.5	288.0	0.0	0.01	0.0	1.0
687.5	288.0	0.0	0.01	0.0	1.0
692.5	289.4	0.0	0.01	0.0	1.0
697.5	290.8	0.0	0.01	0.0	1.0
702.5	292.2	0.0	0.01	0.0	1.0
707.5	293.6	0.0	0.01	0.0	1.0
712.5	295.0	0.0	0.01	0.0	1.0
717.5	295.0005	0.0	0.0	0.0	0.0
722.5	295.001	0.0	0.0	0.0	0.0
727.5	295.0015	0.0	0.0	0.0	0.0
732.5	295.002	0.0	0.0	0.0	0.0
737.5	295.0025	0.0	0.0	0.0	0.0
742.5	295.003	0.0	0.0	0.0	0.0
747.5	295.0035	0.0	0.0	0.0	0.0
752.5	295.004	0.0	0.0	0.0	0.0
757.5	295.0045	0.0	0.0	0.0	0.0
762.5	295.005	0.0	0.0	0.0	0.0
767.5	295.0055	0.0	0.0	0.0	0.0
772.5	295.006	0.0	0.0	0.0	0.0
777.5	295.0065	0.0	0.0	0.0	0.0
782.5	295.007	0.0	0.0	0.0	0.0
787.5	295.0075	0.0	0.0	0.0	0.0
792.5	295.008	0.0	0.0	0.0	0.0
797.5	295.0085	0.0	0.0	0.0	0.0
802.5	295.009	0.0	0.0	0.0	0.0
807.5	295.0095	0.0	0.0	0.0	0.0
812.5	295.01	0.0	0.0	0.0	0.0
817.5	295.0105	0.0	0.0	0.0	0.0
822.5	295.011	0.0	0.0	0.0	0.0
827.5	295.0115	0.0	0.0	0.0	0.0
832.5	295.012	0.0	0.0	0.0	0.0
837.5	295.0125	0.0	0.0	0.0	0.0
842.5	295.013	0.0	0.0	0.0	0.0
847.5	295.0135	0.0	0.0	0.0	0.0
852.5	295.014	0.0	0.0	0.0	0.0
857.5	295.0145	0.0	0.0	0.0	0.0
862.5	295.015	0.0	0.0	0.0	0.0
867.5	295.0155	0.0	0.0	0.0	0.0
872.5	295.016	0.0	0.0	0.0	0.0
877.5	295.0165	0.0	0.0	0.0	0.0
882.5	295.017	0.0	0.0	0.0	0.0
887.5	295.0175	0.0	0.0	0.0	0.0
892.5	295.018	0.0	0.0	0.0	0.0
897.5	295.0185	0.0	0.0	0.0	0.0
902.5	295.019	0.0	0.0	0.0	0.0
907.5	295.0195	0.0	0.0	0.0	0.0
912.5	295.02	0.0	0.0	0.0	0.0
917.5	295.0205	0.0	0.0	0.0	0.0
922.5	295.021	0.0	0.0	0.0	0.0
927.5	295.0215	0.0	0.0	0.0	0.0
932.5	295.022	0.0	0.0	0.0	0.0
937.5	295.0225	0.0	0.0	0.0	0.0
942.5	295.023	0.0	0.0	0.0	0.0
947.5	295.0235	0.0	0.0	0.0	0.0
952.5	295.024	0.0	0.0	0.0	0.0
957.5	295.0245	0.0	0.0	0.0	0.0
962.5	295.025	0.0	0.0	0.0	0.0
967.5	295.0255	0.0	0.0	0.0	0.0
972.5	295.026	0.0	0.0	0.0	0.0
977.5	295.0265	0.0	0.0	0.0	0.0
982.5	295.027	0.0	0.0	0.0	0.0
987.5	295.0275	0.0	0.0	0.0	0.0
992.5	295.028	0.0	0.0	0.0	0.0
997.5	295.0285	0.0	0.0	0.0	0.0
1002.5	295.029	0.0	0.0	0.0	0.0
1007.5	295.0295	0.0	0.0	0.0	0.0
1012.5	295.03	0.0	0.0	0.0	0.0
1017.5	295.0305	0.0	0.0	0.0	0.0
1022.5	295.031	0.0	0.0	0.0	0.0
1027.5	295.0315	0.0	0.0	0.0	0.0
1032.5	295.032	0.0	0.0	0.0	0.0
1037.5	295.0325	0.0	0.0	0.0	0.0
1042.5	295.033	0.0	0.0	0.0	0.0
1047.5	295.0335	0.0	0.0	0.0	0.0
1052.5	295.034	0.0	0.0	0.0	0.0
1057.5	295.0345	0.0	0.0	0.0	0.0
1062.5	295.035	0.0	0.0	0.0	0.0
1067.5	295.0355	0.0	0.0	0.0	0.0
1072.5	295.036	0.0	0.0	0.0	0.0
1077.5	295.0365	0.0	0.0	0.0	0.0
1082.5	295.037	0.0	0.0	0.0	0.0
1087.5	295.0375	0.0	0.0	0.0	0.0
1092.5	295.038	0.0	0.0	0.0	0.0
1097.5	295.0385	0.0	0.0	0.0	0.0
1102.5	295.039	0.0	0.0	0.0	0.0
1107.5	295.0395	0.0	0.0	0.0	0.0
1112.5	295.04	0.0	0.0	0.0	0.0
1117.5	295.0405	0.0	0.0	0.0	0.0
1122.5	295.041	0.0	0.0	0.0	0.0
1127.5	295.0415	0.0	0.0	0.0	0.0
1132.5	295.042	0.0	0.0	0.0	0.0
1137.5	295.0425	0.0	0.0	0.0	0.0
1142.5	295.043	0.0	0.0	0.0	0.0
1147.5	295.0435	0.0	0.0	0.0	0.0
1152.5	295.044	0.0	0.0	0.0	0.0
1157.5	295.0445	0.0	0.0	0.0	0.0
1162.5	295.045	0.0	0.0	0.0	0.0
1167.5	295.0455	0.0	0.0	0.0	0.0
1172.5	295.046	0.0	0.0	0.0	0.0
1177.5	295.0465	0.0	0.0	0.0	0.0
1182.5	295.047	0.0	0.0	0.0	0.0
1187.5	295.0475	0.0	0.0	0.0	0.0
1192.5	295.048	0.0	0.0	0.0	0.0
1197.5	295.0485	0.0	0.0	0.0	0.0
1202.5	295.049	0.0	0.0	0.0	0.0
1207.5	295.0495	0.0	0.0	0.0	0.0
1212.5	295.05	0.0	0.0	0.0	0.0
1217.5	295.0505	0.0	0.0	0.0	0.0
1222.5	295.051	0.0	0.0	0.0	0.0
1227.5	295.0515	0.0	0.0	0.0	0.0
1232.5	295.052	0.0	0.0	0.0	0.0
1237.5	295.0525	0.0	0.0	0.0	0.0
1242.5	295.053	0.0	0.0	0.0	0.0
1247.5	295.0535	0.0	0.0	0.0	0.0
