# Nz=	250	dz =	5.000000
#zc sv1
2.5	1.0
7.5	1.0
12.5	1.0
17.5	1.0
22.5	1.0
27.5	1.0
32.5	1.0
37.5	1.0
42.5	1.0
47.5	1.0
52.5	1.0
57.5	1.0
62.5	1.0
67.5	1.0
72.5	1.0
77.5	1.0
82.5	1.0
87.5	1.0
92.5	1.0
97.5	1.0
102.5	1.0
107.5	1.0
112.5	1.0
117.5	1.0
122.5	1.0
127.5	1.0
132.5	1.0
137.5	1.0
142.5	1.0
147.5	1.0
152.5	1.0
157.5	1.0
162.5	1.0
167.5	1.0
172.5	1.0
177.5	1.0
182.5	1.0
187.5	1.0
192.5	1.0
197.5	1.0
202.5	1.0
207.5	1.0
212.5	1.0
217.5	1.0
222.5	1.0
227.5	1.0
232.5	1.0
237.5	1.0
242.5	1.0
247.5	1.0
252.5	1.0
257.5	1.0
262.5	1.0
267.5	1.0
272.5	1.0
277.5	1.0
282.5	1.0
287.5	1.0
292.5	1.0
297.5	1.0
302.5	1.0
307.5	1.0
312.5	1.0
317.5	1.0
322.5	1.0
327.5	1.0
332.5	1.0
337.5	1.0
342.5	1.0
347.5	1.0
352.5	1.0
357.5	1.0
362.5	1.0
367.5	1.0
372.5	1.0
377.5	1.0
382.5	1.0
387.5	1.0
392.5	1.0
397.5	1.0
402.5	1.0
407.5	1.0
412.5	1.0
417.5	1.0
422.5	1.0
427.5	1.0
432.5	1.0
437.5	1.0
442.5	1.0
447.5	1.0
452.5	1.0
457.5	1.0
462.5	1.0
467.5	1.0
472.5	1.0
477.5	1.0
482.5	1.0
487.5	1.0
492.5	1.0
497.5	1.0
502.5	1.0
507.5	1.0
512.5	1.0
517.5	1.0
522.5	1.0
527.5	1.0
532.5	1.0
537.5	1.0
542.5	1.0
547.5	1.0
552.5	1.0
557.5	1.0
562.5	1.0
567.5	1.0
572.5	1.0
577.5	1.0
582.5	1.0
587.5	1.0
592.5	1.0
597.5	1.0
602.5	1.0
607.5	1.0
612.5	1.0
617.5	1.0
622.5	1.0
627.5	1.0
632.5	1.0
637.5	1.0
642.5	1.0
647.5	1.0
652.5	1.0
657.5	1.0
662.5	1.0
667.5	1.0
672.5	1.0
677.5	1.0
682.5	1.0
687.5	1.0
692.5	0.8
697.5	0.6
702.5	0.4
707.5	0.2
712.5	0.0
717.5	0.0
722.5	0.0
727.5	0.0
732.5	0.0
737.5	0.0
742.5	0.0
747.5	0.0
752.5	0.0
757.5	0.0
762.5	0.0
767.5	0.0
772.5	0.0
777.5	0.0
782.5	0.0
787.5	0.0
792.5	0.0
797.5	0.0
802.5	0.0
807.5	0.0
812.5	0.0
817.5	0.0
822.5	0.0
827.5	0.0
832.5	0.0
837.5	0.0
842.5	0.0
847.5	0.0
852.5	0.0
857.5	0.0
862.5	0.0
867.5	0.0
872.5	0.0
877.5	0.0
882.5	0.0
887.5	0.0
892.5	0.0
897.5	0.0
902.5	0.0
907.5	0.0
912.5	0.0
917.5	0.0
922.5	0.0
927.5	0.0
932.5	0.0
937.5	0.0
942.5	0.0
947.5	0.0
952.5	0.0
957.5	0.0
962.5	0.0
967.5	0.0
972.5	0.0
977.5	0.0
982.5	0.0
987.5	0.0
992.5	0.0
997.5	0.0
1002.5	0.0
1007.5	0.0
1012.5	0.0
1017.5	0.0
1022.5	0.0
1027.5	0.0
1032.5	0.0
1037.5	0.0
1042.5	0.0
1047.5	0.0
1052.5	0.0
1057.5	0.0
1062.5	0.0
1067.5	0.0
1072.5	0.0
1077.5	0.0
1082.5	0.0
1087.5	0.0
1092.5	0.0
1097.5	0.0
1102.5	0.0
1107.5	0.0
1112.5	0.0
1117.5	0.0
1122.5	0.0
1127.5	0.0
1132.5	0.0
1137.5	0.0
1142.5	0.0
1147.5	0.0
1152.5	0.0
1157.5	0.0
1162.5	0.0
1167.5	0.0
1172.5	0.0
1177.5	0.0
1182.5	0.0
1187.5	0.0
1192.5	0.0
1197.5	0.0
1202.5	0.0
1207.5	0.0
1212.5	0.0
1217.5	0.0
1222.5	0.0
1227.5	0.0
1232.5	0.0
1237.5	0.0
1242.5	0.0
1247.5	0.0
