# net shortwave on facets [W/m2] (including reflections and diffusive)
2.907106e+02
8.376176e+01
1.412167e+02
1.152284e+02
1.067859e+02
2.907106e+02
8.762696e+01
1.433040e+02
8.689149e+01
1.446027e+02
2.907106e+02
1.117165e+02
1.083457e+02
1.125415e+02
1.073502e+02
2.907106e+02
1.141299e+02
1.090017e+02
8.538291e+01
1.419316e+02
8.853069e+01
1.261717e+02
9.824260e+01
1.308946e+02
1.170559e+02
1.442647e+02
1.277988e+02
1.501083e+02
1.104623e+02
1.398172e+02
1.032049e+02
1.352662e+02
1.043995e+02
1.325595e+02
6.996288e+01
1.027059e+02
7.619342e+01
1.082848e+02
9.092552e+01
1.183005e+02
9.634772e+01
1.222045e+02
8.153316e+01
1.125160e+02
7.319714e+01
1.062384e+02
6.859689e+01
1.007029e+02
1.059942e+02
1.363041e+02
1.020229e+02
1.358941e+02
1.209486e+02
1.460092e+02
1.267626e+02
1.504347e+02
1.070427e+02
1.380124e+02
9.417465e+01
1.316451e+02
7.164385e+01
1.221431e+02
7.178072e+01
1.048968e+02
7.190182e+01
1.069152e+02
8.627671e+01
1.156608e+02
9.412722e+01
1.198784e+02
8.156914e+01
1.126930e+02
7.210730e+01
1.060008e+02
6.718079e+01
9.700586e+01
9.127451e+01
1.929708e+02
1.020370e+02
1.033445e+02
1.064806e+02
1.945029e+02
1.043807e+02
1.996951e+02
1.193704e+02
1.627871e+02
1.074879e+02
1.119501e+02
1.208734e+02
1.633585e+02
1.121193e+02
2.034404e+02
9.612672e+01
1.150925e+02
1.327117e+02
1.386653e+02
1.314581e+02
1.043930e+02
9.365053e+01
1.116225e+02
1.476427e+02
1.470317e+02
2.243567e+02
1.926192e+02
1.675286e+02
1.547896e+02
1.996555e+02
1.104091e+02
1.317839e+02
2.034176e+02
2.242010e+02
2.002609e+02
2.231595e+02
1.993461e+02
1.278741e+02
1.823385e+02
1.201485e+02
1.924867e+02
2.166110e+02
1.345836e+02
1.627608e+02
1.334521e+02
1.309690e+02
1.999505e+02
1.140449e+02
1.152949e+02
1.795550e+02
1.091801e+02
1.269740e+02
1.831262e+02
9.679367e+01
1.546224e+02
1.121998e+02
1.458975e+02
2.122298e+02
1.424943e+02
1.096728e+02
1.535126e+02
1.990382e+02
1.224249e+02
2.022617e+02
1.305334e+02
1.880538e+02
1.393284e+02
2.016073e+02
1.480034e+02
1.167441e+02
1.319351e+02
