# sky view factors
1.000000
0.177244
0.295576
0.298185
0.175641
1.000000
0.177452
0.293877
0.175641
0.300273
1.000000
0.296309
0.177244
0.293811
0.175641
1.000000
0.294262
0.177452
0.175641
0.294927
0.134798
0.320613
0.119927
0.325674
0.184365
0.367688
0.207141
0.382592
0.164530
0.363556
0.125636
0.329075
0.125014
0.284869
0.136349
0.322799
0.136212
0.341303
0.190586
0.373789
0.213309
0.389316
0.157677
0.358984
0.116669
0.321997
0.125099
0.285738
0.140574
0.323465
0.127874
0.344651
0.186193
0.376421
0.215433
0.386503
0.157493
0.356569
0.107339
0.323403
0.130346
0.284817
0.131712
0.319634
0.117031
0.337370
0.170942
0.365200
0.209652
0.380607
0.166988
0.365982
0.130697
0.338770
0.131139
0.285621
0.191425
0.320997
0.279543
0.195138
0.191594
0.319841
0.178497
0.357361
0.323614
0.195568
0.324018
0.236009
0.322458
0.195737
0.227846
0.391780
0.237395
0.268157
0.360727
0.384569
0.348543
0.216275
0.235763
0.238792
0.409629
0.400284
0.548403
0.420198
0.543021
0.459554
0.409299
0.236336
0.330593
0.401848
0.539340
0.553664
0.533779
0.401521
0.326307
0.357692
0.268107
0.356589
0.579054
0.344405
0.216224
0.353772
0.257579
0.459554
0.249445
0.241419
0.411379
0.231560
0.232939
0.366992
0.175187
0.461075
0.241703
0.235202
0.449200
0.394088
0.237991
0.234440
0.376351
0.364359
0.483619
0.394407
0.405268
0.527623
0.564716
0.415169
0.375937
0.314984
