# block location
#il    iu    jl     ju    kl    ku   corresp. facets
   5	  12	   5	  12	   1	  17	   1	   2	   3	   4	   5
   5	  12	  21	  28	   1	  17	   6	   7	   8	   9	  10
   5	  12	  37	  44	   1	  17	  11	  12	  13	  14	  15
   5	  12	  53	  60	   1	  17	  16	  17	  18	  19	  20
  21	  28	   5	  12	   1	  17	  21	  22	  23	  24	  25
  21	  28	  21	  28	   1	  17	  26	  27	  28	  29	  30
  21	  28	  37	  44	   1	  17	  31	  32	  33	  34	  35
  21	  28	  53	  60	   1	  17	  36	  37	  38	  39	  40
  37	  44	   5	  12	   1	  17	  41	  42	  43	  44	  45
  37	  44	  21	  28	   1	  17	  46	  47	  48	  49	  50
  37	  44	  37	  44	   1	  17	  51	  52	  53	  54	  55
  37	  44	  53	  60	   1	  17	  56	  57	  58	  59	  60
  53	  60	   5	  12	   1	  17	  61	  62	  63	  64	  65
  53	  60	  21	  28	   1	  17	  66	  67	  68	  69	  70
  53	  60	  37	  44	   1	  17	  71	  72	  73	  74	  75
  53	  60	  53	  60	   1	  17	  76	  77	  78	  79	  80
   4	   4	   5	  12	   0	   0	 137	   0	   0	   0	   0
  13	  13	   5	  12	   0	   0	 138	   0	   0	   0	   0
   5	  12	  13	  20	   0	   0	 139	   0	   0	   0	   0
   5	  12	   1	   4	   0	   0	 140	   0	   0	   0	   0
   4	   4	  21	  28	   0	   0	 141	   0	   0	   0	   0
  13	  13	  21	  28	   0	   0	 142	   0	   0	   0	   0
   5	  12	  29	  36	   0	   0	 143	   0	   0	   0	   0
   4	   4	  37	  44	   0	   0	 144	   0	   0	   0	   0
  13	  13	  37	  44	   0	   0	 145	   0	   0	   0	   0
   5	  12	  45	  52	   0	   0	 146	   0	   0	   0	   0
   4	   4	  53	  60	   0	   0	 147	   0	   0	   0	   0
  13	  13	  53	  60	   0	   0	 148	   0	   0	   0	   0
   5	  12	  61	  64	   0	   0	 149	   0	   0	   0	   0
  20	  20	   5	  12	   0	   0	 150	   0	   0	   0	   0
  29	  29	   5	  12	   0	   0	 151	   0	   0	   0	   0
  21	  28	  13	  20	   0	   0	 152	   0	   0	   0	   0
  21	  28	   1	   4	   0	   0	 153	   0	   0	   0	   0
  20	  20	  21	  28	   0	   0	 154	   0	   0	   0	   0
  29	  29	  21	  28	   0	   0	 155	   0	   0	   0	   0
  21	  28	  29	  36	   0	   0	 156	   0	   0	   0	   0
  20	  20	  37	  44	   0	   0	 157	   0	   0	   0	   0
  29	  29	  37	  44	   0	   0	 158	   0	   0	   0	   0
  21	  28	  45	  52	   0	   0	 159	   0	   0	   0	   0
  20	  20	  53	  60	   0	   0	 160	   0	   0	   0	   0
  29	  29	  53	  60	   0	   0	 161	   0	   0	   0	   0
  21	  28	  61	  64	   0	   0	 162	   0	   0	   0	   0
  36	  36	   5	  12	   0	   0	 163	   0	   0	   0	   0
  45	  45	   5	  12	   0	   0	 164	   0	   0	   0	   0
  37	  44	  13	  20	   0	   0	 165	   0	   0	   0	   0
  37	  44	   1	   4	   0	   0	 166	   0	   0	   0	   0
  36	  36	  21	  28	   0	   0	 167	   0	   0	   0	   0
  45	  45	  21	  28	   0	   0	 168	   0	   0	   0	   0
  37	  44	  29	  36	   0	   0	 169	   0	   0	   0	   0
  36	  36	  37	  44	   0	   0	 170	   0	   0	   0	   0
  45	  45	  37	  44	   0	   0	 171	   0	   0	   0	   0
  37	  44	  45	  52	   0	   0	 172	   0	   0	   0	   0
  36	  36	  53	  60	   0	   0	 173	   0	   0	   0	   0
  45	  45	  53	  60	   0	   0	 174	   0	   0	   0	   0
  37	  44	  61	  64	   0	   0	 175	   0	   0	   0	   0
  52	  52	   5	  12	   0	   0	 176	   0	   0	   0	   0
  61	  61	   5	  12	   0	   0	 177	   0	   0	   0	   0
  53	  60	  13	  20	   0	   0	 178	   0	   0	   0	   0
  53	  60	   1	   4	   0	   0	 179	   0	   0	   0	   0
  52	  52	  21	  28	   0	   0	 180	   0	   0	   0	   0
  61	  61	  21	  28	   0	   0	 181	   0	   0	   0	   0
  53	  60	  29	  36	   0	   0	 182	   0	   0	   0	   0
  52	  52	  37	  44	   0	   0	 183	   0	   0	   0	   0
  61	  61	  37	  44	   0	   0	 184	   0	   0	   0	   0
  53	  60	  45	  52	   0	   0	 185	   0	   0	   0	   0
  52	  52	  53	  60	   0	   0	 186	   0	   0	   0	   0
  61	  61	  53	  60	   0	   0	 187	   0	   0	   0	   0
  53	  60	  61	  64	   0	   0	 188	   0	   0	   0	   0
   1	   3	   1	  10	   0	   0	 189	   0	   0	   0	   0
   4	   4	   1	   4	   0	   0	 190	   0	   0	   0	   0
  13	  13	   1	   4	   0	   0	 191	   0	   0	   0	   0
  14	  19	   1	  10	   0	   0	 192	   0	   0	   0	   0
  20	  20	   1	   4	   0	   0	 193	   0	   0	   0	   0
  29	  29	   1	   4	   0	   0	 194	   0	   0	   0	   0
  30	  35	   1	  10	   0	   0	 195	   0	   0	   0	   0
  36	  36	   1	   4	   0	   0	 196	   0	   0	   0	   0
  45	  45	   1	   4	   0	   0	 197	   0	   0	   0	   0
  46	  51	   1	  10	   0	   0	 198	   0	   0	   0	   0
  52	  52	   1	   4	   0	   0	 199	   0	   0	   0	   0
  61	  61	   1	   4	   0	   0	 200	   0	   0	   0	   0
  62	  64	   1	  10	   0	   0	 201	   0	   0	   0	   0
   1	   3	  11	  20	   0	   0	 202	   0	   0	   0	   0
   4	   4	  13	  20	   0	   0	 203	   0	   0	   0	   0
  13	  13	  13	  20	   0	   0	 204	   0	   0	   0	   0
  14	  19	  11	  20	   0	   0	 205	   0	   0	   0	   0
  20	  20	  13	  20	   0	   0	 206	   0	   0	   0	   0
  29	  29	  13	  20	   0	   0	 207	   0	   0	   0	   0
  30	  35	  11	  20	   0	   0	 208	   0	   0	   0	   0
  36	  36	  13	  20	   0	   0	 209	   0	   0	   0	   0
  45	  45	  13	  20	   0	   0	 210	   0	   0	   0	   0
  46	  51	  11	  20	   0	   0	 211	   0	   0	   0	   0
  52	  52	  13	  20	   0	   0	 212	   0	   0	   0	   0
  61	  61	  13	  20	   0	   0	 213	   0	   0	   0	   0
  62	  64	  11	  20	   0	   0	 214	   0	   0	   0	   0
   1	   3	  21	  30	   0	   0	 215	   0	   0	   0	   0
   4	   4	  29	  36	   0	   0	 216	   0	   0	   0	   0
  13	  13	  29	  36	   0	   0	 217	   0	   0	   0	   0
  14	  19	  21	  30	   0	   0	 218	   0	   0	   0	   0
  20	  20	  29	  36	   0	   0	 219	   0	   0	   0	   0
  29	  29	  29	  36	   0	   0	 220	   0	   0	   0	   0
  30	  35	  21	  30	   0	   0	 221	   0	   0	   0	   0
  36	  36	  29	  36	   0	   0	 222	   0	   0	   0	   0
  45	  45	  29	  36	   0	   0	 223	   0	   0	   0	   0
  46	  51	  21	  30	   0	   0	 224	   0	   0	   0	   0
  52	  52	  29	  36	   0	   0	 225	   0	   0	   0	   0
  61	  61	  29	  36	   0	   0	 226	   0	   0	   0	   0
  62	  64	  21	  30	   0	   0	 227	   0	   0	   0	   0
   1	   3	  31	  40	   0	   0	 228	   0	   0	   0	   0
   4	   4	  45	  52	   0	   0	 229	   0	   0	   0	   0
  13	  13	  45	  52	   0	   0	 230	   0	   0	   0	   0
  14	  19	  31	  40	   0	   0	 231	   0	   0	   0	   0
  20	  20	  45	  52	   0	   0	 232	   0	   0	   0	   0
  29	  29	  45	  52	   0	   0	 233	   0	   0	   0	   0
  30	  35	  31	  40	   0	   0	 234	   0	   0	   0	   0
  36	  36	  45	  52	   0	   0	 235	   0	   0	   0	   0
  45	  45	  45	  52	   0	   0	 236	   0	   0	   0	   0
  46	  51	  31	  40	   0	   0	 237	   0	   0	   0	   0
  52	  52	  45	  52	   0	   0	 238	   0	   0	   0	   0
  61	  61	  45	  52	   0	   0	 239	   0	   0	   0	   0
  62	  64	  31	  40	   0	   0	 240	   0	   0	   0	   0
   1	   3	  41	  50	   0	   0	 241	   0	   0	   0	   0
  13	  20	  61	  64	   0	   0	 242	   0	   0	   0	   0
  14	  19	  41	  50	   0	   0	 243	   0	   0	   0	   0
  29	  36	  61	  64	   0	   0	 244	   0	   0	   0	   0
  30	  35	  41	  50	   0	   0	 245	   0	   0	   0	   0
  45	  52	  61	  64	   0	   0	 246	   0	   0	   0	   0
  46	  51	  41	  50	   0	   0	 247	   0	   0	   0	   0
  61	  64	  61	  64	   0	   0	 248	   0	   0	   0	   0
  62	  64	  41	  50	   0	   0	 249	   0	   0	   0	   0
   1	   3	  51	  60	   0	   0	 250	   0	   0	   0	   0
  14	  19	  51	  60	   0	   0	 251	   0	   0	   0	   0
  30	  35	  51	  60	   0	   0	 252	   0	   0	   0	   0
  46	  51	  51	  60	   0	   0	 253	   0	   0	   0	   0
  62	  64	  51	  60	   0	   0	 254	   0	   0	   0	   0
   1	   4	  61	  64	   0	   0	 255	   0	   0	   0	   0
