# net shortwave on facets [W/m2] (including reflections and diffusive)
2.907106e+02
8.677923e+01
1.450021e+02
1.206208e+02
1.118105e+02
2.907106e+02
9.193845e+01
1.561694e+02
1.197772e+02
1.465210e+02
2.907106e+02
9.360441e+01
1.554059e+02
1.197896e+02
1.475812e+02
2.907106e+02
8.729082e+01
1.488067e+02
8.941801e+01
1.490734e+02
2.907106e+02
1.137134e+02
1.449189e+02
1.287408e+02
1.142663e+02
2.907106e+02
1.243505e+02
1.568251e+02
1.307777e+02
1.539489e+02
2.907106e+02
1.263197e+02
1.553515e+02
1.263399e+02
1.573249e+02
2.907106e+02
1.163501e+02
1.489602e+02
9.381658e+01
1.578639e+02
2.907106e+02
1.176937e+02
1.440436e+02
1.269687e+02
1.151333e+02
2.907106e+02
1.279387e+02
1.518403e+02
1.279672e+02
1.544805e+02
2.907106e+02
1.272262e+02
1.541677e+02
1.280555e+02
1.547505e+02
2.907106e+02
1.212041e+02
1.464167e+02
9.519066e+01
1.574723e+02
2.907106e+02
1.160966e+02
1.057792e+02
1.172368e+02
1.085115e+02
2.907106e+02
1.270140e+02
1.110633e+02
1.176852e+02
1.416640e+02
2.907106e+02
1.268467e+02
1.122979e+02
1.167107e+02
1.459275e+02
2.907106e+02
1.195662e+02
1.076543e+02
8.754148e+01
1.469006e+02
9.829176e+01
1.321893e+02
1.269326e+02
1.517351e+02
1.172083e+02
1.444071e+02
1.250485e+02
1.491151e+02
1.231129e+02
1.487458e+02
1.095177e+02
1.385759e+02
1.048794e+02
1.335653e+02
6.728678e+01
1.012042e+02
9.328065e+01
1.218091e+02
8.514388e+01
1.157059e+02
9.041808e+01
1.194004e+02
9.052381e+01
1.197547e+02
8.011380e+01
1.122906e+02
7.027119e+01
1.023748e+02
1.062901e+02
1.330411e+02
1.317024e+02
1.526944e+02
1.202811e+02
1.436000e+02
1.294052e+02
1.497726e+02
1.281249e+02
1.486275e+02
1.135084e+02
1.387550e+02
7.623933e+01
1.233089e+02
8.547591e+01
1.115173e+02
1.013746e+02
1.235472e+02
9.234200e+01
1.162513e+02
9.916695e+01
1.209168e+02
9.747783e+01
1.194171e+02
8.360529e+01
1.094405e+02
6.510102e+01
9.781068e+01
1.000043e+02
1.988385e+02
1.974964e+02
1.197273e+02
1.158894e+02
2.113617e+02
1.836691e+02
1.040889e+02
2.112375e+02
1.958021e+02
1.005240e+02
2.011144e+02
1.333405e+02
1.244196e+02
2.033519e+02
2.062907e+02
1.273426e+02
1.376828e+02
2.126633e+02
2.076654e+02
1.378859e+02
2.122333e+02
2.065623e+02
1.261193e+02
2.051981e+02
1.415186e+02
1.375276e+02
1.970736e+02
1.933120e+02
1.254372e+02
1.520103e+02
2.105478e+02
1.942235e+02
1.390157e+02
2.108390e+02
2.065592e+02
1.270995e+02
1.988479e+02
1.402665e+02
1.413308e+02
1.366511e+02
1.831128e+02
1.181272e+02
1.503709e+02
1.449465e+02
1.821026e+02
1.376866e+02
1.456842e+02
1.943261e+02
1.305690e+02
1.381023e+02
1.325780e+02
1.324040e+02
1.042755e+02
1.428552e+02
1.664384e+02
1.369672e+02
1.308597e+02
1.670787e+02
1.411810e+02
1.406083e+02
1.659614e+02
1.285430e+02
9.582658e+01
7.882496e+01
1.517811e+02
1.793715e+02
2.298456e+02
2.208456e+02
2.069331e+02
2.336853e+02
2.228732e+02
2.083895e+02
2.324490e+02
2.204725e+02
2.037104e+02
1.731309e+02
1.062652e+02
1.405491e+02
1.795547e+02
2.318141e+02
2.124034e+02
2.094843e+02
2.352442e+02
2.136613e+02
2.098825e+02
2.341131e+02
2.120374e+02
2.060630e+02
1.745060e+02
9.753029e+01
1.663206e+02
1.789403e+02
2.308819e+02
2.080640e+02
2.075028e+02
2.340049e+02
2.090362e+02
2.088461e+02
2.331429e+02
2.077261e+02
2.050334e+02
1.732044e+02
1.045299e+02
1.480878e+02
1.896974e+02
2.199143e+02
1.895866e+02
2.210921e+02
1.875507e+02
2.198453e+02
1.059429e+02
1.039385e+02
1.313920e+02
2.038467e+02
2.029790e+02
2.019184e+02
8.987410e+01
1.257501e+02
