# sky view factors
1.000000
0.178286
0.300181
0.301830
0.177692
1.000000
0.183139
0.329977
0.306993
0.296616
1.000000
0.182714
0.321729
0.302830
0.307183
1.000000
0.178388
0.301497
0.177704
0.310078
1.000000
0.288106
0.297005
0.328584
0.182434
1.000000
0.313157
0.332509
0.346308
0.324551
1.000000
0.326195
0.321677
0.315876
0.335935
1.000000
0.281569
0.299782
0.182456
0.344102
1.000000
0.308425
0.302461
0.325621
0.182433
1.000000
0.327528
0.310606
0.337888
0.337544
1.000000
0.324408
0.323644
0.328869
0.330085
1.000000
0.311202
0.295923
0.182455
0.341139
1.000000
0.299833
0.178286
0.306145
0.177691
1.000000
0.327891
0.183139
0.310375
0.290462
1.000000
0.324784
0.182714
0.296676
0.313136
1.000000
0.301149
0.178388
0.177703
0.311823
0.154163
0.344416
0.212673
0.389165
0.179920
0.367084
0.196642
0.376734
0.190668
0.371266
0.149318
0.342288
0.118648
0.292786
0.113333
0.305204
0.214256
0.390708
0.176402
0.363585
0.193689
0.373794
0.190927
0.371513
0.159766
0.352558
0.118429
0.292567
0.132402
0.304085
0.227806
0.390879
0.183097
0.349984
0.217001
0.370470
0.214400
0.368560
0.169065
0.344122
0.119112
0.294287
0.182998
0.347688
0.241231
0.397676
0.197670
0.357558
0.223626
0.375208
0.218283
0.371124
0.170637
0.339440
0.117810
0.294247
0.234137
0.352094
0.437373
0.269548
0.235020
0.413197
0.428478
0.234901
0.412378
0.425156
0.234183
0.354151
0.268537
0.348698
0.380872
0.485744
0.312389
0.414075
0.419691
0.489862
0.412268
0.418376
0.485686
0.347548
0.381626
0.308904
0.346141
0.343726
0.485270
0.295382
0.419626
0.414221
0.488923
0.418311
0.412413
0.485212
0.346895
0.342576
0.291896
0.375318
0.200157
0.438776
0.276045
0.412936
0.231475
0.429016
0.412118
0.231356
0.426560
0.377375
0.200203
0.275034
0.250777
0.185232
0.404163
0.422959
0.366872
0.333902
0.426062
0.391444
0.391120
0.423672
0.332059
0.243400
0.220460
0.359256
0.409228
0.574187
0.599551
0.584509
0.594470
0.610862
0.593735
0.589079
0.599899
0.573602
0.400613
0.349157
0.301243
0.409701
0.584412
0.530802
0.596517
0.600098
0.536017
0.600083
0.596608
0.530748
0.584250
0.407126
0.297954
0.338218
0.409227
0.579169
0.590601
0.585652
0.594431
0.595268
0.593697
0.590222
0.590561
0.578584
0.400612
0.335527
0.337674
0.396179
0.584692
0.396469
0.590660
0.389681
0.585953
0.223977
0.331854
0.256120
0.481115
0.471431
0.469364
0.260689
0.221367
