# Initial facet tempereatures in radiative equilibrium
331.917328
318.602753
327.119995
325.416809
320.801971
331.917328
321.495819
330.038818
324.949829
328.358734
331.917328
322.644775
330.034882
325.281219
328.365936
331.917328
319.771637
329.340057
321.038635
328.887054
331.917328
322.907196
327.258331
326.759766
321.927887
331.917328
326.000702
330.144470
326.709259
329.417236
331.917328
325.936737
330.028229
326.824341
330.131683
331.917328
325.227295
329.503784
322.765076
330.066193
331.917328
323.421783
326.225067
325.964508
322.397400
331.917328
326.590393
329.060455
325.913849
328.673126
331.917328
326.376617
329.221191
326.673584
329.270782
331.917328
325.496216
328.375977
323.410553
329.962402
331.917328
322.854767
316.844208
322.856628
318.472504
331.917328
325.951508
319.701385
322.957703
325.834106
331.917328
325.998688
320.722229
323.621002
326.430359
331.917328
325.111908
318.522583
319.006226
327.186523
319.790955
320.952209
325.861145
325.343506
324.759583
324.424866
326.935516
325.710083
326.450439
325.890259
323.260498
323.343567
323.595428
323.985901
312.175995
315.292114
317.864990
319.491364
317.198944
318.898895
318.654266
320.094971
318.966736
320.464325
316.007172
318.094971
314.770782
317.538055
323.450500
323.568207
327.391296
326.143463
326.177216
325.487915
327.585083
326.548798
327.002380
325.997131
322.861328
322.694946
315.016235
319.692474
317.792969
318.505707
320.697998
320.622498
319.861145
320.188293
321.157104
321.034027
320.486542
320.477051
316.391785
317.258026
311.187439
314.476990
318.231079
333.808105
331.809509
320.497650
322.687012
335.805511
330.139801
321.643250
335.826538
332.054047
319.261322
335.473297
324.628845
321.500366
333.977112
332.504364
321.480499
323.745361
335.911072
332.869171
323.830383
335.870422
332.770203
323.293182
335.490723
325.876373
323.852142
333.285004
330.360077
321.850677
326.017365
335.181519
330.591156
324.029419
335.359039
332.689423
323.643921
334.833710
326.482086
323.389465
322.041077
328.439026
318.454468
325.462921
324.677032
328.655487
323.645477
325.469574
330.696625
322.929504
323.531311
322.832794
322.677399
319.339264
322.077454
326.171204
322.108368
321.779114
326.392334
322.508331
322.125641
325.706848
319.944122
313.871216
311.071899
325.959015
329.361115
333.250061
331.197144
329.931335
333.672119
331.344025
329.840576
333.216949
330.844025
328.768066
326.273743
315.917847
325.414276
329.750458
333.579376
332.275482
330.386414
334.031158
332.478851
330.277832
333.666962
331.938293
329.211395
326.764526
315.668365
329.360870
329.533051
333.578247
330.191864
330.325195
333.949524
330.330078
330.349091
333.746277
329.795013
329.368317
326.834320
316.726959
326.502045
331.579620
331.945648
331.730194
332.100647
330.892792
331.748901
317.310242
316.785156
324.216705
331.971649
332.279968
331.618469
314.497986
324.465393
