    330.000  34
    7.09261    218.000    4.32191E-07    6.93440E-07  0
    13.1720    231.000    4.19289E-07    9.23243E-07  0
    25.3308    245.000    4.24899E-07    1.27890E-06  0
    48.6350    260.000    4.12278E-07    1.70380E-06  0
    95.2436    276.000    4.59606E-07    2.60040E-06  0
    176.302    270.000    4.38849E-07    4.05764E-06  0
    333.353    258.000    4.08538E-07    6.29702E-06  0
    652.520    245.000    3.84971E-07    6.78494E-06  0
    1317.20    234.000    3.57941E-07    6.76637E-06  0
    2766.12    224.000    3.69835E-06    6.45060E-06  0
    3222.07    223.000    3.66955E-06    5.84206E-06  0
    3759.08    222.000    3.78973E-06    5.48301E-06  0
    4367.02    220.000    3.69566E-06    4.83796E-06  0
    5096.55    219.000    3.70910E-06    4.14682E-06  0
    5947.66    218.000    3.69444E-06    3.32304E-06  0
    6950.76    217.000    3.70354E-06    2.66922E-06  0
    8126.10    216.000    3.71384E-06    1.99210E-06  0
    9504.10    216.000    3.76013E-06    1.46976E-06  0
    11105.0    216.000    3.72031E-06    1.08660E-06  0
    12999.7    216.000    3.58904E-06    8.09878E-07  0
    15299.8    216.000    3.74612E-06    6.77690E-07  0
    17903.8    216.000    5.42635E-06    4.90333E-07  0
    20902.9    222.000    1.86031E-05    3.45568E-07  0
    24307.4    229.000    5.65073E-05    2.83827E-07  0
    28107.0    235.000    1.46736E-04    2.05385E-07  0
    32403.1    242.000    2.40877E-04    1.75554E-07  0
    37205.8    248.000    3.81227E-04    1.43414E-07  0
    42606.3    255.000    5.95317E-04    1.20347E-07  0
    48716.1    261.000    8.91472E-04    1.01004E-07  0
    55413.5    267.000    1.32547E-03    8.74808E-08  0
    62810.1    275.000    2.25771E-03    7.64516E-08  0
    71017.3    282.000    3.64708E-03    6.59238E-08  0
    80237.7    292.000    5.74660E-03    5.89395E-08  0
    90218.0    300.000    8.21040E-03    5.29703E-08  0
    101323.    310.000    1.23597E-02    5.29703E-08  0
