# orientation walltype block building
1      1      1      1      
2      1      1      1      
3      1      1      1      
4      1      1      1      
5      1      1      1      
1      1      2      2      
2      1      2      2      
3      1      2      2      
4      1      2      2      
5      1      2      2      
1      1      3      3      
2      1      3      3      
3      1      3      3      
4      1      3      3      
5      1      3      3      
1      1      4      4      
2      1      4      4      
3      1      4      4      
4      1      4      4      
5      1      4      4      
1      1      5      5      
2      1      5      5      
3      1      5      5      
4      1      5      5      
5      1      5      5      
1      1      6      6      
2      1      6      6      
3      1      6      6      
4      1      6      6      
5      1      6      6      
1      1      7      7      
2      1      7      7      
3      1      7      7      
4      1      7      7      
5      1      7      7      
1      1      8      8      
2      1      8      8      
3      1      8      8      
4      1      8      8      
5      1      8      8      
1      1      9      9      
2      1      9      9      
3      1      9      9      
4      1      9      9      
5      1      9      9      
1      1      10     10     
2      1      10     10     
3      1      10     10     
4      1      10     10     
5      1      10     10     
1      1      11     11     
2      1      11     11     
3      1      11     11     
4      1      11     11     
5      1      11     11     
1      1      12     12     
2      1      12     12     
3      1      12     12     
4      1      12     12     
5      1      12     12     
1      1      13     13     
2      1      13     13     
3      1      13     13     
4      1      13     13     
5      1      13     13     
1      1      14     14     
2      1      14     14     
3      1      14     14     
4      1      14     14     
5      1      14     14     
1      1      15     15     
2      1      15     15     
3      1      15     15     
4      1      15     15     
5      1      15     15     
1      1      16     16     
2      1      16     16     
3      1      16     16     
4      1      16     16     
5      1      16     16     
1      1      17     17     
2      1      17     17     
3      1      17     17     
4      1      17     17     
5      1      17     17     
1      1      18     18     
2      1      18     18     
3      1      18     18     
4      1      18     18     
5      1      18     18     
1      -1     19     -1     
1      -1     20     -1     
1      -1     21     -1     
1      -1     22     -1     
1      -1     23     -1     
1      -1     24     -1     
1      -1     25     -1     
1      -1     26     -1     
1      -1     27     -1     
1      -1     28     -1     
1      -1     29     -1     
1      -1     30     -1     
1      -1     31     -1     
1      -1     32     -1     
1      -1     33     -1     
1      -1     34     -1     
1      -1     35     -1     
1      -1     36     -1     
1      -1     37     -1     
1      -1     38     -1     
1      -1     39     -1     
1      -1     40     -1     
1      -1     41     -1     
1      -1     42     -1     
1      -1     43     -1     
1      -1     44     -1     
1      -1     45     -1     
1      -1     46     -1     
1      -1     47     -1     
1      -1     48     -1     
1      -1     49     -1     
1      -1     50     -1     
1      -1     51     -1     
1      -1     52     -1     
1      -1     53     -1     
1      -1     54     -1     
1      -1     55     -1     
1      -1     56     -1     
1      -1     57     -1     
1      -1     58     -1     
1      -1     59     -1     
1      -1     60     -1     
1      -1     61     -1     
1      -1     62     -1     
1      -1     63     -1     
1      -1     64     -1     
1      -1     65     -1     
1      -1     66     -1     
1      -1     67     -1     
1      -1     68     -1     
1      -1     69     -1     
1      -1     70     -1     
1      -1     71     -1     
1      -1     72     -1     
1      -1     73     -1     
1      -1     74     -1     
1      -1     75     -1     
1      -1     76     -1     
1      -1     77     -1     
1      -1     78     -1     
1      -1     79     -1     
1      -1     80     -1     
1      -1     81     -1     
1      -1     82     -1     
1      -1     83     -1     
1      -1     84     -1     
1      -1     85     -1     
1      -1     86     -1     
1      -1     87     -1     
1      -1     88     -1     
1      -1     89     -1     
1      -1     90     -1     
1      -1     91     -1     
1      -1     92     -1     
1      -1     93     -1     
1      -1     94     -1     
1      -1     95     -1     
1      -1     96     -1     
1      -1     97     -1     
1      -1     98     -1     
1      -1     99     -1     
1      -1     100    -1     
1      -1     101    -1     
1      -1     102    -1     
1      -1     103    -1     
1      -1     104    -1     
1      -1     105    -1     
1      -1     106    -1     
1      -1     107    -1     
1      -1     108    -1     
1      -1     109    -1     
1      -1     110    -1     
1      -1     111    -1     
1      -1     112    -1     
1      -1     113    -1     
1      -1     114    -1     
1      -1     115    -1     
1      -1     116    -1     
1      -1     117    -1     
1      -1     118    -1     
1      -1     119    -1     
1      -1     120    -1     
1      -1     121    -1     
1      -1     122    -1     
1      -1     123    -1     
1      -1     124    -1     
1      -1     125    -1     
1      -1     126    -1     
1      -1     127    -1     
1      -1     128    -1     
1      -1     129    -1     
1      -1     130    -1     
1      -1     131    -1     
1      -1     132    -1     
1      -1     133    -1     
1      -1     134    -1     
1      -1     135    -1     
1      -1     136    -1     
1      -1     137    -1     
1      -1     138    -1     
1      -1     139    -1     
1      -1     140    -1     
1      -1     141    -1     
1      -1     142    -1     
1      -1     143    -1     
1      -1     144    -1     
1      -1     145    -1     
