# Fence location
#  il  iu  jl  ju  kl  ku  z0horiz[m]  z0hhoriz[m]  Thoriz[K]  Twest  Teast  Tnorth  Tsouth         
36  54  36  56  0   17  0.010000 0.000067 288.00 288.00 288.00 288.00 288.00
6   24  36  56  0   17  0.010000 0.000067 288.00 288.00 288.00 288.00 288.00
6   24  6   27  0   17  0.010000 0.000067 288.00 288.00 288.00 288.00 288.00
36  54  6   27  0   17  0.010000 0.000067 288.00 288.00 288.00 288.00 288.00
96  114 36  56  0   17  0.010000 0.000067 288.00 288.00 288.00 288.00 288.00
156 174 36  56  0   17  0.010000 0.000067 288.00 288.00 288.00 288.00 288.00
216 234 36  56  0   17  0.010000 0.000067 288.00 288.00 288.00 288.00 288.00
66  84  36  56  0   17  0.010000 0.000067 288.00 288.00 288.00 288.00 288.00
126 144 36  56  0   17  0.010000 0.000067 288.00 288.00 288.00 288.00 288.00
186 204 36  56  0   17  0.010000 0.000067 288.00 288.00 288.00 288.00 288.00
66  84  6   27  0   17  0.010000 0.000067 288.00 288.00 288.00 288.00 288.00
126 144 6   27  0   17  0.010000 0.000067 288.00 288.00 288.00 288.00 288.00
186 204 6   27  0   17  0.010000 0.000067 288.00 288.00 288.00 288.00 288.00
96  114 6   27  0   17  0.010000 0.000067 288.00 288.00 288.00 288.00 288.00
156 174 6   27  0   17  0.010000 0.000067 288.00 288.00 288.00 288.00 288.00
216 234 6   27  0   17  0.010000 0.000067 288.00 288.00 288.00 288.00 288.00
36  54  96  116 0   17  0.010000 0.000067 288.00 288.00 288.00 288.00 288.00
6   24  96  116 0   17  0.010000 0.000067 288.00 288.00 288.00 288.00 288.00
6   24  66  87  0   17  0.010000 0.000067 288.00 288.00 288.00 288.00 288.00
36  54  66  87  0   17  0.010000 0.000067 288.00 288.00 288.00 288.00 288.00
96  114 96  116 0   17  0.010000 0.000067 288.00 288.00 288.00 288.00 288.00
156 174 96  116 0   17  0.010000 0.000067 288.00 288.00 288.00 288.00 288.00
216 234 96  116 0   17  0.010000 0.000067 288.00 288.00 288.00 288.00 288.00
66  84  96  116 0   17  0.010000 0.000067 288.00 288.00 288.00 288.00 288.00
126 144 96  116 0   17  0.010000 0.000067 288.00 288.00 288.00 288.00 288.00
186 204 96  116 0   17  0.010000 0.000067 288.00 288.00 288.00 288.00 288.00
66  84  66  87  0   17  0.010000 0.000067 288.00 288.00 288.00 288.00 288.00
126 144 66  87  0   17  0.010000 0.000067 288.00 288.00 288.00 288.00 288.00
186 204 66  87  0   17  0.010000 0.000067 288.00 288.00 288.00 288.00 288.00
96  114 66  87  0   17  0.010000 0.000067 288.00 288.00 288.00 288.00 288.00
156 174 66  87  0   17  0.010000 0.000067 288.00 288.00 288.00 288.00 288.00
216 234 66  87  0   17  0.010000 0.000067 288.00 288.00 288.00 288.00 288.00
