# Block data
#  il	   iu	   jl	   ju	   kl	   ku	 dtop	 dwest	 deast	 dnor	 dsou
   6	  24	   6	  27	   1	  18	   1	   2	   3	   4	   5
   6	  24	  36	  56	   1	  18	   6	   7	   8	   9	  10
   6	  24	  66	  87	   1	  18	  11	  12	  13	  14	  15
   6	  24	  96	 116	   1	  18	  16	  17	  18	  19	  20
  36	  54	   6	  27	   1	  18	  21	  22	  23	  24	  25
  36	  54	  36	  56	   1	  18	  26	  27	  28	  29	  30
  36	  54	  66	  87	   1	  18	  31	  32	  33	  34	  35
  36	  54	  96	 116	   1	  18	  36	  37	  38	  39	  40
  66	  84	   6	  27	   1	  18	  41	  42	  43	  44	  45
  66	  84	  36	  56	   1	  18	  46	  47	  48	  49	  50
  66	  84	  66	  87	   1	  18	  51	  52	  53	  54	  55
  66	  84	  96	 116	   1	  18	  56	  57	  58	  59	  60
  96	 114	   6	  27	   1	  18	  61	  62	  63	  64	  65
  96	 114	  36	  56	   1	  18	  66	  67	  68	  69	  70
  96	 114	  66	  87	   1	  18	  71	  72	  73	  74	  75
  96	 114	  96	 116	   1	  18	  76	  77	  78	  79	  80
 126	 144	   6	  27	   1	  18	  81	  82	  83	  84	  85
 126	 144	  36	  56	   1	  18	  86	  87	  88	  89	  90
 126	 144	  66	  87	   1	  18	  91	  92	  93	  94	  95
 126	 144	  96	 116	   1	  18	  96	  97	  98	  99	 100
 156	 174	   6	  27	   1	  18	 101	 102	 103	 104	 105
 156	 174	  36	  56	   1	  18	 106	 107	 108	 109	 110
 156	 174	  66	  87	   1	  18	 111	 112	 113	 114	 115
 156	 174	  96	 116	   1	  18	 116	 117	 118	 119	 120
 186	 204	   6	  27	   1	  18	 121	 122	 123	 124	 125
 186	 204	  36	  56	   1	  18	 126	 127	 128	 129	 130
 186	 204	  66	  87	   1	  18	 131	 132	 133	 134	 135
 186	 204	  96	 116	   1	  18	 136	 137	 138	 139	 140
 216	 234	   6	  27	   1	  18	 141	 142	 143	 144	 145
 216	 234	  36	  56	   1	  18	 146	 147	 148	 149	 150
 216	 234	  66	  87	   1	  18	 151	 152	 153	 154	 155
 216	 234	  96	 116	   1	  18	 156	 157	 158	 159	 160
   5	   5	   6	  27	   0	   0	 305	   0	   0	   0	   0
  25	  25	   6	  27	   0	   0	 306	   0	   0	   0	   0
   6	  15	  28	  35	   0	   0	 307	   0	   0	   0	   0
   6	  15	   1	   5	   0	   0	 308	   0	   0	   0	   0
   5	   5	  36	  56	   0	   0	 309	   0	   0	   0	   0
  25	  25	  36	  56	   0	   0	 310	   0	   0	   0	   0
   6	  15	  57	  65	   0	   0	 311	   0	   0	   0	   0
   5	   5	  66	  87	   0	   0	 312	   0	   0	   0	   0
  25	  25	  66	  87	   0	   0	 313	   0	   0	   0	   0
   6	  15	  88	  95	   0	   0	 314	   0	   0	   0	   0
   5	   5	  96	 116	   0	   0	 315	   0	   0	   0	   0
  25	  25	  96	 116	   0	   0	 316	   0	   0	   0	   0
   6	  15	 117	 120	   0	   0	 317	   0	   0	   0	   0
  35	  35	   6	  27	   0	   0	 318	   0	   0	   0	   0
  55	  55	   6	  27	   0	   0	 319	   0	   0	   0	   0
  36	  45	  28	  35	   0	   0	 320	   0	   0	   0	   0
  36	  45	   1	   5	   0	   0	 321	   0	   0	   0	   0
  35	  35	  36	  56	   0	   0	 322	   0	   0	   0	   0
  55	  55	  36	  56	   0	   0	 323	   0	   0	   0	   0
  36	  45	  57	  65	   0	   0	 324	   0	   0	   0	   0
  35	  35	  66	  87	   0	   0	 325	   0	   0	   0	   0
  55	  55	  66	  87	   0	   0	 326	   0	   0	   0	   0
  36	  45	  88	  95	   0	   0	 327	   0	   0	   0	   0
  35	  35	  96	 116	   0	   0	 328	   0	   0	   0	   0
  55	  55	  96	 116	   0	   0	 329	   0	   0	   0	   0
  36	  45	 117	 120	   0	   0	 330	   0	   0	   0	   0
  65	  65	   6	  27	   0	   0	 331	   0	   0	   0	   0
  85	  85	   6	  27	   0	   0	 332	   0	   0	   0	   0
  66	  75	  28	  35	   0	   0	 333	   0	   0	   0	   0
  66	  75	   1	   5	   0	   0	 334	   0	   0	   0	   0
  65	  65	  36	  56	   0	   0	 335	   0	   0	   0	   0
  85	  85	  36	  56	   0	   0	 336	   0	   0	   0	   0
  66	  75	  57	  65	   0	   0	 337	   0	   0	   0	   0
  65	  65	  66	  87	   0	   0	 338	   0	   0	   0	   0
  85	  85	  66	  87	   0	   0	 339	   0	   0	   0	   0
  66	  75	  88	  95	   0	   0	 340	   0	   0	   0	   0
  65	  65	  96	 116	   0	   0	 341	   0	   0	   0	   0
  85	  85	  96	 116	   0	   0	 342	   0	   0	   0	   0
  66	  75	 117	 120	   0	   0	 343	   0	   0	   0	   0
  95	  95	   6	  27	   0	   0	 344	   0	   0	   0	   0
 115	 115	   6	  27	   0	   0	 345	   0	   0	   0	   0
  96	 105	  28	  35	   0	   0	 346	   0	   0	   0	   0
  96	 105	   1	   5	   0	   0	 347	   0	   0	   0	   0
  95	  95	  36	  56	   0	   0	 348	   0	   0	   0	   0
 115	 115	  36	  56	   0	   0	 349	   0	   0	   0	   0
  96	 105	  57	  65	   0	   0	 350	   0	   0	   0	   0
  95	  95	  66	  87	   0	   0	 351	   0	   0	   0	   0
 115	 115	  66	  87	   0	   0	 352	   0	   0	   0	   0
  96	 105	  88	  95	   0	   0	 353	   0	   0	   0	   0
  95	  95	  96	 116	   0	   0	 354	   0	   0	   0	   0
 115	 115	  96	 116	   0	   0	 355	   0	   0	   0	   0
  96	 105	 117	 120	   0	   0	 356	   0	   0	   0	   0
 125	 125	   6	  27	   0	   0	 357	   0	   0	   0	   0
 145	 145	   6	  27	   0	   0	 358	   0	   0	   0	   0
 126	 135	  28	  35	   0	   0	 359	   0	   0	   0	   0
 126	 135	   1	   5	   0	   0	 360	   0	   0	   0	   0
 125	 125	  36	  56	   0	   0	 361	   0	   0	   0	   0
 145	 145	  36	  56	   0	   0	 362	   0	   0	   0	   0
 126	 135	  57	  65	   0	   0	 363	   0	   0	   0	   0
 125	 125	  66	  87	   0	   0	 364	   0	   0	   0	   0
 145	 145	  66	  87	   0	   0	 365	   0	   0	   0	   0
 126	 135	  88	  95	   0	   0	 366	   0	   0	   0	   0
 125	 125	  96	 116	   0	   0	 367	   0	   0	   0	   0
 145	 145	  96	 116	   0	   0	 368	   0	   0	   0	   0
 126	 135	 117	 120	   0	   0	 369	   0	   0	   0	   0
 155	 155	   6	  27	   0	   0	 370	   0	   0	   0	   0
 175	 175	   6	  27	   0	   0	 371	   0	   0	   0	   0
 156	 165	  28	  35	   0	   0	 372	   0	   0	   0	   0
 156	 165	   1	   5	   0	   0	 373	   0	   0	   0	   0
 155	 155	  36	  56	   0	   0	 374	   0	   0	   0	   0
 175	 175	  36	  56	   0	   0	 375	   0	   0	   0	   0
 156	 165	  57	  65	   0	   0	 376	   0	   0	   0	   0
 155	 155	  66	  87	   0	   0	 377	   0	   0	   0	   0
 175	 175	  66	  87	   0	   0	 378	   0	   0	   0	   0
 156	 165	  88	  95	   0	   0	 379	   0	   0	   0	   0
 155	 155	  96	 116	   0	   0	 380	   0	   0	   0	   0
 175	 175	  96	 116	   0	   0	 381	   0	   0	   0	   0
 156	 165	 117	 120	   0	   0	 382	   0	   0	   0	   0
 185	 185	   6	  27	   0	   0	 383	   0	   0	   0	   0
 205	 205	   6	  27	   0	   0	 384	   0	   0	   0	   0
 186	 195	  28	  35	   0	   0	 385	   0	   0	   0	   0
 186	 195	   1	   5	   0	   0	 386	   0	   0	   0	   0
 185	 185	  36	  56	   0	   0	 387	   0	   0	   0	   0
 205	 205	  36	  56	   0	   0	 388	   0	   0	   0	   0
 186	 195	  57	  65	   0	   0	 389	   0	   0	   0	   0
 185	 185	  66	  87	   0	   0	 390	   0	   0	   0	   0
 205	 205	  66	  87	   0	   0	 391	   0	   0	   0	   0
 186	 195	  88	  95	   0	   0	 392	   0	   0	   0	   0
 185	 185	  96	 116	   0	   0	 393	   0	   0	   0	   0
 205	 205	  96	 116	   0	   0	 394	   0	   0	   0	   0
 186	 195	 117	 120	   0	   0	 395	   0	   0	   0	   0
 215	 215	   6	  27	   0	   0	 396	   0	   0	   0	   0
 235	 235	   6	  27	   0	   0	 397	   0	   0	   0	   0
 216	 225	  28	  35	   0	   0	 398	   0	   0	   0	   0
 216	 225	   1	   5	   0	   0	 399	   0	   0	   0	   0
 215	 215	  36	  56	   0	   0	 400	   0	   0	   0	   0
 235	 235	  36	  56	   0	   0	 401	   0	   0	   0	   0
 216	 225	  57	  65	   0	   0	 402	   0	   0	   0	   0
 215	 215	  66	  87	   0	   0	 403	   0	   0	   0	   0
 235	 235	  66	  87	   0	   0	 404	   0	   0	   0	   0
 216	 225	  88	  95	   0	   0	 405	   0	   0	   0	   0
 215	 215	  96	 116	   0	   0	 406	   0	   0	   0	   0
 235	 235	  96	 116	   0	   0	 407	   0	   0	   0	   0
 216	 225	 117	 120	   0	   0	 408	   0	   0	   0	   0
   1	   4	   1	  10	   0	   0	 409	   0	   0	   0	   0
   5	   5	   1	   5	   0	   0	 410	   0	   0	   0	   0
  25	  25	   1	   5	   0	   0	 411	   0	   0	   0	   0
  26	  34	   1	  10	   0	   0	 412	   0	   0	   0	   0
  35	  35	   1	   5	   0	   0	 413	   0	   0	   0	   0
  55	  55	   1	   5	   0	   0	 414	   0	   0	   0	   0
  56	  64	   1	  10	   0	   0	 415	   0	   0	   0	   0
  65	  65	   1	   5	   0	   0	 416	   0	   0	   0	   0
  85	  85	   1	   5	   0	   0	 417	   0	   0	   0	   0
  86	  94	   1	  10	   0	   0	 418	   0	   0	   0	   0
  95	  95	   1	   5	   0	   0	 419	   0	   0	   0	   0
 115	 115	   1	   5	   0	   0	 420	   0	   0	   0	   0
 116	 124	   1	  10	   0	   0	 421	   0	   0	   0	   0
 125	 125	   1	   5	   0	   0	 422	   0	   0	   0	   0
 145	 145	   1	   5	   0	   0	 423	   0	   0	   0	   0
 146	 154	   1	  10	   0	   0	 424	   0	   0	   0	   0
 155	 155	   1	   5	   0	   0	 425	   0	   0	   0	   0
 175	 175	   1	   5	   0	   0	 426	   0	   0	   0	   0
 176	 184	   1	  10	   0	   0	 427	   0	   0	   0	   0
 185	 185	   1	   5	   0	   0	 428	   0	   0	   0	   0
 205	 205	   1	   5	   0	   0	 429	   0	   0	   0	   0
 206	 214	   1	  10	   0	   0	 430	   0	   0	   0	   0
 215	 215	   1	   5	   0	   0	 431	   0	   0	   0	   0
 235	 235	   1	   5	   0	   0	 432	   0	   0	   0	   0
 236	 240	   1	  10	   0	   0	 433	   0	   0	   0	   0
   1	   4	  11	  20	   0	   0	 434	   0	   0	   0	   0
   5	   5	  28	  35	   0	   0	 435	   0	   0	   0	   0
  25	  25	  28	  35	   0	   0	 436	   0	   0	   0	   0
  26	  34	  11	  20	   0	   0	 437	   0	   0	   0	   0
  35	  35	  28	  35	   0	   0	 438	   0	   0	   0	   0
  55	  55	  28	  35	   0	   0	 439	   0	   0	   0	   0
  56	  64	  11	  20	   0	   0	 440	   0	   0	   0	   0
  65	  65	  28	  35	   0	   0	 441	   0	   0	   0	   0
  85	  85	  28	  35	   0	   0	 442	   0	   0	   0	   0
  86	  94	  11	  20	   0	   0	 443	   0	   0	   0	   0
  95	  95	  28	  35	   0	   0	 444	   0	   0	   0	   0
 115	 115	  28	  35	   0	   0	 445	   0	   0	   0	   0
 116	 124	  11	  20	   0	   0	 446	   0	   0	   0	   0
 125	 125	  28	  35	   0	   0	 447	   0	   0	   0	   0
 145	 145	  28	  35	   0	   0	 448	   0	   0	   0	   0
 146	 154	  11	  20	   0	   0	 449	   0	   0	   0	   0
 155	 155	  28	  35	   0	   0	 450	   0	   0	   0	   0
 175	 175	  28	  35	   0	   0	 451	   0	   0	   0	   0
 176	 184	  11	  20	   0	   0	 452	   0	   0	   0	   0
 185	 185	  28	  35	   0	   0	 453	   0	   0	   0	   0
 205	 205	  28	  35	   0	   0	 454	   0	   0	   0	   0
 206	 214	  11	  20	   0	   0	 455	   0	   0	   0	   0
 215	 215	  28	  35	   0	   0	 456	   0	   0	   0	   0
 235	 235	  28	  35	   0	   0	 457	   0	   0	   0	   0
 236	 240	  11	  20	   0	   0	 458	   0	   0	   0	   0
   1	   4	  21	  30	   0	   0	 459	   0	   0	   0	   0
   5	   5	  57	  65	   0	   0	 460	   0	   0	   0	   0
  25	  25	  57	  65	   0	   0	 461	   0	   0	   0	   0
  26	  34	  21	  30	   0	   0	 462	   0	   0	   0	   0
  35	  35	  57	  65	   0	   0	 463	   0	   0	   0	   0
  55	  55	  57	  65	   0	   0	 464	   0	   0	   0	   0
  56	  64	  21	  30	   0	   0	 465	   0	   0	   0	   0
  65	  65	  57	  65	   0	   0	 466	   0	   0	   0	   0
  85	  85	  57	  65	   0	   0	 467	   0	   0	   0	   0
  86	  94	  21	  30	   0	   0	 468	   0	   0	   0	   0
  95	  95	  57	  65	   0	   0	 469	   0	   0	   0	   0
 115	 115	  57	  65	   0	   0	 470	   0	   0	   0	   0
 116	 124	  21	  30	   0	   0	 471	   0	   0	   0	   0
 125	 125	  57	  65	   0	   0	 472	   0	   0	   0	   0
 145	 145	  57	  65	   0	   0	 473	   0	   0	   0	   0
 146	 154	  21	  30	   0	   0	 474	   0	   0	   0	   0
 155	 155	  57	  65	   0	   0	 475	   0	   0	   0	   0
 175	 175	  57	  65	   0	   0	 476	   0	   0	   0	   0
 176	 184	  21	  30	   0	   0	 477	   0	   0	   0	   0
 185	 185	  57	  65	   0	   0	 478	   0	   0	   0	   0
 205	 205	  57	  65	   0	   0	 479	   0	   0	   0	   0
 206	 214	  21	  30	   0	   0	 480	   0	   0	   0	   0
 215	 215	  57	  65	   0	   0	 481	   0	   0	   0	   0
 235	 235	  57	  65	   0	   0	 482	   0	   0	   0	   0
 236	 240	  21	  30	   0	   0	 483	   0	   0	   0	   0
   1	   4	  31	  40	   0	   0	 484	   0	   0	   0	   0
   5	   5	  88	  95	   0	   0	 485	   0	   0	   0	   0
  25	  25	  88	  95	   0	   0	 486	   0	   0	   0	   0
  26	  34	  31	  40	   0	   0	 487	   0	   0	   0	   0
  35	  35	  88	  95	   0	   0	 488	   0	   0	   0	   0
  55	  55	  88	  95	   0	   0	 489	   0	   0	   0	   0
  56	  64	  31	  40	   0	   0	 490	   0	   0	   0	   0
  65	  65	  88	  95	   0	   0	 491	   0	   0	   0	   0
  85	  85	  88	  95	   0	   0	 492	   0	   0	   0	   0
  86	  94	  31	  40	   0	   0	 493	   0	   0	   0	   0
  95	  95	  88	  95	   0	   0	 494	   0	   0	   0	   0
 115	 115	  88	  95	   0	   0	 495	   0	   0	   0	   0
 116	 124	  31	  40	   0	   0	 496	   0	   0	   0	   0
 125	 125	  88	  95	   0	   0	 497	   0	   0	   0	   0
 145	 145	  88	  95	   0	   0	 498	   0	   0	   0	   0
 146	 154	  31	  40	   0	   0	 499	   0	   0	   0	   0
 155	 155	  88	  95	   0	   0	 500	   0	   0	   0	   0
 175	 175	  88	  95	   0	   0	 501	   0	   0	   0	   0
 176	 184	  31	  40	   0	   0	 502	   0	   0	   0	   0
 185	 185	  88	  95	   0	   0	 503	   0	   0	   0	   0
 205	 205	  88	  95	   0	   0	 504	   0	   0	   0	   0
 206	 214	  31	  40	   0	   0	 505	   0	   0	   0	   0
 215	 215	  88	  95	   0	   0	 506	   0	   0	   0	   0
 235	 235	  88	  95	   0	   0	 507	   0	   0	   0	   0
 236	 240	  31	  40	   0	   0	 508	   0	   0	   0	   0
   1	   4	  41	  50	   0	   0	 509	   0	   0	   0	   0
   5	   5	 117	 120	   0	   0	 510	   0	   0	   0	   0
  25	  25	 117	 120	   0	   0	 511	   0	   0	   0	   0
  26	  34	  41	  50	   0	   0	 512	   0	   0	   0	   0
  35	  35	 117	 120	   0	   0	 513	   0	   0	   0	   0
  55	  55	 117	 120	   0	   0	 514	   0	   0	   0	   0
  56	  64	  41	  50	   0	   0	 515	   0	   0	   0	   0
  65	  65	 117	 120	   0	   0	 516	   0	   0	   0	   0
  85	  85	 117	 120	   0	   0	 517	   0	   0	   0	   0
  86	  94	  41	  50	   0	   0	 518	   0	   0	   0	   0
  95	  95	 117	 120	   0	   0	 519	   0	   0	   0	   0
 115	 115	 117	 120	   0	   0	 520	   0	   0	   0	   0
 116	 124	  41	  50	   0	   0	 521	   0	   0	   0	   0
 125	 125	 117	 120	   0	   0	 522	   0	   0	   0	   0
 145	 145	 117	 120	   0	   0	 523	   0	   0	   0	   0
 146	 154	  41	  50	   0	   0	 524	   0	   0	   0	   0
 155	 155	 117	 120	   0	   0	 525	   0	   0	   0	   0
 175	 175	 117	 120	   0	   0	 526	   0	   0	   0	   0
 176	 184	  41	  50	   0	   0	 527	   0	   0	   0	   0
 185	 185	 117	 120	   0	   0	 528	   0	   0	   0	   0
 205	 205	 117	 120	   0	   0	 529	   0	   0	   0	   0
 206	 214	  41	  50	   0	   0	 530	   0	   0	   0	   0
 215	 215	 117	 120	   0	   0	 531	   0	   0	   0	   0
 235	 235	 117	 120	   0	   0	 532	   0	   0	   0	   0
 236	 240	  41	  50	   0	   0	 533	   0	   0	   0	   0
   1	   4	  51	  60	   0	   0	 534	   0	   0	   0	   0
  26	  34	  51	  60	   0	   0	 535	   0	   0	   0	   0
  56	  64	  51	  60	   0	   0	 536	   0	   0	   0	   0
  86	  94	  51	  60	   0	   0	 537	   0	   0	   0	   0
 116	 124	  51	  60	   0	   0	 538	   0	   0	   0	   0
 146	 154	  51	  60	   0	   0	 539	   0	   0	   0	   0
 176	 184	  51	  60	   0	   0	 540	   0	   0	   0	   0
 206	 214	  51	  60	   0	   0	 541	   0	   0	   0	   0
 236	 240	  51	  60	   0	   0	 542	   0	   0	   0	   0
   1	   4	  61	  70	   0	   0	 543	   0	   0	   0	   0
  26	  34	  61	  70	   0	   0	 544	   0	   0	   0	   0
  56	  64	  61	  70	   0	   0	 545	   0	   0	   0	   0
  86	  94	  61	  70	   0	   0	 546	   0	   0	   0	   0
 116	 124	  61	  70	   0	   0	 547	   0	   0	   0	   0
 146	 154	  61	  70	   0	   0	 548	   0	   0	   0	   0
 176	 184	  61	  70	   0	   0	 549	   0	   0	   0	   0
 206	 214	  61	  70	   0	   0	 550	   0	   0	   0	   0
 236	 240	  61	  70	   0	   0	 551	   0	   0	   0	   0
   1	   4	  71	  80	   0	   0	 552	   0	   0	   0	   0
  26	  34	  71	  80	   0	   0	 553	   0	   0	   0	   0
  56	  64	  71	  80	   0	   0	 554	   0	   0	   0	   0
  86	  94	  71	  80	   0	   0	 555	   0	   0	   0	   0
 116	 124	  71	  80	   0	   0	 556	   0	   0	   0	   0
 146	 154	  71	  80	   0	   0	 557	   0	   0	   0	   0
 176	 184	  71	  80	   0	   0	 558	   0	   0	   0	   0
 206	 214	  71	  80	   0	   0	 559	   0	   0	   0	   0
 236	 240	  71	  80	   0	   0	 560	   0	   0	   0	   0
   1	   4	  81	  90	   0	   0	 561	   0	   0	   0	   0
  26	  34	  81	  90	   0	   0	 562	   0	   0	   0	   0
  56	  64	  81	  90	   0	   0	 563	   0	   0	   0	   0
  86	  94	  81	  90	   0	   0	 564	   0	   0	   0	   0
 116	 124	  81	  90	   0	   0	 565	   0	   0	   0	   0
 146	 154	  81	  90	   0	   0	 566	   0	   0	   0	   0
 176	 184	  81	  90	   0	   0	 567	   0	   0	   0	   0
 206	 214	  81	  90	   0	   0	 568	   0	   0	   0	   0
 236	 240	  81	  90	   0	   0	 569	   0	   0	   0	   0
   1	   4	  91	 100	   0	   0	 570	   0	   0	   0	   0
  26	  34	  91	 100	   0	   0	 571	   0	   0	   0	   0
  56	  64	  91	 100	   0	   0	 572	   0	   0	   0	   0
  86	  94	  91	 100	   0	   0	 573	   0	   0	   0	   0
 116	 124	  91	 100	   0	   0	 574	   0	   0	   0	   0
 146	 154	  91	 100	   0	   0	 575	   0	   0	   0	   0
 176	 184	  91	 100	   0	   0	 576	   0	   0	   0	   0
 206	 214	  91	 100	   0	   0	 577	   0	   0	   0	   0
 236	 240	  91	 100	   0	   0	 578	   0	   0	   0	   0
   1	   4	 101	 110	   0	   0	 579	   0	   0	   0	   0
  26	  34	 101	 110	   0	   0	 580	   0	   0	   0	   0
  56	  64	 101	 110	   0	   0	 581	   0	   0	   0	   0
  86	  94	 101	 110	   0	   0	 582	   0	   0	   0	   0
 116	 124	 101	 110	   0	   0	 583	   0	   0	   0	   0
 146	 154	 101	 110	   0	   0	 584	   0	   0	   0	   0
 176	 184	 101	 110	   0	   0	 585	   0	   0	   0	   0
 206	 214	 101	 110	   0	   0	 586	   0	   0	   0	   0
 236	 240	 101	 110	   0	   0	 587	   0	   0	   0	   0
   1	   4	 111	 120	   0	   0	 588	   0	   0	   0	   0
  26	  34	 111	 120	   0	   0	 589	   0	   0	   0	   0
  56	  64	 111	 120	   0	   0	 590	   0	   0	   0	   0
  86	  94	 111	 120	   0	   0	 591	   0	   0	   0	   0
 116	 124	 111	 120	   0	   0	 592	   0	   0	   0	   0
 146	 154	 111	 120	   0	   0	 593	   0	   0	   0	   0
 176	 184	 111	 120	   0	   0	 594	   0	   0	   0	   0
 206	 214	 111	 120	   0	   0	 595	   0	   0	   0	   0
 236	 240	 111	 120	   0	   0	 596	   0	   0	   0	   0
  16	  24	  28	  35	   0	   0	 597	   0	   0	   0	   0
  16	  24	   1	   5	   0	   0	 598	   0	   0	   0	   0
  16	  24	  57	  65	   0	   0	 599	   0	   0	   0	   0
  16	  24	  88	  95	   0	   0	 600	   0	   0	   0	   0
  16	  24	 117	 120	   0	   0	 601	   0	   0	   0	   0
  46	  54	  28	  35	   0	   0	 602	   0	   0	   0	   0
  46	  54	   1	   5	   0	   0	 603	   0	   0	   0	   0
  46	  54	  57	  65	   0	   0	 604	   0	   0	   0	   0
  46	  54	  88	  95	   0	   0	 605	   0	   0	   0	   0
  46	  54	 117	 120	   0	   0	 606	   0	   0	   0	   0
  76	  84	  28	  35	   0	   0	 607	   0	   0	   0	   0
  76	  84	   1	   5	   0	   0	 608	   0	   0	   0	   0
  76	  84	  57	  65	   0	   0	 609	   0	   0	   0	   0
  76	  84	  88	  95	   0	   0	 610	   0	   0	   0	   0
  76	  84	 117	 120	   0	   0	 611	   0	   0	   0	   0
 106	 114	  28	  35	   0	   0	 612	   0	   0	   0	   0
 106	 114	   1	   5	   0	   0	 613	   0	   0	   0	   0
 106	 114	  57	  65	   0	   0	 614	   0	   0	   0	   0
 106	 114	  88	  95	   0	   0	 615	   0	   0	   0	   0
 106	 114	 117	 120	   0	   0	 616	   0	   0	   0	   0
 136	 144	  28	  35	   0	   0	 617	   0	   0	   0	   0
 136	 144	   1	   5	   0	   0	 618	   0	   0	   0	   0
 136	 144	  57	  65	   0	   0	 619	   0	   0	   0	   0
 136	 144	  88	  95	   0	   0	 620	   0	   0	   0	   0
 136	 144	 117	 120	   0	   0	 621	   0	   0	   0	   0
 166	 174	  28	  35	   0	   0	 622	   0	   0	   0	   0
 166	 174	   1	   5	   0	   0	 623	   0	   0	   0	   0
 166	 174	  57	  65	   0	   0	 624	   0	   0	   0	   0
 166	 174	  88	  95	   0	   0	 625	   0	   0	   0	   0
 166	 174	 117	 120	   0	   0	 626	   0	   0	   0	   0
 196	 204	  28	  35	   0	   0	 627	   0	   0	   0	   0
 196	 204	   1	   5	   0	   0	 628	   0	   0	   0	   0
 196	 204	  57	  65	   0	   0	 629	   0	   0	   0	   0
 196	 204	  88	  95	   0	   0	 630	   0	   0	   0	   0
 196	 204	 117	 120	   0	   0	 631	   0	   0	   0	   0
 226	 234	  28	  35	   0	   0	 632	   0	   0	   0	   0
 226	 234	   1	   5	   0	   0	 633	   0	   0	   0	   0
 226	 234	  57	  65	   0	   0	 634	   0	   0	   0	   0
 226	 234	  88	  95	   0	   0	 635	   0	   0	   0	   0
 226	 234	 117	 120	   0	   0	 636	   0	   0	   0	   0
