#   or     wl    blk    bld
     1      1      1      1
     2      1      1      1
     3      1      1      1
     4      1      1      1
     5      1      1      1
     1      1      2      2
     2      1      2      2
     3      1      2      2
     4      1      2      2
     5      1      2      2
     1      1      3      3
     2      1      3      3
     3      1      3      3
     4      1      3      3
     5      1      3      3
     1      1      4      4
     2      1      4      4
     3      1      4      4
     4      1      4      4
     5      1      4      4
     1      1      5      5
     2      1      5      5
     3      1      5      5
     4      1      5      5
     5      1      5      5
     1      1      6      6
     2      1      6      6
     3      1      6      6
     4      1      6      6
     5      1      6      6
     1      1      7      7
     2      1      7      7
     3      1      7      7
     4      1      7      7
     5      1      7      7
     1      1      8      8
     2      1      8      8
     3      1      8      8
     4      1      8      8
     5      1      8      8
     1      1      9      9
     2      1      9      9
     3      1      9      9
     4      1      9      9
     5      1      9      9
     1      1     10     10
     2      1     10     10
     3      1     10     10
     4      1     10     10
     5      1     10     10
     1      1     11     11
     2      1     11     11
     3      1     11     11
     4      1     11     11
     5      1     11     11
     1      1     12     12
     2      1     12     12
     3      1     12     12
     4      1     12     12
     5      1     12     12
     1      1     13     13
     2      1     13     13
     3      1     13     13
     4      1     13     13
     5      1     13     13
     1      1     14     14
     2      1     14     14
     3      1     14     14
     4      1     14     14
     5      1     14     14
     1      1     15     15
     2      1     15     15
     3      1     15     15
     4      1     15     15
     5      1     15     15
     1      1     16     16
     2      1     16     16
     3      1     16     16
     4      1     16     16
     5      1     16     16
     1      1     17     17
     2      1     17     17
     3      1     17     17
     4      1     17     17
     5      1     17     17
     1      1     18     18
     2      1     18     18
     3      1     18     18
     4      1     18     18
     5      1     18     18
     1      1     19     19
     2      1     19     19
     3      1     19     19
     4      1     19     19
     5      1     19     19
     1      1     20     20
     2      1     20     20
     3      1     20     20
     4      1     20     20
     5      1     20     20
     1      1     21     21
     2      1     21     21
     3      1     21     21
     4      1     21     21
     5      1     21     21
     1      1     22     22
     2      1     22     22
     3      1     22     22
     4      1     22     22
     5      1     22     22
     1      1     23     23
     2      1     23     23
     3      1     23     23
     4      1     23     23
     5      1     23     23
     1      1     24     24
     2      1     24     24
     3      1     24     24
     4      1     24     24
     5      1     24     24
     1      1     25     25
     2      1     25     25
     3      1     25     25
     4      1     25     25
     5      1     25     25
     1      1     26     26
     2      1     26     26
     3      1     26     26
     4      1     26     26
     5      1     26     26
     1      1     27     27
     2      1     27     27
     3      1     27     27
     4      1     27     27
     5      1     27     27
     1      1     28     28
     2      1     28     28
     3      1     28     28
     4      1     28     28
     5      1     28     28
     1      1     29     29
     2      1     29     29
     3      1     29     29
     4      1     29     29
     5      1     29     29
     1      1     30     30
     2      1     30     30
     3      1     30     30
     4      1     30     30
     5      1     30     30
     1      1     31     31
     2      1     31     31
     3      1     31     31
     4      1     31     31
     5      1     31     31
     1      1     32     32
     2      1     32     32
     3      1     32     32
     4      1     32     32
     5      1     32     32
     3   -101      1   -101
     3   -101      2   -101
     3   -101      3   -101
     3   -101      4   -101
     3   -101      5   -101
     3   -101      6   -101
     3   -101      7   -101
     3   -101      8   -101
     3   -101      9   -101
     3   -101     10   -101
     3   -101     11   -101
     3   -101     12   -101
     3   -101     13   -101
     3   -101     14   -101
     3   -101     15   -101
     3   -101     16   -101
     3   -101     17   -101
     3   -101     18   -101
     3   -101     19   -101
     3   -101     20   -101
     3   -101     21   -101
     3   -101     22   -101
     3   -101     23   -101
     3   -101     24   -101
     2   -101     25   -101
     2   -101     26   -101
     2   -101     27   -101
     2   -101     28   -101
     2   -101     29   -101
     2   -101     30   -101
     2   -101     31   -101
     2   -101     32   -101
     2   -101     33   -101
     2   -101     34   -101
     2   -101     35   -101
     2   -101     36   -101
     2   -101     37   -101
     2   -101     38   -101
     2   -101     39   -101
     2   -101     40   -101
     2   -101     41   -101
     2   -101     42   -101
     2   -101     43   -101
     2   -101     44   -101
     2   -101     45   -101
     2   -101     46   -101
     2   -101     47   -101
     2   -101     48   -101
     5   -101     49   -101
     5   -101     50   -101
     5   -101     51   -101
     5   -101     52   -101
     5   -101     53   -101
     5   -101     54   -101
     5   -101     55   -101
     5   -101     56   -101
     5   -101     57   -101
     5   -101     58   -101
     5   -101     59   -101
     5   -101     60   -101
     5   -101     61   -101
     5   -101     62   -101
     5   -101     63   -101
     5   -101     64   -101
     5   -101     65   -101
     5   -101     66   -101
     5   -101     67   -101
     5   -101     68   -101
     5   -101     69   -101
     5   -101     70   -101
     5   -101     71   -101
     5   -101     72   -101
     5   -101     73   -101
     5   -101     74   -101
     5   -101     75   -101
     5   -101     76   -101
     5   -101     77   -101
     5   -101     78   -101
     5   -101     79   -101
     5   -101     80   -101
     5   -101     81   -101
     5   -101     82   -101
     5   -101     83   -101
     5   -101     84   -101
     5   -101     85   -101
     5   -101     86   -101
     5   -101     87   -101
     5   -101     88   -101
     5   -101     89   -101
     5   -101     90   -101
     5   -101     91   -101
     5   -101     92   -101
     5   -101     93   -101
     5   -101     94   -101
     5   -101     95   -101
     5   -101     96   -101
     4   -101     97   -101
     4   -101     98   -101
     4   -101     99   -101
     4   -101    100   -101
     4   -101    101   -101
     4   -101    102   -101
     4   -101    103   -101
     4   -101    104   -101
     4   -101    105   -101
     4   -101    106   -101
     4   -101    107   -101
     4   -101    108   -101
     4   -101    109   -101
     4   -101    110   -101
     4   -101    111   -101
     4   -101    112   -101
     4   -101    113   -101
     4   -101    114   -101
     4   -101    115   -101
     4   -101    116   -101
     4   -101    117   -101
     4   -101    118   -101
     4   -101    119   -101
     4   -101    120   -101
     4   -101    121   -101
     4   -101    122   -101
     4   -101    123   -101
     4   -101    124   -101
     4   -101    125   -101
     4   -101    126   -101
     4   -101    127   -101
     4   -101    128   -101
     4   -101    129   -101
     4   -101    130   -101
     4   -101    131   -101
     4   -101    132   -101
     4   -101    133   -101
     4   -101    134   -101
     4   -101    135   -101
     4   -101    136   -101
     4   -101    137   -101
     4   -101    138   -101
     4   -101    139   -101
     4   -101    140   -101
     4   -101    141   -101
     4   -101    142   -101
     4   -101    143   -101
     4   -101    144   -101
     1     -1      1     -1
     1     -1      2     -1
     1     -1      3     -1
     1     -1      4     -1
     1     -1      5     -1
     1     -1      6     -1
     1     -1      7     -1
     1     -1      8     -1
     1     -1      9     -1
     1     -1     10     -1
     1     -1     11     -1
     1     -1     12     -1
     1     -1     13     -1
     1     -1     14     -1
     1     -1     15     -1
     1     -1     16     -1
     1     -1     17     -1
     1     -1     18     -1
     1     -1     19     -1
     1     -1     20     -1
     1     -1     21     -1
     1     -1     22     -1
     1     -1     23     -1
     1     -1     24     -1
     1     -1     25     -1
     1     -1     26     -1
     1     -1     27     -1
     1     -1     28     -1
     1     -1     29     -1
     1     -1     30     -1
     1     -1     31     -1
     1     -1     32     -1
     1     -1     33     -1
     1     -1     34     -1
     1     -1     35     -1
     1     -1     36     -1
     1     -1     37     -1
     1     -1     38     -1
     1     -1     39     -1
     1     -1     40     -1
     1     -1     41     -1
     1     -1     42     -1
     1     -1     43     -1
     1     -1     44     -1
     1     -1     45     -1
     1     -1     46     -1
     1     -1     47     -1
     1     -1     48     -1
     1     -1     49     -1
     1     -1     50     -1
     1     -1     51     -1
     1     -1     52     -1
     1     -1     53     -1
     1     -1     54     -1
     1     -1     55     -1
     1     -1     56     -1
     1     -1     57     -1
     1     -1     58     -1
     1     -1     59     -1
     1     -1     60     -1
     1     -1     61     -1
     1     -1     62     -1
     1     -1     63     -1
     1     -1     64     -1
     1     -1     65     -1
     1     -1     66     -1
     1     -1     67     -1
     1     -1     68     -1
     1     -1     69     -1
     1     -1     70     -1
     1     -1     71     -1
     1     -1     72     -1
     1     -1     73     -1
     1     -1     74     -1
     1     -1     75     -1
     1     -1     76     -1
     1     -1     77     -1
     1     -1     78     -1
     1     -1     79     -1
     1     -1     80     -1
     1     -1     81     -1
     1     -1     82     -1
     1     -1     83     -1
     1     -1     84     -1
     1     -1     85     -1
     1     -1     86     -1
     1     -1     87     -1
     1     -1     88     -1
     1     -1     89     -1
     1     -1     90     -1
     1     -1     91     -1
     1     -1     92     -1
     1     -1     93     -1
     1     -1     94     -1
     1     -1     95     -1
     1     -1     96     -1
     1     -1     97     -1
     1     -1     98     -1
     1     -1     99     -1
     1     -1    100     -1
     1     -1    101     -1
     1     -1    102     -1
     1     -1    103     -1
     1     -1    104     -1
     1     -1    105     -1
     1     -1    106     -1
     1     -1    107     -1
     1     -1    108     -1
     1     -1    109     -1
     1     -1    110     -1
     1     -1    111     -1
     1     -1    112     -1
     1     -1    113     -1
     1     -1    114     -1
     1     -1    115     -1
     1     -1    116     -1
     1     -1    117     -1
     1     -1    118     -1
     1     -1    119     -1
     1     -1    120     -1
     1     -1    121     -1
     1     -1    122     -1
     1     -1    123     -1
     1     -1    124     -1
     1     -1    125     -1
     1     -1    126     -1
     1     -1    127     -1
     1     -1    128     -1
     1     -1    129     -1
     1     -1    130     -1
     1     -1    131     -1
     1     -1    132     -1
     1     -1    133     -1
     1     -1    134     -1
     1     -1    135     -1
     1     -1    136     -1
     1     -1    137     -1
     1     -1    138     -1
     1     -1    139     -1
     1     -1    140     -1
     1     -1    141     -1
     1     -1    142     -1
     1     -1    143     -1
     1     -1    144     -1
     1     -1    145     -1
     1     -1    146     -1
     1     -1    147     -1
     1     -1    148     -1
     1     -1    149     -1
     1     -1    150     -1
     1     -1    151     -1
     1     -1    152     -1
     1     -1    153     -1
     1     -1    154     -1
     1     -1    155     -1
     1     -1    156     -1
     1     -1    157     -1
     1     -1    158     -1
     1     -1    159     -1
     1     -1    160     -1
     1     -1    161     -1
     1     -1    162     -1
     1     -1    163     -1
     1     -1    164     -1
     1     -1    165     -1
     1     -1    166     -1
     1     -1    167     -1
     1     -1    168     -1
     1     -1    169     -1
     1     -1    170     -1
     1     -1    171     -1
     1     -1    172     -1
     1     -1    173     -1
     1     -1    174     -1
     1     -1    175     -1
     1     -1    176     -1
     1     -1    177     -1
     1     -1    178     -1
     1     -1    179     -1
     1     -1    180     -1
     1     -1    181     -1
     1     -1    182     -1
     1     -1    183     -1
     1     -1    184     -1
     1     -1    185     -1
     1     -1    186     -1
     1     -1    187     -1
     1     -1    188     -1
     1     -1    189     -1
     1     -1    190     -1
     1     -1    191     -1
     1     -1    192     -1
     1     -1    193     -1
     1     -1    194     -1
     1     -1    195     -1
     1     -1    196     -1
     1     -1    197     -1
     1     -1    198     -1
     1     -1    199     -1
     1     -1    200     -1
     1     -1    201     -1
     1     -1    202     -1
     1     -1    203     -1
     1     -1    204     -1
     1     -1    205     -1
     1     -1    206     -1
     1     -1    207     -1
     1     -1    208     -1
     1     -1    209     -1
     1     -1    210     -1
     1     -1    211     -1
     1     -1    212     -1
     1     -1    213     -1
     1     -1    214     -1
     1     -1    215     -1
     1     -1    216     -1
     1     -1    217     -1
     1     -1    218     -1
     1     -1    219     -1
     1     -1    220     -1
     1     -1    221     -1
     1     -1    222     -1
     1     -1    223     -1
     1     -1    224     -1
     1     -1    225     -1
     1     -1    226     -1
     1     -1    227     -1
     1     -1    228     -1
     1     -1    229     -1
     1     -1    230     -1
     1     -1    231     -1
     1     -1    232     -1
     1     -1    233     -1
     1     -1    234     -1
     1     -1    235     -1
     1     -1    236     -1
     1     -1    237     -1
     1     -1    238     -1
     1     -1    239     -1
     1     -1    240     -1
     1     -1    241     -1
     1     -1    242     -1
     1     -1    243     -1
     1     -1    244     -1
     1     -1    245     -1
     1     -1    246     -1
     1     -1    247     -1
     1     -1    248     -1
     1     -1    249     -1
     1     -1    250     -1
     1     -1    251     -1
     1     -1    252     -1
     1     -1    253     -1
     1     -1    254     -1
     1     -1    255     -1
     1     -1    256     -1
     1     -1    257     -1
     1     -1    258     -1
     1     -1    259     -1
     1     -1    260     -1
     1     -1    261     -1
     1     -1    262     -1
     1     -1    263     -1
     1     -1    264     -1
     1     -1    265     -1
     1     -1    266     -1
     1     -1    267     -1
     1     -1    268     -1
     1     -1    269     -1
     1     -1    270     -1
     1     -1    271     -1
     1     -1    272     -1
     1     -1    273     -1
     1     -1    274     -1
     1     -1    275     -1
     1     -1    276     -1
     1     -1    277     -1
     1     -1    278     -1
     1     -1    279     -1
     1     -1    280     -1
     1     -1    281     -1
     1     -1    282     -1
     1     -1    283     -1
     1     -1    284     -1
     1     -1    285     -1
     1     -1    286     -1
     1     -1    287     -1
     1     -1    288     -1
     1     -1    289     -1
     1     -1    290     -1
     1     -1    291     -1
     1     -1    292     -1
     1     -1    293     -1
     1     -1    294     -1
     1     -1    295     -1
     1     -1    296     -1
     1     -1    297     -1
     1     -1    298     -1
     1     -1    299     -1
     1     -1    300     -1
     1     -1    301     -1
     1     -1    302     -1
     1     -1    303     -1
     1     -1    304     -1
     1     -1    305     -1
     1     -1    306     -1
     1     -1    307     -1
     1     -1    308     -1
     1     -1    309     -1
     1     -1    310     -1
     1     -1    311     -1
     1     -1    312     -1
     1     -1    313     -1
     1     -1    314     -1
     1     -1    315     -1
     1     -1    316     -1
     1     -1    317     -1
     1     -1    318     -1
     1     -1    319     -1
     1     -1    320     -1
     1     -1    321     -1
     1     -1    322     -1
     1     -1    323     -1
     1     -1    324     -1
     1     -1    325     -1
     1     -1    326     -1
     1     -1    327     -1
     1     -1    328     -1
     1     -1    329     -1
     1     -1    330     -1
     1     -1    331     -1
     1     -1    332     -1
