# sky view factors
1.000000
0.483908
0.365566
0.338694
0.490416
1.000000
0.485466
0.364687
0.356832
0.333902
1.000000
0.484002
0.375854
0.340237
0.354131
1.000000
0.485372
0.383886
0.491089
0.332356
1.000000
0.368282
0.365586
0.334888
0.490520
1.000000
0.363661
0.364722
0.356243
0.334470
1.000000
0.367783
0.375891
0.350106
0.354753
1.000000
0.375755
0.383901
0.491155
0.343364
1.000000
0.367452
0.365619
0.328815
0.490526
1.000000
0.362343
0.364779
0.359603
0.328087
1.000000
0.366432
0.375951
0.344033
0.358436
1.000000
0.375099
0.383926
0.491158
0.336981
1.000000
0.367187
0.365676
0.328387
0.490527
1.000000
0.361903
0.364877
0.364313
0.327598
1.000000
0.365971
0.376055
0.343606
0.363127
1.000000
0.374897
0.383970
0.491159
0.336492
1.000000
0.367076
0.365789
0.328388
0.490527
1.000000
0.361714
0.365072
0.364314
0.327599
1.000000
0.365772
0.376260
0.343607
0.363128
1.000000
0.374812
0.384057
0.491159
0.336493
1.000000
0.367019
0.366059
0.328820
0.490526
1.000000
0.361618
0.365534
0.364796
0.328092
1.000000
0.365670
0.376742
0.344039
0.363626
1.000000
0.374769
0.384265
0.491158
0.336986
1.000000
0.366987
0.366910
0.330535
0.490521
1.000000
0.361562
0.366957
0.366667
0.330104
1.000000
0.365612
0.378198
0.345753
0.365197
1.000000
0.374745
0.384945
0.491155
0.338998
1.000000
0.366966
0.483434
0.335223
0.490419
1.000000
0.361528
0.485034
0.363109
0.330858
1.000000
0.365576
0.483570
0.348901
0.360504
1.000000
0.374729
0.484894
0.491090
0.341295
0.164352
0.361921
0.076382
0.329650
0.115713
0.356310
0.142874
0.373118
0.071921
0.324035
0.134794
0.368003
0.148725
0.373910
0.070120
0.322238
0.113444
0.353702
0.144322
0.374925
0.076500
0.329794
0.168276
0.392999
0.182638
0.381625
0.102415
0.358195
0.138938
0.380193
0.161079
0.390334
0.101856
0.352993
0.153580
0.379209
0.166491
0.390871
0.099470
0.350303
0.136412
0.377199
0.162738
0.392477
0.107353
0.360418
0.162861
0.367832
0.264600
0.387059
0.078121
0.286147
0.194853
0.394244
0.249172
0.367993
0.074130
0.276956
0.190520
0.389691
0.246644
0.365259
0.072661
0.275393
0.189623
0.388746
0.246081
0.364670
0.072309
0.275027
0.189417
0.388533
0.245988
0.364573
0.072314
0.275032
0.189521
0.388641
0.246207
0.364801
0.072685
0.275418
0.190114
0.389260
0.247154
0.365796
0.074247
0.277074
0.192830
0.392186
0.250707
0.370616
0.079503
0.287960
0.251934
0.371304
0.260304
0.369529
0.110744
0.332678
0.210209
0.414055
0.267790
0.390974
0.105335
0.321691
0.206358
0.409378
0.265415
0.388275
0.103878
0.320086
0.205441
0.408385
0.264829
0.387647
0.103507
0.319691
0.205222
0.408154
0.264730
0.387542
0.103513
0.319697
0.205334
0.408272
0.264964
0.387789
0.103906
0.320113
0.205955
0.408933
0.265938
0.388837
0.105466
0.321820
0.208535
0.411833
0.270253
0.393963
0.107098
0.326148
0.269123
0.394070
0.409514
0.424227
0.464653
0.535029
0.416613
0.436997
0.493908
0.418212
0.437647
0.464600
0.409765
0.419276
0.518494
0.423340
0.424823
0.493127
0.552409
0.437124
0.437650
0.522097
0.437773
0.438294
0.493062
0.422495
0.419884
0.530775
0.423803
0.424876
0.492569
0.552256
0.437621
0.437705
0.521527
0.438264
0.438348
0.492505
0.422974
0.419940
0.530268
0.423864
0.424883
0.492384
0.552181
0.437685
0.437711
0.521339
0.438326
0.438355
0.492319
0.423039
0.419947
0.530145
0.423877
0.424871
0.492365
0.552173
0.437698
0.437700
0.521320
0.438339
0.438344
0.492301
0.423053
0.419934
0.530133
0.423872
0.424814
0.492494
0.552228
0.437692
0.437643
0.521451
0.438334
0.438288
0.492430
0.423047
0.419874
0.530214
0.423824
0.424400
0.492948
0.552395
0.437643
0.437211
0.521912
0.438286
0.437862
0.492884
0.422996
0.419445
0.530547
0.423301
0.415245
0.492149
0.551282
0.437086
0.422074
0.518201
0.437733
0.423679
0.492084
0.422462
0.411234
0.532337
0.550518
0.612889
0.629294
0.591259
0.629736
0.629672
0.590183
0.629616
0.629545
0.589962
0.629524
0.629506
0.589916
0.629506
0.629526
0.589963
0.629547
0.629625
0.590187
0.629688
0.629826
0.591313
0.629587
0.614922
0.579934
0.471049
0.582590
0.612629
0.493159
0.612699
0.612286
0.493159
0.612072
0.611946
0.493159
0.611840
0.611854
0.493159
0.611798
0.611899
0.493159
0.611893
0.612142
0.493159
0.612257
0.612900
0.493159
0.613031
0.588104
0.505006
0.530540
0.598123
0.629460
0.573856
0.631289
0.630811
0.572892
0.630644
0.630464
0.572682
0.630409
0.630372
0.572638
0.630366
0.630418
0.572683
0.630463
0.630664
0.572898
0.630832
0.631439
0.573944
0.630074
0.603571
0.560453
0.554284
0.582410
0.612228
0.606110
0.612280
0.611885
0.605059
0.611652
0.611544
0.604840
0.611421
0.611453
0.604794
0.611378
0.611498
0.604841
0.611474
0.611741
0.605065
0.611838
0.612499
0.606197
0.612612
0.587942
0.582440
0.480221
0.598831
0.613649
0.508400
0.613041
0.612493
0.508400
0.612371
0.612246
0.508400
0.612214
0.612187
0.508400
0.612187
0.612215
0.508400
0.612247
0.612375
0.508400
0.612500
0.613077
0.508400
0.613764
0.600906
0.514294
0.554038
0.603578
0.603425
0.603225
0.603183
0.603226
0.603431
0.603742
0.581738
0.560733
0.615152
0.614994
0.614759
0.614711
0.614760
0.615000
0.615316
0.588583
0.474179
0.501417
0.501417
0.501417
0.501417
0.501417
0.501417
0.501417
0.509157
0.530769
0.574409
0.573445
0.573235
0.573191
0.573236
0.573452
0.574497
0.560634
0.553721
0.604888
0.603837
0.603617
0.603572
0.603619
0.603843
0.604975
0.581925
0.476263
0.498519
0.498519
0.498519
0.498519
0.498519
0.498519
0.498519
0.510531
0.537545
0.569624
0.568763
0.568572
0.568531
0.568572
0.568768
0.569697
0.568663
0.430319
0.471288
0.455468
0.430256
0.431891
0.431188
0.472852
0.459412
0.431124
0.430396
0.430777
0.472707
0.458994
0.430713
0.430080
0.430656
0.472657
0.458872
0.430593
0.430002
0.430680
0.472667
0.458895
0.430616
0.430016
0.430878
0.472749
0.459096
0.430814
0.430144
0.431524
0.472953
0.459755
0.431460
0.430684
0.405902
0.457857
0.438182
0.405850
0.415019
