# Initial facet tempereatures in radiative equilibrium
331.917328
321.646088
329.264496
325.931915
325.746185
331.917328
322.349792
330.019287
326.441956
328.970551
331.917328
322.436493
330.018066
325.434357
329.595673
331.917328
322.423981
329.904083
322.002075
328.553680
331.917328
325.481567
329.204559
325.893921
325.870544
331.917328
326.301849
330.031982
326.869904
328.894928
331.917328
326.376526
329.976013
325.824799
330.036407
331.917328
326.097870
329.851929
322.268555
328.929688
331.917328
325.335236
329.212341
326.417175
325.864838
331.917328
326.327667
330.034363
326.873474
329.399323
331.917328
326.280365
329.985443
326.371399
330.058411
331.917328
325.975037
329.856598
322.568695
329.487396
331.917328
325.361145
329.211792
326.431458
325.864014
331.917328
326.356384
330.033905
326.863342
329.411163
331.917328
326.303070
329.985474
326.393585
330.064606
331.917328
326.005219
329.856201
322.570587
329.508820
331.917328
325.365570
329.208466
326.434814
325.864441
331.917328
326.362091
330.031403
326.866028
329.413849
331.917328
326.310333
329.982666
326.397247
330.067596
331.917328
326.009216
329.854767
322.571838
329.512421
331.917328
325.366669
329.198822
326.439911
325.866608
331.917328
326.361420
330.021362
326.867584
329.418610
331.917328
326.315735
329.973358
326.399933
330.069183
331.917328
326.010590
329.849609
322.574646
329.515717
331.917328
325.366455
329.145447
326.440704
325.871490
331.917328
326.356110
329.963989
326.859802
329.421875
331.917328
326.325531
329.921997
326.390686
330.061798
331.917328
326.011383
329.818481
322.581696
329.509949
331.917328
325.349365
326.376953
325.869965
325.634918
331.917328
326.353638
326.790253
326.223572
328.881531
331.917328
326.320129
326.801636
325.816620
329.432251
331.917328
326.003876
326.641479
322.125610
328.938324
327.697235
324.808746
326.305450
325.026367
327.307892
326.189270
330.326355
326.836273
326.952881
325.536316
329.088562
326.968964
331.699921
327.345428
326.931335
325.623993
327.717010
326.425232
330.348572
326.810577
326.992767
325.561218
328.489899
326.052002
322.822937
322.506531
325.104370
323.905304
325.150818
324.244446
325.031586
324.336578
325.507202
324.355927
325.392303
324.718414
325.140320
324.495239
325.505280
324.363159
325.397064
324.492340
324.982880
324.325287
325.336456
324.172363
324.657196
323.545746
327.111298
325.937927
326.542175
325.377380
330.002441
327.479309
328.896118
327.353973
326.740326
325.724609
330.059784
327.628937
328.994507
327.439453
327.576202
326.059357
330.589722
327.739960
329.008392
327.455719
327.585602
326.068634
330.593719
327.742676
329.010162
327.458221
327.587341
326.070221
330.595459
327.743286
329.011322
327.459442
327.589355
326.070648
330.596222
327.741425
329.012756
327.459717
327.579620
326.065796
330.572357
327.717651
328.906555
327.243225
327.192566
325.510529
326.818298
325.435455
324.007141
322.820679
324.708954
323.547882
325.182770
323.650238
324.733429
323.882263
324.921295
323.790161
325.273987
323.716797
324.739166
323.870361
324.935120
323.802216
325.286255
323.730255
324.743347
323.875671
324.939758
323.806396
325.289307
323.734009
324.744965
323.877441
324.941772
323.807861
325.290192
323.734650
324.746124
323.878296
324.942780
323.807983
325.290009
323.732697
324.747253
323.877686
324.937134
323.800476
325.262848
323.717987
324.634094
323.784790
324.611755
323.481018
322.745605
322.266968
322.174591
335.719086
330.745392
325.325958
322.655396
336.109100
331.004517
324.604797
336.150757
330.467133
324.673401
336.191162
324.425354
325.603149
335.672607
330.524323
325.411072
324.129608
336.109131
331.115356
326.137085
336.126984
330.602417
326.082031
336.166901
324.554230
323.631653
335.678497
330.787659
325.412201
324.134552
336.114929
331.144897
324.148346
336.133057
330.905121
324.086578
336.177673
324.691528
323.648865
335.678406
330.798401
325.413239
324.143158
336.115570
331.165314
324.157349
336.133606
330.917511
324.100830
336.177765
324.694000
323.651215
335.677734
330.801331
325.413788
324.144897
336.115051
331.167511
324.158966
336.133057
330.919617
324.101715
336.177307
324.694916
323.651917
335.675568
330.807739
325.414764
324.145111
336.112976
331.169647
324.159119
336.130951
330.922516
324.101776
336.175751
324.696472
323.651917
335.652130
330.821320
325.415649
324.144653
336.092377
331.168518
324.158661
336.111908
330.923676
324.102600
336.161163
324.699677
323.634094
334.625885
330.496735
325.304535
324.125092
334.823700
330.851074
324.141357
334.869385
330.612701
324.092255
334.754822
324.531189
327.061005
324.643585
324.919556
327.948547
324.988953
324.937439
327.936157
324.991333
324.938934
327.939911
324.995392
324.939362
327.940674
324.995758
324.939636
327.940918
324.996033
324.940125
327.940460
324.994659
324.934631
327.915833
324.943634
324.473785
322.652496
324.128754
329.940399
333.823944
330.665985
330.159546
333.836212
330.639557
330.262177
333.903534
330.637726
330.274139
333.905640
330.636871
330.276184
333.906494
330.636200
330.278351
333.908081
330.635284
330.281128
333.900177
330.617096
330.109589
333.552032
325.645660
324.591339
330.138092
333.977570
330.403015
330.458282
334.054688
330.395020
330.485413
334.071350
330.402618
330.499512
334.084595
330.403168
330.501282
334.085358
330.403320
330.502625
334.086212
330.403442
330.504456
334.074646
330.390930
330.312073
333.721832
325.376373
329.605133
329.819763
333.810333
330.345428
330.265686
333.926392
330.371857
330.371338
333.991852
330.394409
330.384644
333.994019
330.396118
330.386780
333.994843
330.396332
330.388855
333.996155
330.395050
330.391205
333.988037
330.349030
330.216339
333.608246
325.237915
324.523224
324.707367
333.443481
330.981537
325.172241
333.488831
330.999817
325.200317
333.617950
331.001801
325.208893
333.619690
331.002777
325.209900
333.620209
331.003174
325.210175
333.621002
331.004150
325.209808
333.614288
330.979736
325.143127
332.783295
325.823853
326.966522
332.284027
332.316315
332.314362
332.319153
332.317932
332.319458
332.286652
325.399200
331.759064
332.154694
332.152313
332.159027
332.161865
332.162292
332.162811
332.142456
325.286469
324.508331
331.091827
331.080750
331.083527
331.083984
331.084442
331.085693
331.052612
325.857910
324.824402
330.619690
330.636505
330.681183
330.685272
330.686035
330.683990
330.631195
325.507507
329.606323
330.361298
330.380859
330.407684
330.409271
330.409454
330.408234
330.362885
325.219147
324.591583
331.055756
331.035583
331.038818
331.038330
331.039703
331.044037
331.039032
325.733337
326.920319
332.328979
332.324280
332.365387
332.367981
332.368683
332.368011
332.330475
325.154114
332.697571
325.675537
333.046112
330.600616
324.618164
330.790039
325.744965
333.262817
330.870972
324.736542
332.927216
325.742615
333.297119
333.038269
326.857666
332.931732
325.742371
333.329468
333.043091
326.860687
332.933807
325.742767
333.331238
333.045166
326.861298
332.939240
325.744751
333.334839
333.050201
326.861755
332.947021
325.747437
333.335938
333.056519
326.858124
332.627441
325.483368
332.959320
332.731781
326.457794
