# block location
#  il	  iu 	 jl	  ju	  kl	  ku	  top	 west	 east	 north	 south
9   	24  	9   	24  	1   	16  	1   	2   	3   	4   	5   	
9   	24  	41  	56  	1   	16  	6   	7   	8   	9   	10  	
9   	24  	73  	88  	1   	16  	11  	12  	13  	14  	15  	
9   	24  	105 	120 	1   	16  	16  	17  	18  	19  	20  	
41  	56  	1   	8   	1   	16  	21  	22  	23  	24  	25  	
41  	56  	25  	40  	1   	16  	26  	27  	28  	29  	30  	
41  	56  	57  	72  	1   	16  	31  	32  	33  	34  	35  	
41  	56  	89  	104 	1   	16  	36  	37  	38  	39  	40  	
41  	56  	121 	128 	1   	16  	41  	42  	43  	44  	45  	
73  	88  	9   	24  	1   	16  	46  	47  	48  	49  	50  	
73  	88  	41  	56  	1   	16  	51  	52  	53  	54  	55  	
73  	88  	73  	88  	1   	16  	56  	57  	58  	59  	60  	
73  	88  	105 	120 	1   	16  	61  	62  	63  	64  	65  	
105 	120 	1   	8   	1   	16  	66  	67  	68  	69  	70  	
105 	120 	25  	40  	1   	16  	71  	72  	73  	74  	75  	
105 	120 	57  	72  	1   	16  	76  	77  	78  	79  	80  	
105 	120 	89  	104 	1   	16  	81  	82  	83  	84  	85  	
105 	120 	121 	128 	1   	16  	86  	87  	88  	89  	90  	
1   	7   	1   	128 	0   	0   	91  	0   	0   	0   	0   	
8   	8   	1   	8   	0   	0   	92  	0   	0   	0   	0   	
9   	24  	1   	7   	0   	0   	93  	0   	0   	0   	0   	
25  	25  	1   	8   	0   	0   	94  	0   	0   	0   	0   	
26  	39  	1   	128 	0   	0   	95  	0   	0   	0   	0   	
40  	40  	1   	8   	0   	0   	96  	0   	0   	0   	0   	
57  	57  	1   	8   	0   	0   	97  	0   	0   	0   	0   	
58  	71  	1   	128 	0   	0   	98  	0   	0   	0   	0   	
72  	72  	1   	8   	0   	0   	99  	0   	0   	0   	0   	
73  	88  	1   	7   	0   	0   	100 	0   	0   	0   	0   	
89  	89  	1   	8   	0   	0   	101 	0   	0   	0   	0   	
90  	103 	1   	128 	0   	0   	102 	0   	0   	0   	0   	
104 	104 	1   	8   	0   	0   	103 	0   	0   	0   	0   	
121 	121 	1   	8   	0   	0   	104 	0   	0   	0   	0   	
122 	128 	1   	128 	0   	0   	105 	0   	0   	0   	0   	
9   	24  	8   	8   	0   	0   	106 	0   	0   	0   	0   	
73  	88  	8   	8   	0   	0   	107 	0   	0   	0   	0   	
8   	8   	9   	24  	0   	0   	108 	0   	0   	0   	0   	
25  	25  	9   	24  	0   	0   	109 	0   	0   	0   	0   	
40  	40  	9   	24  	0   	0   	110 	0   	0   	0   	0   	
41  	56  	9   	9   	0   	0   	111 	0   	0   	0   	0   	
57  	57  	9   	24  	0   	0   	112 	0   	0   	0   	0   	
72  	72  	9   	24  	0   	0   	113 	0   	0   	0   	0   	
89  	89  	9   	24  	0   	0   	114 	0   	0   	0   	0   	
104 	104 	9   	24  	0   	0   	115 	0   	0   	0   	0   	
105 	120 	9   	9   	0   	0   	116 	0   	0   	0   	0   	
121 	121 	9   	24  	0   	0   	117 	0   	0   	0   	0   	
41  	56  	10  	23  	0   	0   	118 	0   	0   	0   	0   	
105 	120 	10  	23  	0   	0   	119 	0   	0   	0   	0   	
41  	56  	24  	24  	0   	0   	120 	0   	0   	0   	0   	
105 	120 	24  	24  	0   	0   	121 	0   	0   	0   	0   	
8   	8   	25  	40  	0   	0   	122 	0   	0   	0   	0   	
9   	24  	25  	25  	0   	0   	123 	0   	0   	0   	0   	
25  	25  	25  	40  	0   	0   	124 	0   	0   	0   	0   	
40  	40  	25  	40  	0   	0   	125 	0   	0   	0   	0   	
57  	57  	25  	40  	0   	0   	126 	0   	0   	0   	0   	
72  	72  	25  	40  	0   	0   	127 	0   	0   	0   	0   	
73  	88  	25  	25  	0   	0   	128 	0   	0   	0   	0   	
89  	89  	25  	40  	0   	0   	129 	0   	0   	0   	0   	
104 	104 	25  	40  	0   	0   	130 	0   	0   	0   	0   	
121 	121 	25  	40  	0   	0   	131 	0   	0   	0   	0   	
9   	24  	26  	39  	0   	0   	132 	0   	0   	0   	0   	
73  	88  	26  	39  	0   	0   	133 	0   	0   	0   	0   	
9   	24  	40  	40  	0   	0   	134 	0   	0   	0   	0   	
73  	88  	40  	40  	0   	0   	135 	0   	0   	0   	0   	
8   	8   	41  	56  	0   	0   	136 	0   	0   	0   	0   	
25  	25  	41  	56  	0   	0   	137 	0   	0   	0   	0   	
40  	40  	41  	56  	0   	0   	138 	0   	0   	0   	0   	
41  	56  	41  	41  	0   	0   	139 	0   	0   	0   	0   	
57  	57  	41  	56  	0   	0   	140 	0   	0   	0   	0   	
72  	72  	41  	56  	0   	0   	141 	0   	0   	0   	0   	
89  	89  	41  	56  	0   	0   	142 	0   	0   	0   	0   	
104 	104 	41  	56  	0   	0   	143 	0   	0   	0   	0   	
105 	120 	41  	41  	0   	0   	144 	0   	0   	0   	0   	
121 	121 	41  	56  	0   	0   	145 	0   	0   	0   	0   	
41  	56  	42  	55  	0   	0   	146 	0   	0   	0   	0   	
105 	120 	42  	55  	0   	0   	147 	0   	0   	0   	0   	
41  	56  	56  	56  	0   	0   	148 	0   	0   	0   	0   	
105 	120 	56  	56  	0   	0   	149 	0   	0   	0   	0   	
8   	8   	57  	72  	0   	0   	150 	0   	0   	0   	0   	
9   	24  	57  	57  	0   	0   	151 	0   	0   	0   	0   	
25  	25  	57  	72  	0   	0   	152 	0   	0   	0   	0   	
40  	40  	57  	72  	0   	0   	153 	0   	0   	0   	0   	
57  	57  	57  	72  	0   	0   	154 	0   	0   	0   	0   	
72  	72  	57  	72  	0   	0   	155 	0   	0   	0   	0   	
73  	88  	57  	57  	0   	0   	156 	0   	0   	0   	0   	
89  	89  	57  	72  	0   	0   	157 	0   	0   	0   	0   	
104 	104 	57  	72  	0   	0   	158 	0   	0   	0   	0   	
121 	121 	57  	72  	0   	0   	159 	0   	0   	0   	0   	
9   	24  	58  	71  	0   	0   	160 	0   	0   	0   	0   	
73  	88  	58  	71  	0   	0   	161 	0   	0   	0   	0   	
9   	24  	72  	72  	0   	0   	162 	0   	0   	0   	0   	
73  	88  	72  	72  	0   	0   	163 	0   	0   	0   	0   	
8   	8   	73  	88  	0   	0   	164 	0   	0   	0   	0   	
25  	25  	73  	88  	0   	0   	165 	0   	0   	0   	0   	
40  	40  	73  	88  	0   	0   	166 	0   	0   	0   	0   	
41  	56  	73  	73  	0   	0   	167 	0   	0   	0   	0   	
57  	57  	73  	88  	0   	0   	168 	0   	0   	0   	0   	
72  	72  	73  	88  	0   	0   	169 	0   	0   	0   	0   	
89  	89  	73  	88  	0   	0   	170 	0   	0   	0   	0   	
104 	104 	73  	88  	0   	0   	171 	0   	0   	0   	0   	
105 	120 	73  	73  	0   	0   	172 	0   	0   	0   	0   	
121 	121 	73  	88  	0   	0   	173 	0   	0   	0   	0   	
41  	56  	74  	87  	0   	0   	174 	0   	0   	0   	0   	
105 	120 	74  	87  	0   	0   	175 	0   	0   	0   	0   	
41  	56  	88  	88  	0   	0   	176 	0   	0   	0   	0   	
105 	120 	88  	88  	0   	0   	177 	0   	0   	0   	0   	
8   	8   	89  	104 	0   	0   	178 	0   	0   	0   	0   	
9   	24  	89  	89  	0   	0   	179 	0   	0   	0   	0   	
25  	25  	89  	104 	0   	0   	180 	0   	0   	0   	0   	
40  	40  	89  	104 	0   	0   	181 	0   	0   	0   	0   	
57  	57  	89  	104 	0   	0   	182 	0   	0   	0   	0   	
72  	72  	89  	104 	0   	0   	183 	0   	0   	0   	0   	
73  	88  	89  	89  	0   	0   	184 	0   	0   	0   	0   	
89  	89  	89  	104 	0   	0   	185 	0   	0   	0   	0   	
104 	104 	89  	104 	0   	0   	186 	0   	0   	0   	0   	
121 	121 	89  	104 	0   	0   	187 	0   	0   	0   	0   	
9   	24  	90  	103 	0   	0   	188 	0   	0   	0   	0   	
73  	88  	90  	103 	0   	0   	189 	0   	0   	0   	0   	
9   	24  	104 	104 	0   	0   	190 	0   	0   	0   	0   	
73  	88  	104 	104 	0   	0   	191 	0   	0   	0   	0   	
8   	8   	105 	120 	0   	0   	192 	0   	0   	0   	0   	
25  	25  	105 	120 	0   	0   	193 	0   	0   	0   	0   	
40  	40  	105 	120 	0   	0   	194 	0   	0   	0   	0   	
41  	56  	105 	105 	0   	0   	195 	0   	0   	0   	0   	
57  	57  	105 	120 	0   	0   	196 	0   	0   	0   	0   	
72  	72  	105 	120 	0   	0   	197 	0   	0   	0   	0   	
89  	89  	105 	120 	0   	0   	198 	0   	0   	0   	0   	
104 	104 	105 	120 	0   	0   	199 	0   	0   	0   	0   	
105 	120 	105 	105 	0   	0   	200 	0   	0   	0   	0   	
121 	121 	105 	120 	0   	0   	201 	0   	0   	0   	0   	
41  	56  	106 	119 	0   	0   	202 	0   	0   	0   	0   	
105 	120 	106 	119 	0   	0   	203 	0   	0   	0   	0   	
41  	56  	120 	120 	0   	0   	204 	0   	0   	0   	0   	
105 	120 	120 	120 	0   	0   	205 	0   	0   	0   	0   	
8   	8   	121 	128 	0   	0   	206 	0   	0   	0   	0   	
9   	24  	121 	121 	0   	0   	207 	0   	0   	0   	0   	
25  	25  	121 	128 	0   	0   	208 	0   	0   	0   	0   	
40  	40  	121 	128 	0   	0   	209 	0   	0   	0   	0   	
57  	57  	121 	128 	0   	0   	210 	0   	0   	0   	0   	
72  	72  	121 	128 	0   	0   	211 	0   	0   	0   	0   	
73  	88  	121 	121 	0   	0   	212 	0   	0   	0   	0   	
89  	89  	121 	128 	0   	0   	213 	0   	0   	0   	0   	
104 	104 	121 	128 	0   	0   	214 	0   	0   	0   	0   	
121 	121 	121 	128 	0   	0   	215 	0   	0   	0   	0   	
9   	24  	122 	128 	0   	0   	216 	0   	0   	0   	0   	
73  	88  	122 	128 	0   	0   	217 	0   	0   	0   	0   	
