# area of facets
128.000000
128.000000
128.000000
128.000000
128.000000
128.000000
128.000000
128.000000
128.000000
128.000000
128.000000
128.000000
128.000000
128.000000
128.000000
128.000000
128.000000
128.000000
128.000000
128.000000
128.000000
128.000000
128.000000
128.000000
128.000000
128.000000
128.000000
128.000000
128.000000
128.000000
128.000000
128.000000
128.000000
128.000000
128.000000
128.000000
128.000000
128.000000
128.000000
128.000000
128.000000
128.000000
128.000000
128.000000
128.000000
128.000000
128.000000
128.000000
128.000000
128.000000
128.000000
128.000000
128.000000
128.000000
128.000000
128.000000
128.000000
128.000000
128.000000
128.000000
128.000000
128.000000
128.000000
128.000000
128.000000
128.000000
128.000000
128.000000
128.000000
128.000000
128.000000
128.000000
128.000000
128.000000
128.000000
128.000000
128.000000
128.000000
128.000000
128.000000
128.000000
128.000000
128.000000
128.000000
128.000000
128.000000
128.000000
128.000000
128.000000
128.000000
128.000000
128.000000
128.000000
128.000000
128.000000
128.000000
128.000000
128.000000
128.000000
128.000000
128.000000
128.000000
128.000000
128.000000
128.000000
128.000000
128.000000
128.000000
128.000000
128.000000
128.000000
128.000000
128.000000
128.000000
128.000000
128.000000
128.000000
128.000000
128.000000
128.000000
128.000000
128.000000
128.000000
128.000000
128.000000
128.000000
128.000000
128.000000
