#Bomex 10-10-2001  inert scalar moved to last colum
#   zf     O3           NO          NO2          NO3          N2O5        HNO3          RH           R         HO           HO2        H2O2      CO           CO2        H2O         INERT       INERT2       INERT3
   20.00  +1.00e+01  +0.200e+00   +0.500e+00   +0.000e+00    +0.00e+00    +0.00e+00    +0.00e+00   +0.00e+00  +0.00e+00   +0.00e+00  +0.00e+00  +1.00e+02   +0.00e+00   +0.00e+00   +0.00e+00   +0.00e+00    +0.00e+00
   60.00  +1.00e+01  +0.200e+00   +0.500e+00   +0.000e+00    +0.00e+00    +0.00e+00    +0.00e+00   +0.00e+00  +0.00e+00   +0.00e+00  +0.00e+00  +1.00e+02   +0.00e+00   +0.00e+00   +0.00e+00   +0.00e+00    +0.00e+00
  100.00  +1.00e+01  +0.200e+00   +0.500e+00   +0.000e+00    +0.00e+00    +0.00e+00    +0.00e+00   +0.00e+00  +0.00e+00   +0.00e+00  +0.00e+00  +1.00e+02   +0.00e+00   +0.00e+00   +0.00e+00   +0.00e+00    +0.00e+00
  140.00  +1.00e+01  +0.200e+00   +0.500e+00   +0.000e+00    +0.00e+00    +0.00e+00    +0.00e+00   +0.00e+00  +0.00e+00   +0.00e+00  +0.00e+00  +1.00e+02   +0.00e+00   +0.00e+00   +0.00e+00   +0.00e+00    +0.00e+00
  180.00  +1.00e+01  +0.200e+00   +0.500e+00   +0.000e+00    +0.00e+00    +0.00e+00    +0.00e+00   +0.00e+00  +0.00e+00   +0.00e+00  +0.00e+00  +1.00e+02   +0.00e+00   +0.00e+00   +0.00e+00   +0.00e+00    +0.00e+00
  220.00  +1.00e+01  +0.200e+00   +0.500e+00   +0.000e+00    +0.00e+00    +0.00e+00    +0.00e+00   +0.00e+00  +0.00e+00   +0.00e+00  +0.00e+00  +1.00e+02   +0.00e+00   +0.00e+00   +0.00e+00   +0.00e+00    +0.00e+00
  260.00  +1.00e+01  +0.200e+00   +0.500e+00   +0.000e+00    +0.00e+00    +0.00e+00    +0.00e+00   +0.00e+00  +0.00e+00   +0.00e+00  +0.00e+00  +1.00e+02   +0.00e+00   +0.00e+00   +0.00e+00   +0.00e+00    +0.00e+00
  300.00  +1.00e+01  +0.200e+00   +0.500e+00   +0.000e+00    +0.00e+00    +0.00e+00    +0.00e+00   +0.00e+00  +0.00e+00   +0.00e+00  +0.00e+00  +1.00e+02   +0.00e+00   +0.00e+00   +0.00e+00   +0.00e+00    +0.00e+00
  340.00  +1.00e+01  +0.200e+00   +0.500e+00   +0.000e+00    +0.00e+00    +0.00e+00    +0.00e+00   +0.00e+00  +0.00e+00   +0.00e+00  +0.00e+00  +1.00e+02   +0.00e+00   +0.00e+00   +0.00e+00   +0.00e+00    +0.00e+00
  380.00  +1.00e+01  +0.000e+00   +0.000e+00   +0.000e+00    +0.00e+00    +0.00e+00    +0.00e+00   +0.00e+00  +0.00e+00   +0.00e+00  +0.00e+00  +1.00e+02   +0.00e+00   +0.00e+00   +0.00e+00   +0.00e+00    +0.00e+00
  420.00  +1.00e+01  +0.000e+00   +0.000e+00   +0.000e+00    +0.00e+00    +0.00e+00    +0.00e+00   +0.00e+00  +0.00e+00   +0.00e+00  +0.00e+00  +1.00e+02   +0.00e+00   +0.00e+00   +0.00e+00   +0.00e+00    +0.00e+00
  460.00  +1.00e+01  +0.000e+00   +0.000e+00   +0.000e+00    +0.00e+00    +0.00e+00    +0.00e+00   +0.00e+00  +0.00e+00   +0.00e+00  +0.00e+00  +1.00e+02   +0.00e+00   +0.00e+00   +0.00e+00   +0.00e+00    +0.00e+00
  500.00  +1.00e+01  +0.000e+00   +0.000e+00   +0.000e+00    +0.00e+00    +0.00e+00    +0.00e+00   +0.00e+00  +0.00e+00   +0.00e+00  +0.00e+00  +1.00e+02   +0.00e+00   +0.00e+00   +0.00e+00   +0.00e+00    +0.00e+00
  540.00  +1.00e+01  +0.000e+00   +0.000e+00   +0.000e+00    +0.00e+00    +0.00e+00    +0.00e+00   +0.00e+00  +0.00e+00   +0.00e+00  +0.00e+00  +1.00e+02   +0.00e+00   +0.00e+00   +0.00e+00   +0.00e+00    +0.00e+00
  580.00  +1.00e+01  +0.000e+00   +0.000e+00   +0.000e+00    +0.00e+00    +0.00e+00    +0.00e+00   +0.00e+00  +0.00e+00   +0.00e+00  +0.00e+00  +1.00e+02   +0.00e+00   +0.00e+00   +0.00e+00   +0.00e+00    +0.00e+00
  620.00  +1.00e+01  +0.000e+00   +0.000e+00   +0.000e+00    +0.00e+00    +0.00e+00    +0.00e+00   +0.00e+00  +0.00e+00   +0.00e+00  +0.00e+00  +1.00e+02   +0.00e+00   +0.00e+00   +0.00e+00   +0.00e+00    +0.00e+00
  660.00  +1.00e+01  +0.000e+00   +0.000e+00   +0.000e+00    +0.00e+00    +0.00e+00    +0.00e+00   +0.00e+00  +0.00e+00   +0.00e+00  +0.00e+00  +1.00e+02   +0.00e+00   +0.00e+00   +0.00e+00   +0.00e+00    +0.00e+00
  700.00  +1.00e+01  +0.000e+00   +0.000e+00   +0.000e+00    +0.00e+00    +0.00e+00    +0.00e+00   +0.00e+00  +0.00e+00   +0.00e+00  +0.00e+00  +1.00e+02   +0.00e+00   +0.00e+00   +0.00e+00   +0.00e+00    +0.00e+00
  740.00  +1.00e+01  +0.000e+00   +0.000e+00   +0.000e+00    +0.00e+00    +0.00e+00    +0.00e+00   +0.00e+00  +0.00e+00   +0.00e+00  +0.00e+00  +1.00e+02   +0.00e+00   +0.00e+00   +0.00e+00   +0.00e+00    +0.00e+00
  780.00  +1.00e+01  +0.000e+00   +0.000e+00   +0.000e+00    +0.00e+00    +0.00e+00    +0.00e+00   +0.00e+00  +0.00e+00   +0.00e+00  +0.00e+00  +1.00e+02   +0.00e+00   +0.00e+00   +0.00e+00   +0.00e+00    +0.00e+00
  820.00  +1.00e+01  +0.000e+00   +0.000e+00   +0.000e+00    +0.00e+00    +0.00e+00    +0.00e+00   +0.00e+00  +0.00e+00   +0.00e+00  +0.00e+00  +1.00e+02   +0.00e+00   +0.00e+00   +0.00e+00   +0.00e+00    +0.00e+00
  860.00  +1.00e+01  +0.000e+00   +0.000e+00   +0.000e+00    +0.00e+00    +0.00e+00    +0.00e+00   +0.00e+00  +0.00e+00   +0.00e+00  +0.00e+00  +1.00e+02   +0.00e+00   +0.00e+00   +0.00e+00   +0.00e+00    +0.00e+00
  900.00  +1.00e+01  +0.000e+00   +0.000e+00   +0.000e+00    +0.00e+00    +0.00e+00    +0.00e+00   +0.00e+00  +0.00e+00   +0.00e+00  +0.00e+00  +1.00e+02   +0.00e+00   +0.00e+00   +0.00e+00   +0.00e+00    +0.00e+00
  940.00  +1.00e+01  +0.000e+00   +0.000e+00   +0.000e+00    +0.00e+00    +0.00e+00    +0.00e+00   +0.00e+00  +0.00e+00   +0.00e+00  +0.00e+00  +1.00e+02   +0.00e+00   +0.00e+00   +0.00e+00   +0.00e+00    +0.00e+00
  980.00  +1.00e+01  +0.000e+00   +0.000e+00   +0.000e+00    +0.00e+00    +0.00e+00    +0.00e+00   +0.00e+00  +0.00e+00   +0.00e+00  +0.00e+00  +1.00e+02   +0.00e+00   +0.00e+00   +0.00e+00   +0.00e+00    +0.00e+00
 1020.00  +1.00e+01  +0.000e+00   +0.000e+00   +0.000e+00    +0.00e+00    +0.00e+00    +0.00e+00   +0.00e+00  +0.00e+00   +0.00e+00  +0.00e+00  +1.00e+02   +0.00e+00   +0.00e+00   +0.00e+00   +0.00e+00    +0.00e+00
 1060.00  +1.00e+01  +0.000e+00   +0.000e+00   +0.000e+00    +0.00e+00    +0.00e+00    +0.00e+00   +0.00e+00  +0.00e+00   +0.00e+00  +0.00e+00  +1.00e+02   +0.00e+00   +0.00e+00   +0.00e+00   +0.00e+00    +0.00e+00
 1100.00  +1.00e+01  +0.000e+00   +0.000e+00   +0.000e+00    +0.00e+00    +0.00e+00    +0.00e+00   +0.00e+00  +0.00e+00   +0.00e+00  +0.00e+00  +1.00e+02   +0.00e+00   +0.00e+00   +0.00e+00   +0.00e+00    +0.00e+00
 1140.00  +1.00e+01  +0.000e+00   +0.000e+00   +0.000e+00    +0.00e+00    +0.00e+00    +0.00e+00   +0.00e+00  +0.00e+00   +0.00e+00  +0.00e+00  +1.00e+02   +0.00e+00   +0.00e+00   +0.00e+00   +0.00e+00    +0.00e+00
 1180.00  +1.00e+01  +0.000e+00   +0.000e+00   +0.000e+00    +0.00e+00    +0.00e+00    +0.00e+00   +0.00e+00  +0.00e+00   +0.00e+00  +0.00e+00  +1.00e+02   +0.00e+00   +0.00e+00   +0.00e+00   +0.00e+00    +0.00e+00
 1220.00  +1.00e+01  +0.000e+00   +0.000e+00   +0.000e+00    +0.00e+00    +0.00e+00    +0.00e+00   +0.00e+00  +0.00e+00   +0.00e+00  +0.00e+00  +1.00e+02   +0.00e+00   +0.00e+00   +0.00e+00   +0.00e+00    +0.00e+00
 1260.00  +1.00e+01  +0.000e+00   +0.000e+00   +0.000e+00    +0.00e+00    +0.00e+00    +0.00e+00   +0.00e+00  +0.00e+00   +0.00e+00  +0.00e+00  +1.00e+02   +0.00e+00   +0.00e+00   +0.00e+00   +0.00e+00    +0.00e+00
 1300.00  +1.00e+01  +0.000e+00   +0.000e+00   +0.000e+00    +0.00e+00    +0.00e+00    +0.00e+00   +0.00e+00  +0.00e+00   +0.00e+00  +0.00e+00  +1.00e+02   +0.00e+00   +0.00e+00   +0.00e+00   +0.00e+00    +0.00e+00
 1340.00  +1.00e+01  +0.000e+00   +0.000e+00   +0.000e+00    +0.00e+00    +0.00e+00    +0.00e+00   +0.00e+00  +0.00e+00   +0.00e+00  +0.00e+00  +1.00e+02   +0.00e+00   +0.00e+00   +0.00e+00   +0.00e+00    +0.00e+00
 1380.00  +1.00e+01  +0.000e+00   +0.000e+00   +0.000e+00    +0.00e+00    +0.00e+00    +0.00e+00   +0.00e+00  +0.00e+00   +0.00e+00  +0.00e+00  +1.00e+02   +0.00e+00   +0.00e+00   +0.00e+00   +0.00e+00    +0.00e+00
 1420.00  +1.00e+01  +0.000e+00   +0.000e+00   +0.000e+00    +0.00e+00    +0.00e+00    +0.00e+00   +0.00e+00  +0.00e+00   +0.00e+00  +0.00e+00  +1.00e+02   +0.00e+00   +0.00e+00   +0.00e+00   +0.00e+00    +0.00e+00
 1460.00  +1.00e+01  +0.000e+00   +0.000e+00   +0.000e+00    +0.00e+00    +0.00e+00    +0.00e+00   +0.00e+00  +0.00e+00   +0.00e+00  +0.00e+00  +1.00e+02   +0.00e+00   +0.00e+00   +0.00e+00   +0.00e+00    +0.00e+00
 1500.00  +1.00e+01  +0.000e+00   +0.000e+00   +0.000e+00    +0.00e+00    +0.00e+00    +0.00e+00   +0.00e+00  +0.00e+00   +0.00e+00  +0.00e+00  +1.00e+02   +0.00e+00   +0.00e+00   +0.00e+00   +0.00e+00    +0.00e+00
 1540.00  +1.00e+01  +0.000e+00   +0.000e+00   +0.000e+00    +0.00e+00    +0.00e+00    +0.00e+00   +0.00e+00  +0.00e+00   +0.00e+00  +0.00e+00  +1.00e+02   +0.00e+00   +0.00e+00   +0.00e+00   +0.00e+00    +0.00e+00
 1580.00  +1.00e+01  +0.000e+00   +0.000e+00   +0.000e+00    +0.00e+00    +0.00e+00    +0.00e+00   +0.00e+00  +0.00e+00   +0.00e+00  +0.00e+00  +1.00e+02   +0.00e+00   +0.00e+00   +0.00e+00   +0.00e+00    +0.00e+00
 1620.00  +1.00e+01  +0.000e+00   +0.000e+00   +0.000e+00    +0.00e+00    +0.00e+00    +0.00e+00   +0.00e+00  +0.00e+00   +0.00e+00  +0.00e+00  +1.00e+02   +0.00e+00   +0.00e+00   +0.00e+00   +0.00e+00    +0.00e+00
 1660.00  +1.00e+01  +0.000e+00   +0.000e+00   +0.000e+00    +0.00e+00    +0.00e+00    +0.00e+00   +0.00e+00  +0.00e+00   +0.00e+00  +0.00e+00  +1.00e+02   +0.00e+00   +0.00e+00   +0.00e+00   +0.00e+00    +0.00e+00
 1700.00  +1.00e+01  +0.000e+00   +0.000e+00   +0.000e+00    +0.00e+00    +0.00e+00    +0.00e+00   +0.00e+00  +0.00e+00   +0.00e+00  +0.00e+00  +1.00e+02   +0.00e+00   +0.00e+00   +0.00e+00   +0.00e+00    +0.00e+00
 1740.00  +1.00e+01  +0.000e+00   +0.000e+00   +0.000e+00    +0.00e+00    +0.00e+00    +0.00e+00   +0.00e+00  +0.00e+00   +0.00e+00  +0.00e+00  +1.00e+02   +0.00e+00   +0.00e+00   +0.00e+00   +0.00e+00    +0.00e+00
 1780.00  +1.00e+01  +0.000e+00   +0.000e+00   +0.000e+00    +0.00e+00    +0.00e+00    +0.00e+00   +0.00e+00  +0.00e+00   +0.00e+00  +0.00e+00  +1.00e+02   +0.00e+00   +0.00e+00   +0.00e+00   +0.00e+00    +0.00e+00
 1820.00  +1.00e+01  +0.000e+00   +0.000e+00   +0.000e+00    +0.00e+00    +0.00e+00    +0.00e+00   +0.00e+00  +0.00e+00   +0.00e+00  +0.00e+00  +1.00e+02   +0.00e+00   +0.00e+00   +0.00e+00   +0.00e+00    +0.00e+00
 1860.00  +1.00e+01  +0.000e+00   +0.000e+00   +0.000e+00    +0.00e+00    +0.00e+00    +0.00e+00   +0.00e+00  +0.00e+00   +0.00e+00  +0.00e+00  +1.00e+02   +0.00e+00   +0.00e+00   +0.00e+00   +0.00e+00    +0.00e+00
 1900.00  +1.00e+01  +0.000e+00   +0.000e+00   +0.000e+00    +0.00e+00    +0.00e+00    +0.00e+00   +0.00e+00  +0.00e+00   +0.00e+00  +0.00e+00  +1.00e+02   +0.00e+00   +0.00e+00   +0.00e+00   +0.00e+00    +0.00e+00
 1940.00  +1.00e+01  +0.000e+00   +0.000e+00   +0.000e+00    +0.00e+00    +0.00e+00    +0.00e+00   +0.00e+00  +0.00e+00   +0.00e+00  +0.00e+00  +1.00e+02   +0.00e+00   +0.00e+00   +0.00e+00   +0.00e+00    +0.00e+00
 1980.00  +1.00e+01  +0.000e+00   +0.000e+00   +0.000e+00    +0.00e+00    +0.00e+00    +0.00e+00   +0.00e+00  +0.00e+00   +0.00e+00  +0.00e+00  +1.00e+02   +0.00e+00   +0.00e+00   +0.00e+00   +0.00e+00    +0.00e+00
 2020.00  +1.00e+01  +0.000e+00   +0.000e+00   +0.000e+00    +0.00e+00    +0.00e+00    +0.00e+00   +0.00e+00  +0.00e+00   +0.00e+00  +0.00e+00  +1.00e+02   +0.00e+00   +0.00e+00   +0.00e+00   +0.00e+00    +0.00e+00
 2060.00  +1.00e+01  +0.000e+00   +0.000e+00   +0.000e+00    +0.00e+00    +0.00e+00    +0.00e+00   +0.00e+00  +0.00e+00   +0.00e+00  +0.00e+00  +1.00e+02   +0.00e+00   +0.00e+00   +0.00e+00   +0.00e+00    +0.00e+00
 2100.00  +1.00e+01  +0.000e+00   +0.000e+00   +0.000e+00    +0.00e+00    +0.00e+00    +0.00e+00   +0.00e+00  +0.00e+00   +0.00e+00  +0.00e+00  +1.00e+02   +0.00e+00   +0.00e+00   +0.00e+00   +0.00e+00    +0.00e+00
 2140.00  +1.00e+01  +0.000e+00   +0.000e+00   +0.000e+00    +0.00e+00    +0.00e+00    +0.00e+00   +0.00e+00  +0.00e+00   +0.00e+00  +0.00e+00  +1.00e+02   +0.00e+00   +0.00e+00   +0.00e+00   +0.00e+00    +0.00e+00
 2180.00  +1.00e+01  +0.000e+00   +0.000e+00   +0.000e+00    +0.00e+00    +0.00e+00    +0.00e+00   +0.00e+00  +0.00e+00   +0.00e+00  +0.00e+00  +1.00e+02   +0.00e+00   +0.00e+00   +0.00e+00   +0.00e+00    +0.00e+00
 2220.00  +1.00e+01  +0.000e+00   +0.000e+00   +0.000e+00    +0.00e+00    +0.00e+00    +0.00e+00   +0.00e+00  +0.00e+00   +0.00e+00  +0.00e+00  +1.00e+02   +0.00e+00   +0.00e+00   +0.00e+00   +0.00e+00    +0.00e+00
 2260.00  +1.00e+01  +0.000e+00   +0.000e+00   +0.000e+00    +0.00e+00    +0.00e+00    +0.00e+00   +0.00e+00  +0.00e+00   +0.00e+00  +0.00e+00  +1.00e+02   +0.00e+00   +0.00e+00   +0.00e+00   +0.00e+00    +0.00e+00
 2300.00  +1.00e+01  +0.000e+00   +0.000e+00   +0.000e+00    +0.00e+00    +0.00e+00    +0.00e+00   +0.00e+00  +0.00e+00   +0.00e+00  +0.00e+00  +1.00e+02   +0.00e+00   +0.00e+00   +0.00e+00   +0.00e+00    +0.00e+00
 2340.00  +1.00e+01  +0.000e+00   +0.000e+00   +0.000e+00    +0.00e+00    +0.00e+00    +0.00e+00   +0.00e+00  +0.00e+00   +0.00e+00  +0.00e+00  +1.00e+02   +0.00e+00   +0.00e+00   +0.00e+00   +0.00e+00    +0.00e+00
 2380.00  +1.00e+01  +0.000e+00   +0.000e+00   +0.000e+00    +0.00e+00    +0.00e+00    +0.00e+00   +0.00e+00  +0.00e+00   +0.00e+00  +0.00e+00  +1.00e+02   +0.00e+00   +0.00e+00   +0.00e+00   +0.00e+00    +0.00e+00
 2420.00  +1.00e+01  +0.000e+00   +0.000e+00   +0.000e+00    +0.00e+00    +0.00e+00    +0.00e+00   +0.00e+00  +0.00e+00   +0.00e+00  +0.00e+00  +1.00e+02   +0.00e+00   +0.00e+00   +0.00e+00   +0.00e+00    +0.00e+00
 2460.00  +1.00e+01  +0.000e+00   +0.000e+00   +0.000e+00    +0.00e+00    +0.00e+00    +0.00e+00   +0.00e+00  +0.00e+00   +0.00e+00  +0.00e+00  +1.00e+02   +0.00e+00   +0.00e+00   +0.00e+00   +0.00e+00    +0.00e+00
 2500.00  +1.00e+01  +0.000e+00   +0.000e+00   +0.000e+00    +0.00e+00    +0.00e+00    +0.00e+00   +0.00e+00  +0.00e+00   +0.00e+00  +0.00e+00  +1.00e+02   +0.00e+00   +0.00e+00   +0.00e+00   +0.00e+00    +0.00e+00
 2540.00  +1.00e+01  +0.000e+00   +0.000e+00   +0.000e+00    +0.00e+00    +0.00e+00    +0.00e+00   +0.00e+00  +0.00e+00   +0.00e+00  +0.00e+00  +1.00e+02   +0.00e+00   +0.00e+00   +0.00e+00   +0.00e+00    +0.00e+00
 2580.00  +1.00e+01  +0.000e+00   +0.000e+00   +0.000e+00    +0.00e+00    +0.00e+00    +0.00e+00   +0.00e+00  +0.00e+00   +0.00e+00  +0.00e+00  +1.00e+02   +0.00e+00   +0.00e+00   +0.00e+00   +0.00e+00    +0.00e+00
 2620.00  +1.00e+01  +0.000e+00   +0.000e+00   +0.000e+00    +0.00e+00    +0.00e+00    +0.00e+00   +0.00e+00  +0.00e+00   +0.00e+00  +0.00e+00  +1.00e+02   +0.00e+00   +0.00e+00   +0.00e+00   +0.00e+00    +0.00e+00
 2660.00  +1.00e+01  +0.000e+00   +0.000e+00   +0.000e+00    +0.00e+00    +0.00e+00    +0.00e+00   +0.00e+00  +0.00e+00   +0.00e+00  +0.00e+00  +1.00e+02   +0.00e+00   +0.00e+00   +0.00e+00   +0.00e+00    +0.00e+00
 2700.00  +1.00e+01  +0.000e+00   +0.000e+00   +0.000e+00    +0.00e+00    +0.00e+00    +0.00e+00   +0.00e+00  +0.00e+00   +0.00e+00  +0.00e+00  +1.00e+02   +0.00e+00   +0.00e+00   +0.00e+00   +0.00e+00    +0.00e+00
 2740.00  +1.00e+01  +0.000e+00   +0.000e+00   +0.000e+00    +0.00e+00    +0.00e+00    +0.00e+00   +0.00e+00  +0.00e+00   +0.00e+00  +0.00e+00  +1.00e+02   +0.00e+00   +0.00e+00   +0.00e+00   +0.00e+00    +0.00e+00
 2780.00  +1.00e+01  +0.000e+00   +0.000e+00   +0.000e+00    +0.00e+00    +0.00e+00    +0.00e+00   +0.00e+00  +0.00e+00   +0.00e+00  +0.00e+00  +1.00e+02   +0.00e+00   +0.00e+00   +0.00e+00   +0.00e+00    +0.00e+00
 2820.00  +1.00e+01  +0.000e+00   +0.000e+00   +0.000e+00    +0.00e+00    +0.00e+00    +0.00e+00   +0.00e+00  +0.00e+00   +0.00e+00  +0.00e+00  +1.00e+02   +0.00e+00   +0.00e+00   +0.00e+00   +0.00e+00    +0.00e+00
 2860.00  +1.00e+01  +0.000e+00   +0.000e+00   +0.000e+00    +0.00e+00    +0.00e+00    +0.00e+00   +0.00e+00  +0.00e+00   +0.00e+00  +0.00e+00  +1.00e+02   +0.00e+00   +0.00e+00   +0.00e+00   +0.00e+00    +0.00e+00
 2900.00  +1.00e+01  +0.000e+00   +0.000e+00   +0.000e+00    +0.00e+00    +0.00e+00    +0.00e+00   +0.00e+00  +0.00e+00   +0.00e+00  +0.00e+00  +1.00e+02   +0.00e+00   +0.00e+00   +0.00e+00   +0.00e+00    +0.00e+00
 2940.00  +1.00e+01  +0.000e+00   +0.000e+00   +0.000e+00    +0.00e+00    +0.00e+00    +0.00e+00   +0.00e+00  +0.00e+00   +0.00e+00  +0.00e+00  +1.00e+02   +0.00e+00   +0.00e+00   +0.00e+00   +0.00e+00    +0.00e+00
 2980.00  +1.00e+01  +0.000e+00   +0.000e+00   +0.000e+00    +0.00e+00    +0.00e+00    +0.00e+00   +0.00e+00  +0.00e+00   +0.00e+00  +0.00e+00  +1.00e+02   +0.00e+00   +0.00e+00   +0.00e+00   +0.00e+00    +0.00e+00
 3020.00  +1.00e+01  +0.000e+00   +0.000e+00   +0.000e+00    +0.00e+00    +0.00e+00    +0.00e+00   +0.00e+00  +0.00e+00   +0.00e+00  +0.00e+00  +1.00e+02   +0.00e+00   +0.00e+00   +0.00e+00   +0.00e+00    +0.00e+00
 3060.00  +1.00e+01  +0.000e+00   +0.000e+00   +0.000e+00    +0.00e+00    +0.00e+00    +0.00e+00   +0.00e+00  +0.00e+00   +0.00e+00  +0.00e+00  +1.00e+02   +0.00e+00   +0.00e+00   +0.00e+00   +0.00e+00    +0.00e+00
 3100.00  +1.00e+01  +0.000e+00   +0.000e+00   +0.000e+00    +0.00e+00    +0.00e+00    +0.00e+00   +0.00e+00  +0.00e+00   +0.00e+00  +0.00e+00  +1.00e+02   +0.00e+00   +0.00e+00   +0.00e+00   +0.00e+00    +0.00e+00
 3140.00  +1.00e+01  +0.000e+00   +0.000e+00   +0.000e+00    +0.00e+00    +0.00e+00    +0.00e+00   +0.00e+00  +0.00e+00   +0.00e+00  +0.00e+00  +1.00e+02   +0.00e+00   +0.00e+00   +0.00e+00   +0.00e+00    +0.00e+00
 3180.00  +1.00e+01  +0.000e+00   +0.000e+00   +0.000e+00    +0.00e+00    +0.00e+00    +0.00e+00   +0.00e+00  +0.00e+00   +0.00e+00  +0.00e+00  +1.00e+02   +0.00e+00   +0.00e+00   +0.00e+00   +0.00e+00    +0.00e+00
 3220.00  +1.00e+01  +0.000e+00   +0.000e+00   +0.000e+00    +0.00e+00    +0.00e+00    +0.00e+00   +0.00e+00  +0.00e+00   +0.00e+00  +0.00e+00  +1.00e+02   +0.00e+00   +0.00e+00   +0.00e+00   +0.00e+00    +0.00e+00
 3260.00  +1.00e+01  +0.000e+00   +0.000e+00   +0.000e+00    +0.00e+00    +0.00e+00    +0.00e+00   +0.00e+00  +0.00e+00   +0.00e+00  +0.00e+00  +1.00e+02   +0.00e+00   +0.00e+00   +0.00e+00   +0.00e+00    +0.00e+00
 3300.00  +1.00e+01  +0.000e+00   +0.000e+00   +0.000e+00    +0.00e+00    +0.00e+00    +0.00e+00   +0.00e+00  +0.00e+00   +0.00e+00  +0.00e+00  +1.00e+02   +0.00e+00   +0.00e+00   +0.00e+00   +0.00e+00    +0.00e+00
 3340.00  +1.00e+01  +0.000e+00   +0.000e+00   +0.000e+00    +0.00e+00    +0.00e+00    +0.00e+00   +0.00e+00  +0.00e+00   +0.00e+00  +0.00e+00  +1.00e+02   +0.00e+00   +0.00e+00   +0.00e+00   +0.00e+00    +0.00e+00
 3380.00  +1.00e+01  +0.000e+00   +0.000e+00   +0.000e+00    +0.00e+00    +0.00e+00    +0.00e+00   +0.00e+00  +0.00e+00   +0.00e+00  +0.00e+00  +1.00e+02   +0.00e+00   +0.00e+00   +0.00e+00   +0.00e+00    +0.00e+00
 3420.00  +1.00e+01  +0.000e+00   +0.000e+00   +0.000e+00    +0.00e+00    +0.00e+00    +0.00e+00   +0.00e+00  +0.00e+00   +0.00e+00  +0.00e+00  +1.00e+02   +0.00e+00   +0.00e+00   +0.00e+00   +0.00e+00    +0.00e+00
 3460.00  +1.00e+01  +0.000e+00   +0.000e+00   +0.000e+00    +0.00e+00    +0.00e+00    +0.00e+00   +0.00e+00  +0.00e+00   +0.00e+00  +0.00e+00  +1.00e+02   +0.00e+00   +0.00e+00   +0.00e+00   +0.00e+00    +0.00e+00
 3500.00  +1.00e+01  +0.000e+00   +0.000e+00   +0.000e+00    +0.00e+00    +0.00e+00    +0.00e+00   +0.00e+00  +0.00e+00   +0.00e+00  +0.00e+00  +1.00e+02   +0.00e+00   +0.00e+00   +0.00e+00   +0.00e+00    +0.00e+00
 3540.00  +1.00e+01  +0.000e+00   +0.000e+00   +0.000e+00    +0.00e+00    +0.00e+00    +0.00e+00   +0.00e+00  +0.00e+00   +0.00e+00  +0.00e+00  +1.00e+02   +0.00e+00   +0.00e+00   +0.00e+00   +0.00e+00    +0.00e+00
 3580.00  +1.00e+01  +0.000e+00   +0.000e+00   +0.000e+00    +0.00e+00    +0.00e+00    +0.00e+00   +0.00e+00  +0.00e+00   +0.00e+00  +0.00e+00  +1.00e+02   +0.00e+00   +0.00e+00   +0.00e+00   +0.00e+00    +0.00e+00
 3620.00  +1.00e+01  +0.000e+00   +0.000e+00   +0.000e+00    +0.00e+00    +0.00e+00    +0.00e+00   +0.00e+00  +0.00e+00   +0.00e+00  +0.00e+00  +1.00e+02   +0.00e+00   +0.00e+00   +0.00e+00   +0.00e+00    +0.00e+00
 3660.00  +1.00e+01  +0.000e+00   +0.000e+00   +0.000e+00    +0.00e+00    +0.00e+00    +0.00e+00   +0.00e+00  +0.00e+00   +0.00e+00  +0.00e+00  +1.00e+02   +0.00e+00   +0.00e+00   +0.00e+00   +0.00e+00    +0.00e+00
 3700.00  +1.00e+01  +0.000e+00   +0.000e+00   +0.000e+00    +0.00e+00    +0.00e+00    +0.00e+00   +0.00e+00  +0.00e+00   +0.00e+00  +0.00e+00  +1.00e+02   +0.00e+00   +0.00e+00   +0.00e+00   +0.00e+00    +0.00e+00
 3740.00  +1.00e+01  +0.000e+00   +0.000e+00   +0.000e+00    +0.00e+00    +0.00e+00    +0.00e+00   +0.00e+00  +0.00e+00   +0.00e+00  +0.00e+00  +1.00e+02   +0.00e+00   +0.00e+00   +0.00e+00   +0.00e+00    +0.00e+00
 3780.00  +1.00e+01  +0.000e+00   +0.000e+00   +0.000e+00    +0.00e+00    +0.00e+00    +0.00e+00   +0.00e+00  +0.00e+00   +0.00e+00  +0.00e+00  +1.00e+02   +0.00e+00   +0.00e+00   +0.00e+00   +0.00e+00    +0.00e+00
 3820.00  +1.00e+01  +0.000e+00   +0.000e+00   +0.000e+00    +0.00e+00    +0.00e+00    +0.00e+00   +0.00e+00  +0.00e+00   +0.00e+00  +0.00e+00  +1.00e+02   +0.00e+00   +0.00e+00   +0.00e+00   +0.00e+00    +0.00e+00
 3860.00  +1.00e+01  +0.000e+00   +0.000e+00   +0.000e+00    +0.00e+00    +0.00e+00    +0.00e+00   +0.00e+00  +0.00e+00   +0.00e+00  +0.00e+00  +1.00e+02   +0.00e+00   +0.00e+00   +0.00e+00   +0.00e+00    +0.00e+00
 3900.00  +1.00e+01  +0.000e+00   +0.000e+00   +0.000e+00    +0.00e+00    +0.00e+00    +0.00e+00   +0.00e+00  +0.00e+00   +0.00e+00  +0.00e+00  +1.00e+02   +0.00e+00   +0.00e+00   +0.00e+00   +0.00e+00    +0.00e+00
 3940.00  +1.00e+01  +0.000e+00   +0.000e+00   +0.000e+00    +0.00e+00    +0.00e+00    +0.00e+00   +0.00e+00  +0.00e+00   +0.00e+00  +0.00e+00  +1.00e+02   +0.00e+00   +0.00e+00   +0.00e+00   +0.00e+00    +0.00e+00
 3980.00  +1.00e+01  +0.000e+00   +0.000e+00   +0.000e+00    +0.00e+00    +0.00e+00    +0.00e+00   +0.00e+00  +0.00e+00   +0.00e+00  +0.00e+00  +1.00e+02   +0.00e+00   +0.00e+00   +0.00e+00   +0.00e+00    +0.00e+00
 4020.00  +1.00e+01  +0.000e+00   +0.000e+00   +0.000e+00    +0.00e+00    +0.00e+00    +0.00e+00   +0.00e+00  +0.00e+00   +0.00e+00  +0.00e+00  +1.00e+02   +0.00e+00   +0.00e+00   +0.00e+00   +0.00e+00    +0.00e+00
 4060.00  +1.00e+01  +0.000e+00   +0.000e+00   +0.000e+00    +0.00e+00    +0.00e+00    +0.00e+00   +0.00e+00  +0.00e+00   +0.00e+00  +0.00e+00  +1.00e+02   +0.00e+00   +0.00e+00   +0.00e+00   +0.00e+00    +0.00e+00
 4100.00  +1.00e+01  +0.000e+00   +0.000e+00   +0.000e+00    +0.00e+00    +0.00e+00    +0.00e+00   +0.00e+00  +0.00e+00   +0.00e+00  +0.00e+00  +1.00e+02   +0.00e+00   +0.00e+00   +0.00e+00   +0.00e+00    +0.00e+00
 4140.00  +1.00e+01  +0.000e+00   +0.000e+00   +0.000e+00    +0.00e+00    +0.00e+00    +0.00e+00   +0.00e+00  +0.00e+00   +0.00e+00  +0.00e+00  +1.00e+02   +0.00e+00   +0.00e+00   +0.00e+00   +0.00e+00    +0.00e+00
 4180.00  +1.00e+01  +0.000e+00   +0.000e+00   +0.000e+00    +0.00e+00    +0.00e+00    +0.00e+00   +0.00e+00  +0.00e+00   +0.00e+00  +0.00e+00  +1.00e+02   +0.00e+00   +0.00e+00   +0.00e+00   +0.00e+00    +0.00e+00
 4220.00  +1.00e+01  +0.000e+00   +0.000e+00   +0.000e+00    +0.00e+00    +0.00e+00    +0.00e+00   +0.00e+00  +0.00e+00   +0.00e+00  +0.00e+00  +1.00e+02   +0.00e+00   +0.00e+00   +0.00e+00   +0.00e+00    +0.00e+00
 4260.00  +1.00e+01  +0.000e+00   +0.000e+00   +0.000e+00    +0.00e+00    +0.00e+00    +0.00e+00   +0.00e+00  +0.00e+00   +0.00e+00  +0.00e+00  +1.00e+02   +0.00e+00   +0.00e+00   +0.00e+00   +0.00e+00    +0.00e+00
 4300.00  +1.00e+01  +0.000e+00   +0.000e+00   +0.000e+00    +0.00e+00    +0.00e+00    +0.00e+00   +0.00e+00  +0.00e+00   +0.00e+00  +0.00e+00  +1.00e+02   +0.00e+00   +0.00e+00   +0.00e+00   +0.00e+00    +0.00e+00
 4340.00  +1.00e+01  +0.000e+00   +0.000e+00   +0.000e+00    +0.00e+00    +0.00e+00    +0.00e+00   +0.00e+00  +0.00e+00   +0.00e+00  +0.00e+00  +1.00e+02   +0.00e+00   +0.00e+00   +0.00e+00   +0.00e+00    +0.00e+00
 4380.00  +1.00e+01  +0.000e+00   +0.000e+00   +0.000e+00    +0.00e+00    +0.00e+00    +0.00e+00   +0.00e+00  +0.00e+00   +0.00e+00  +0.00e+00  +1.00e+02   +0.00e+00   +0.00e+00   +0.00e+00   +0.00e+00    +0.00e+00
 4420.00  +1.00e+01  +0.000e+00   +0.000e+00   +0.000e+00    +0.00e+00    +0.00e+00    +0.00e+00   +0.00e+00  +0.00e+00   +0.00e+00  +0.00e+00  +1.00e+02   +0.00e+00   +0.00e+00   +0.00e+00   +0.00e+00    +0.00e+00
 4460.00  +1.00e+01  +0.000e+00   +0.000e+00   +0.000e+00    +0.00e+00    +0.00e+00    +0.00e+00   +0.00e+00  +0.00e+00   +0.00e+00  +0.00e+00  +1.00e+02   +0.00e+00   +0.00e+00   +0.00e+00   +0.00e+00    +0.00e+00
 4500.00  +1.00e+01  +0.000e+00   +0.000e+00   +0.000e+00    +0.00e+00    +0.00e+00    +0.00e+00   +0.00e+00  +0.00e+00   +0.00e+00  +0.00e+00  +1.00e+02   +0.00e+00   +0.00e+00   +0.00e+00   +0.00e+00    +0.00e+00
