# x-grid 
#      
  0.2500
  0.7500
  1.2500
  1.7500
  2.2500
  2.7500
  3.2500
  3.7500
  4.2500
  4.7500
  5.2500
  5.7500
  6.2500
  6.7500
  7.2500
  7.7500
  8.2500
  8.7500
  9.2500
  9.7500
 10.2500
 10.7500
 11.2500
 11.7500
 12.2500
 12.7500
 13.2500
 13.7500
 14.2500
 14.7500
 15.2500
 15.7500
 16.2500
 16.7500
 17.2500
 17.7500
 18.2500
 18.7500
 19.2500
 19.7500
 20.2500
 20.7500
 21.2500
 21.7500
 22.2500
 22.7500
 23.2500
 23.7500
 24.2500
 24.7500
 25.2500
 25.7500
 26.2500
 26.7500
 27.2500
 27.7500
 28.2500
 28.7500
 29.2500
 29.7500
 30.2500
 30.7500
 31.2500
 31.7500
 32.2500
 32.7500
 33.2500
 33.7500
 34.2500
 34.7500
 35.2500
 35.7500
 36.2500
 36.7500
 37.2500
 37.7500
 38.2500
 38.7500
 39.2500
 39.7500
 40.2500
 40.7500
 41.2500
 41.7500
 42.2500
 42.7500
 43.2500
 43.7500
 44.2500
 44.7500
 45.2500
 45.7500
 46.2500
 46.7500
 47.2500
 47.7500
 48.2500
 48.7500
 49.2500
 49.7500
 50.2500
 50.7500
 51.2500
 51.7500
 52.2500
 52.7500
 53.2500
 53.7500
 54.2500
 54.7500
 55.2500
 55.7500
 56.2500
 56.7500
 57.2500
 57.7500
 58.2500
 58.7500
 59.2500
 59.7500
 60.2500
 60.7500
 61.2500
 61.7500
 62.2500
 62.7500
 63.2500
 63.7500
