# block location
#il    iu    jl     ju    kl    ku   corresp. facets
   9	  24	   9	  24	   1	  17	   1	   2	   3	   4	   5
   9	  24	  41	  56	   1	  17	   6	   7	   8	   9	  10
  41	  56	   9	  24	   1	  17	  11	  12	  13	  14	  15
  41	  56	  41	  56	   1	  17	  16	  17	  18	  19	  20
   8	   8	   1	  64	   0	   0	  21	   0	   0	   0	   0
  25	  25	   1	  64	   0	   0	  22	   0	   0	   0	   0
   9	  24	  25	  40	   0	   0	  23	   0	   0	   0	   0
   9	  24	   1	   8	   0	   0	  24	   0	   0	   0	   0
   9	  24	  57	  64	   0	   0	  25	   0	   0	   0	   0
  40	  40	   1	  64	   0	   0	  26	   0	   0	   0	   0
  57	  57	   1	  64	   0	   0	  27	   0	   0	   0	   0
  41	  56	  25	  40	   0	   0	  28	   0	   0	   0	   0
  41	  56	   1	   8	   0	   0	  29	   0	   0	   0	   0
  41	  56	  57	  64	   0	   0	  30	   0	   0	   0	   0
   1	   7	   1	  64	   0	   0	  31	   0	   0	   0	   0
  26	  39	   1	  64	   0	   0	  32	   0	   0	   0	   0
  58	  64	   1	  64	   0	   0	  33	   0	   0	   0	   0
