# Fence location
#  il  iu  jl  ju  kl  ku  z0horiz[m]  z0hhoriz[m]  Thoriz[K]  Twest  Teast  Tnorth  Tsouth         
39  57  36  56  0   14  0.010000 0.000067 288.00 288.00 288.00 288.00 288.00
4   31  36  56  0   3   0.010000 0.000067 288.00 288.00 288.00 288.00 288.00
4   15  4   8   0   12  0.010000 0.000067 288.00 288.00 288.00 288.00 288.00
22  31  4   8   0   12  0.010000 0.000067 288.00 288.00 288.00 288.00 288.00
22  31  15  28  0   19  0.010000 0.000067 288.00 288.00 288.00 288.00 288.00
4   15  15  28  0   13  0.010000 0.000067 288.00 288.00 288.00 288.00 288.00
39  43  4   16  0   16  0.010000 0.000067 288.00 288.00 288.00 288.00 288.00
50  57  4   16  0   11  0.010000 0.000067 288.00 288.00 288.00 288.00 288.00
50  57  23  28  0   14  0.010000 0.000067 288.00 288.00 288.00 288.00 288.00
39  43  23  28  0   21  0.010000 0.000067 288.00 288.00 288.00 288.00 288.00
99  117 36  56  0   14  0.010000 0.000067 288.00 288.00 288.00 288.00 288.00
159 177 36  56  0   14  0.010000 0.000067 288.00 288.00 288.00 288.00 288.00
219 237 36  56  0   14  0.010000 0.000067 288.00 288.00 288.00 288.00 288.00
64  91  36  56  0   3   0.010000 0.000067 288.00 288.00 288.00 288.00 288.00
124 151 36  56  0   3   0.010000 0.000067 288.00 288.00 288.00 288.00 288.00
184 211 36  56  0   3   0.010000 0.000067 288.00 288.00 288.00 288.00 288.00
64  75  4   8   0   12  0.010000 0.000067 288.00 288.00 288.00 288.00 288.00
124 135 4   8   0   12  0.010000 0.000067 288.00 288.00 288.00 288.00 288.00
184 195 4   8   0   12  0.010000 0.000067 288.00 288.00 288.00 288.00 288.00
82  91  4   8   0   12  0.010000 0.000067 288.00 288.00 288.00 288.00 288.00
142 151 4   8   0   12  0.010000 0.000067 288.00 288.00 288.00 288.00 288.00
202 211 4   8   0   12  0.010000 0.000067 288.00 288.00 288.00 288.00 288.00
82  91  15  28  0   19  0.010000 0.000067 288.00 288.00 288.00 288.00 288.00
142 151 15  28  0   19  0.010000 0.000067 288.00 288.00 288.00 288.00 288.00
202 211 15  28  0   19  0.010000 0.000067 288.00 288.00 288.00 288.00 288.00
64  75  15  28  0   13  0.010000 0.000067 288.00 288.00 288.00 288.00 288.00
124 135 15  28  0   13  0.010000 0.000067 288.00 288.00 288.00 288.00 288.00
184 195 15  28  0   13  0.010000 0.000067 288.00 288.00 288.00 288.00 288.00
99  103 4   16  0   16  0.010000 0.000067 288.00 288.00 288.00 288.00 288.00
159 163 4   16  0   16  0.010000 0.000067 288.00 288.00 288.00 288.00 288.00
219 223 4   16  0   16  0.010000 0.000067 288.00 288.00 288.00 288.00 288.00
110 117 4   16  0   11  0.010000 0.000067 288.00 288.00 288.00 288.00 288.00
170 177 4   16  0   11  0.010000 0.000067 288.00 288.00 288.00 288.00 288.00
230 237 4   16  0   11  0.010000 0.000067 288.00 288.00 288.00 288.00 288.00
110 117 23  28  0   14  0.010000 0.000067 288.00 288.00 288.00 288.00 288.00
170 177 23  28  0   14  0.010000 0.000067 288.00 288.00 288.00 288.00 288.00
230 237 23  28  0   14  0.010000 0.000067 288.00 288.00 288.00 288.00 288.00
99  103 23  28  0   21  0.010000 0.000067 288.00 288.00 288.00 288.00 288.00
159 163 23  28  0   21  0.010000 0.000067 288.00 288.00 288.00 288.00 288.00
219 223 23  28  0   21  0.010000 0.000067 288.00 288.00 288.00 288.00 288.00
39  57  96  116 0   14  0.010000 0.000067 288.00 288.00 288.00 288.00 288.00
4   31  96  116 0   3   0.010000 0.000067 288.00 288.00 288.00 288.00 288.00
4   15  64  68  0   12  0.010000 0.000067 288.00 288.00 288.00 288.00 288.00
22  31  64  68  0   12  0.010000 0.000067 288.00 288.00 288.00 288.00 288.00
22  31  75  88  0   19  0.010000 0.000067 288.00 288.00 288.00 288.00 288.00
4   15  75  88  0   13  0.010000 0.000067 288.00 288.00 288.00 288.00 288.00
39  43  64  76  0   16  0.010000 0.000067 288.00 288.00 288.00 288.00 288.00
50  57  64  76  0   11  0.010000 0.000067 288.00 288.00 288.00 288.00 288.00
50  57  83  88  0   14  0.010000 0.000067 288.00 288.00 288.00 288.00 288.00
39  43  83  88  0   21  0.010000 0.000067 288.00 288.00 288.00 288.00 288.00
99  117 96  116 0   14  0.010000 0.000067 288.00 288.00 288.00 288.00 288.00
159 177 96  116 0   14  0.010000 0.000067 288.00 288.00 288.00 288.00 288.00
219 237 96  116 0   14  0.010000 0.000067 288.00 288.00 288.00 288.00 288.00
64  91  96  116 0   3   0.010000 0.000067 288.00 288.00 288.00 288.00 288.00
124 151 96  116 0   3   0.010000 0.000067 288.00 288.00 288.00 288.00 288.00
184 211 96  116 0   3   0.010000 0.000067 288.00 288.00 288.00 288.00 288.00
64  75  64  68  0   12  0.010000 0.000067 288.00 288.00 288.00 288.00 288.00
124 135 64  68  0   12  0.010000 0.000067 288.00 288.00 288.00 288.00 288.00
184 195 64  68  0   12  0.010000 0.000067 288.00 288.00 288.00 288.00 288.00
82  91  64  68  0   12  0.010000 0.000067 288.00 288.00 288.00 288.00 288.00
142 151 64  68  0   12  0.010000 0.000067 288.00 288.00 288.00 288.00 288.00
202 211 64  68  0   12  0.010000 0.000067 288.00 288.00 288.00 288.00 288.00
82  91  75  88  0   19  0.010000 0.000067 288.00 288.00 288.00 288.00 288.00
142 151 75  88  0   19  0.010000 0.000067 288.00 288.00 288.00 288.00 288.00
202 211 75  88  0   19  0.010000 0.000067 288.00 288.00 288.00 288.00 288.00
64  75  75  88  0   13  0.010000 0.000067 288.00 288.00 288.00 288.00 288.00
124 135 75  88  0   13  0.010000 0.000067 288.00 288.00 288.00 288.00 288.00
184 195 75  88  0   13  0.010000 0.000067 288.00 288.00 288.00 288.00 288.00
99  103 64  76  0   16  0.010000 0.000067 288.00 288.00 288.00 288.00 288.00
159 163 64  76  0   16  0.010000 0.000067 288.00 288.00 288.00 288.00 288.00
219 223 64  76  0   16  0.010000 0.000067 288.00 288.00 288.00 288.00 288.00
110 117 64  76  0   11  0.010000 0.000067 288.00 288.00 288.00 288.00 288.00
170 177 64  76  0   11  0.010000 0.000067 288.00 288.00 288.00 288.00 288.00
230 237 64  76  0   11  0.010000 0.000067 288.00 288.00 288.00 288.00 288.00
110 117 83  88  0   14  0.010000 0.000067 288.00 288.00 288.00 288.00 288.00
170 177 83  88  0   14  0.010000 0.000067 288.00 288.00 288.00 288.00 288.00
230 237 83  88  0   14  0.010000 0.000067 288.00 288.00 288.00 288.00 288.00
99  103 83  88  0   21  0.010000 0.000067 288.00 288.00 288.00 288.00 288.00
159 163 83  88  0   21  0.010000 0.000067 288.00 288.00 288.00 288.00 288.00
219 223 83  88  0   21  0.010000 0.000067 288.00 288.00 288.00 288.00 288.00
