# net shortwave on facets [W/m2] (including reflections and diffusive)
2.894894e+02
1.521511e+02
1.524458e+02
1.267995e+02
1.876325e+02
2.889818e+02
1.545712e+02
1.360796e+02
1.528959e+02
1.558896e+02
2.795386e+02
1.470625e+02
1.625604e+02
1.351343e+02
1.542978e+02
2.897346e+02
1.568763e+02
1.574277e+02
1.255541e+02
1.830938e+02
2.889762e+02
1.551150e+02
1.357906e+02
1.569744e+02
1.553412e+02
2.796280e+02
1.487011e+02
1.653367e+02
1.567583e+02
1.546077e+02
2.866504e+02
1.284079e+02
1.479887e+02
1.114650e+02
1.855049e+02
2.906323e+02
1.303025e+02
1.565270e+02
1.485465e+02
1.613922e+02
2.868147e+02
1.335901e+02
1.491351e+02
1.099742e+02
1.793418e+02
2.906321e+02
1.294485e+02
1.588174e+02
1.535657e+02
1.569174e+02
2.893793e+02
1.305487e+02
1.538843e+02
1.192137e+02
1.894917e+02
2.907106e+02
1.299043e+02
1.544742e+02
1.369000e+02
1.660812e+02
2.899758e+02
1.528784e+02
1.753202e+02
1.302119e+02
1.569853e+02
2.893431e+02
1.346979e+02
1.484817e+02
1.208106e+02
1.586367e+02
2.907106e+02
1.308799e+02
1.537294e+02
1.422072e+02
1.620300e+02
2.901045e+02
1.571727e+02
1.807964e+02
1.558517e+02
1.560161e+02
2.873163e+02
1.138168e+02
1.574814e+02
1.182479e+02
1.844523e+02
2.889376e+02
1.124887e+02
1.503784e+02
1.274866e+02
1.519425e+02
2.875084e+02
1.090511e+02
1.578659e+02
1.183912e+02
1.529294e+02
2.889365e+02
1.119569e+02
1.517543e+02
1.304064e+02
1.497114e+02
2.893167e+02
1.237696e+02
1.519453e+02
1.200998e+02
1.870712e+02
2.884947e+02
1.248508e+02
1.346733e+02
1.465889e+02
1.543468e+02
2.790260e+02
1.146110e+02
1.624132e+02
1.335286e+02
1.522937e+02
2.895029e+02
1.206100e+02
1.565266e+02
1.200674e+02
1.772111e+02
2.884857e+02
1.240537e+02
1.343900e+02
1.524853e+02
1.515711e+02
2.790073e+02
1.171256e+02
1.648307e+02
1.571544e+02
1.532973e+02
2.865785e+02
1.260796e+02
1.475275e+02
1.108898e+02
1.852890e+02
2.906266e+02
1.244257e+02
1.566476e+02
1.459423e+02
1.610037e+02
2.867087e+02
1.285536e+02
1.485733e+02
1.107497e+02
1.772356e+02
2.906264e+02
1.239851e+02
1.582833e+02
1.532927e+02
1.564124e+02
2.893745e+02
1.286058e+02
1.538752e+02
1.202443e+02
1.894063e+02
2.907106e+02
1.263876e+02
1.547762e+02
1.366777e+02
1.674736e+02
2.899572e+02
1.484392e+02
1.754875e+02
1.300407e+02
1.578981e+02
2.893303e+02
1.317921e+02
1.486464e+02
1.216235e+02
1.574059e+02
2.907106e+02
1.277232e+02
1.542655e+02
1.426310e+02
1.614958e+02
2.900940e+02
1.536315e+02
1.806793e+02
1.564417e+02
1.569022e+02
2.873198e+02
1.134753e+02
1.574080e+02
1.198267e+02
1.844271e+02
2.887978e+02
1.120965e+02
1.504020e+02
1.284118e+02
1.533425e+02
2.875127e+02
1.087628e+02
1.577961e+02
1.199371e+02
1.526673e+02
2.888074e+02
1.117550e+02
1.515847e+02
1.315155e+02
1.507194e+02
2.893133e+02
1.235838e+02
1.519148e+02
1.198893e+02
1.870628e+02
2.884944e+02
1.246979e+02
1.345919e+02
1.466548e+02
1.543086e+02
2.789643e+02
1.145379e+02
1.623544e+02
1.334706e+02
1.523827e+02
2.894980e+02
1.201210e+02
1.565408e+02
1.200404e+02
1.771625e+02
2.884752e+02
1.236081e+02
1.341683e+02
1.524418e+02
1.514699e+02
2.790043e+02
1.158590e+02
1.647994e+02
1.571520e+02
1.532269e+02
2.865769e+02
1.260621e+02
1.474937e+02
1.108814e+02
1.852835e+02
2.906263e+02
1.237539e+02
1.571692e+02
1.458884e+02
1.609978e+02
2.867047e+02
1.282323e+02
1.484935e+02
1.107128e+02
1.771291e+02
2.906260e+02
1.230672e+02
1.585692e+02
1.533047e+02
1.563152e+02
2.893765e+02
1.285129e+02
1.543150e+02
1.204834e+02
1.894124e+02
2.907106e+02
1.257921e+02
1.556117e+02
1.368116e+02
1.675094e+02
2.899622e+02
1.481000e+02
1.763431e+02
1.301430e+02
1.579947e+02
2.893316e+02
1.314294e+02
1.492768e+02
1.216727e+02
1.574370e+02
2.907106e+02
1.269389e+02
1.549120e+02
1.426639e+02
1.615758e+02
2.900963e+02
1.533996e+02
1.809353e+02
1.564467e+02
1.570521e+02
2.873232e+02
1.135804e+02
1.573908e+02
1.198580e+02
1.844386e+02
2.888059e+02
1.121779e+02
1.508270e+02
1.285421e+02
1.533668e+02
2.875237e+02
1.088219e+02
1.581036e+02
1.199849e+02
1.527487e+02
2.888144e+02
1.118203e+02
1.517557e+02
1.315732e+02
1.508900e+02
2.893135e+02
1.236015e+02
1.518441e+02
1.198951e+02
1.870709e+02
2.884983e+02
1.247460e+02
1.347454e+02
1.470118e+02
1.543127e+02
2.789611e+02
1.147069e+02
1.624632e+02
1.336195e+02
1.528172e+02
2.895089e+02
1.201275e+02
1.569559e+02
1.200969e+02
1.774893e+02
2.884781e+02
1.236573e+02
1.342482e+02
1.525358e+02
1.517099e+02
2.789919e+02
1.159077e+02
1.647634e+02
1.571656e+02
1.535608e+02
2.865788e+02
1.260712e+02
1.473766e+02
1.109440e+02
1.853096e+02
2.906269e+02
1.236146e+02
1.612708e+02
1.471193e+02
1.611170e+02
2.867299e+02
1.282542e+02
1.481198e+02
1.109179e+02
1.773716e+02
2.906266e+02
1.228159e+02
1.627129e+02
1.535773e+02
1.571124e+02
2.893995e+02
1.287599e+02
1.579861e+02
1.230540e+02
1.895842e+02
2.907106e+02
1.263834e+02
1.618959e+02
1.390449e+02
1.688291e+02
2.900464e+02
1.480346e+02
1.829878e+02
1.335472e+02
1.606599e+02
2.893617e+02
1.315566e+02
1.533499e+02
1.236911e+02
1.591923e+02
2.907106e+02
1.275118e+02
1.606603e+02
1.433746e+02
1.638564e+02
2.901528e+02
1.533784e+02
1.832318e+02
1.555594e+02
1.598726e+02
2.868121e+02
1.144620e+02
1.818265e+02
1.252562e+02
1.846689e+02
2.889531e+02
1.134678e+02
1.836310e+02
1.299082e+02
1.606196e+02
2.869451e+02
1.097849e+02
1.813178e+02
1.249876e+02
1.530881e+02
2.889551e+02
1.130334e+02
1.835688e+02
1.313356e+02
1.585875e+02
1.292835e+02
1.641394e+02
1.290727e+02
1.557412e+02
1.232839e+02
1.534591e+02
1.564722e+02
1.812959e+02
1.565618e+02
1.893738e+02
1.602752e+02
1.833779e+02
1.443139e+02
1.712404e+02
1.293652e+02
1.554200e+02
1.236489e+02
1.547168e+02
1.578238e+02
1.838512e+02
1.581683e+02
1.950659e+02
1.669160e+02
1.933312e+02
9.952579e+01
1.394449e+02
9.840585e+01
1.356146e+02
1.015243e+02
1.299468e+02
1.016093e+02
1.288896e+02
9.144331e+01
1.221069e+02
1.028686e+02
1.307453e+02
9.527916e+01
1.327915e+02
9.677188e+01
1.325234e+02
1.010128e+02
1.298421e+02
1.016439e+02
1.291406e+02
9.191989e+01
1.229738e+02
1.057423e+02
1.354326e+02
1.780360e+02
1.931821e+02
1.769655e+02
1.932114e+02
1.579158e+02
1.894300e+02
1.489179e+02
1.799397e+02
1.226601e+02
1.536940e+02
1.389562e+02
1.621124e+02
1.738967e+02
1.838692e+02
1.757231e+02
1.880648e+02
1.594661e+02
1.864900e+02
1.484828e+02
1.778201e+02
1.241919e+02
1.532008e+02
1.409007e+02
1.624336e+02
1.738372e+02
1.838653e+02
1.756800e+02
1.880007e+02
1.594407e+02
1.863771e+02
1.484687e+02
1.777151e+02
1.241930e+02
1.531911e+02
1.409373e+02
1.626367e+02
1.739056e+02
1.841573e+02
1.757751e+02
1.884224e+02
1.595897e+02
1.867715e+02
1.486279e+02
1.779904e+02
1.235997e+02
1.531827e+02
1.274718e+02
1.581329e+02
1.181863e+02
1.349916e+02
1.135083e+02
1.332450e+02
1.221321e+02
1.287013e+02
1.169017e+02
1.348594e+02
1.223713e+02
1.341152e+02
1.017743e+02
1.377073e+02
1.187709e+02
1.293317e+02
1.121461e+02
1.293492e+02
1.215690e+02
1.266499e+02
1.164991e+02
1.336326e+02
1.222020e+02
1.337566e+02
1.016936e+02
1.375322e+02
1.187154e+02
1.292739e+02
1.121067e+02
1.293038e+02
1.215500e+02
1.265927e+02
1.164925e+02
1.336238e+02
1.222335e+02
1.338615e+02
1.017209e+02
1.376541e+02
1.187524e+02
1.293271e+02
1.121614e+02
1.293641e+02
1.216447e+02
1.267136e+02
1.166999e+02
1.343063e+02
1.227734e+02
1.361361e+02
9.903434e+01
1.418475e+02
1.916462e+02
2.088507e+02
1.502946e+02
1.994858e+02
2.192133e+02
1.724136e+02
2.201481e+02
2.225225e+02
1.561086e+02
2.187926e+02
1.919281e+02
1.632392e+02
1.997360e+02
2.197265e+02
1.861239e+02
2.218646e+02
2.334574e+02
1.957044e+02
2.059078e+02
1.349866e+02
2.096445e+02
1.932853e+02
1.474466e+02
2.114084e+02
1.827289e+02
2.455575e+02
1.479150e+02
2.100754e+02
1.813857e+02
1.496712e+02
2.059283e+02
1.891011e+02
2.046680e+02
1.504274e+02
2.080379e+02
1.964410e+02
1.543947e+02
2.288997e+02
1.542647e+02
2.331387e+02
1.396128e+02
2.034486e+02
1.890215e+02
2.008778e+02
1.507072e+02
2.076170e+02
1.969990e+02
1.683036e+02
2.301597e+02
1.665247e+02
2.331983e+02
1.410606e+02
2.131890e+02
1.858533e+02
1.931581e+02
1.420513e+02
2.116361e+02
1.922749e+02
1.257043e+02
2.142089e+02
1.856346e+02
2.099347e+02
1.416392e+02
2.118357e+02
1.925290e+02
1.894637e+02
2.077821e+02
1.509508e+02
1.988804e+02
2.162153e+02
1.556341e+02
2.197902e+02
2.221136e+02
1.417421e+02
2.184576e+02
1.895787e+02
1.507237e+02
1.991758e+02
2.169783e+02
1.693696e+02
2.215187e+02
2.332199e+02
1.955232e+02
2.056608e+02
1.338513e+02
2.095611e+02
1.925931e+02
1.468035e+02
2.111086e+02
1.953900e+02
2.450013e+02
1.341637e+02
2.098313e+02
1.937527e+02
1.364850e+02
2.059225e+02
2.020586e+02
2.045643e+02
1.370741e+02
2.081174e+02
2.091091e+02
1.533910e+02
2.289368e+02
1.540911e+02
2.331518e+02
1.389143e+02
2.034590e+02
2.017318e+02
2.006289e+02
1.373790e+02
2.077474e+02
2.097415e+02
1.548014e+02
2.301212e+02
1.666214e+02
2.332400e+02
1.283042e+02
2.131721e+02
1.989027e+02
1.931123e+02
1.293414e+02
2.116501e+02
2.051512e+02
1.256521e+02
2.141799e+02
1.986225e+02
2.098312e+02
1.289713e+02
2.117891e+02
2.054262e+02
1.894301e+02
2.077628e+02
1.382380e+02
1.988029e+02
2.162047e+02
1.556367e+02
2.197536e+02
2.220820e+02
1.416494e+02
2.184380e+02
1.895563e+02
1.379373e+02
1.990455e+02
2.169462e+02
1.564306e+02
2.214938e+02
2.332102e+02
1.955179e+02
2.056533e+02
1.336986e+02
2.096548e+02
1.925763e+02
1.467387e+02
2.110662e+02
1.953635e+02
2.449753e+02
1.339468e+02
2.098596e+02
1.937366e+02
1.364785e+02
2.060275e+02
2.021068e+02
2.045689e+02
1.369919e+02
2.082984e+02
2.091503e+02
1.533169e+02
2.291274e+02
1.541102e+02
2.331904e+02
1.388403e+02
2.036037e+02
2.017570e+02
2.006427e+02
1.372394e+02
2.078877e+02
2.097730e+02
1.547496e+02
2.301765e+02
1.666217e+02
2.332781e+02
1.283658e+02
2.131677e+02
1.989275e+02
1.931283e+02
1.294163e+02
2.117372e+02
2.052129e+02
1.257188e+02
2.142471e+02
1.986637e+02
2.098639e+02
1.290320e+02
2.118245e+02
2.054805e+02
1.894319e+02
2.077827e+02
1.382638e+02
1.988110e+02
2.163147e+02
1.557397e+02
2.197519e+02
2.221470e+02
1.416730e+02
2.185170e+02
1.895990e+02
1.379606e+02
1.990281e+02
2.170142e+02
1.564602e+02
2.214469e+02
2.332246e+02
1.955511e+02
2.057023e+02
1.336690e+02
2.107444e+02
1.928562e+02
1.467601e+02
2.109914e+02
1.955075e+02
2.450512e+02
1.338887e+02
2.109607e+02
1.938780e+02
1.365774e+02
2.065770e+02
2.028186e+02
2.047178e+02
1.373309e+02
2.093458e+02
2.097970e+02
1.533045e+02
1.674275e+02
1.547855e+02
2.336799e+02
1.389169e+02
2.042199e+02
2.025161e+02
2.011556e+02
1.375757e+02
2.088255e+02
2.102603e+02
1.547211e+02
1.677833e+02
1.663256e+02
2.337074e+02
1.285081e+02
1.678661e+02
2.036043e+02
1.941445e+02
1.301235e+02
1.693504e+02
2.039600e+02
1.258952e+02
1.666817e+02
2.033143e+02
2.078448e+02
1.296970e+02
1.691584e+02
2.040199e+02
1.540967e+02
1.469445e+02
1.912825e+02
1.905407e+02
1.352935e+02
1.863038e+02
1.864218e+02
2.149654e+02
1.960043e+02
1.834498e+02
1.992335e+02
2.154004e+02
1.896638e+02
1.375259e+02
1.906248e+02
1.901315e+02
1.345867e+02
1.859974e+02
1.861000e+02
2.147964e+02
1.959175e+02
1.833737e+02
1.991697e+02
2.153645e+02
1.896222e+02
1.374762e+02
1.906029e+02
1.901122e+02
1.345732e+02
1.859847e+02
1.860911e+02
2.147966e+02
1.959404e+02
1.834371e+02
1.992008e+02
2.153787e+02
1.896357e+02
1.374919e+02
1.906159e+02
1.901363e+02
1.346024e+02
1.860468e+02
1.862084e+02
2.149230e+02
1.962601e+02
1.840196e+02
1.996104e+02
2.051816e+02
1.659762e+02
1.941577e+02
2.123259e+02
2.284398e+02
1.915638e+02
2.038298e+02
2.230634e+02
2.057782e+02
1.668352e+02
2.294568e+02
2.044055e+02
2.006822e+02
2.245579e+02
1.961937e+02
2.029989e+02
2.276725e+02
1.908860e+02
2.035307e+02
2.228508e+02
2.056177e+02
1.668847e+02
2.296052e+02
2.044509e+02
2.008675e+02
2.247092e+02
1.962040e+02
2.029830e+02
2.276325e+02
1.908049e+02
2.035135e+02
2.228484e+02
2.056545e+02
1.669319e+02
2.296510e+02
2.045195e+02
2.009169e+02
2.247277e+02
1.962150e+02
2.029858e+02
2.276328e+02
1.908069e+02
2.035276e+02
2.229627e+02
2.060457e+02
1.676039e+02
2.304000e+02
2.056549e+02
2.016104e+02
1.812141e+02
1.690374e+02
1.647435e+02
2.278932e+02
2.473705e+02
1.616853e+02
1.825417e+02
2.430940e+02
2.104572e+02
1.817698e+02
2.262908e+02
2.060390e+02
1.961758e+02
2.400738e+02
1.983535e+02
2.207084e+02
2.463508e+02
1.606053e+02
1.817822e+02
2.425686e+02
2.101102e+02
1.815781e+02
2.263136e+02
2.060632e+02
1.962991e+02
2.401342e+02
1.983484e+02
2.207004e+02
2.463176e+02
1.605050e+02
1.817617e+02
2.425535e+02
2.101317e+02
1.815987e+02
2.263619e+02
2.061744e+02
1.963641e+02
2.401967e+02
1.984319e+02
2.207953e+02
2.464218e+02
1.605967e+02
1.819473e+02
2.428469e+02
2.108629e+02
1.821054e+02
2.269445e+02
2.076686e+02
1.966876e+02
1.827428e+02
1.729048e+02
2.292568e+02
2.430978e+02
2.541601e+02
2.373955e+02
2.437604e+02
2.487388e+02
2.170924e+02
2.186022e+02
2.028572e+02
2.086498e+02
1.991391e+02
2.443721e+02
2.298971e+02
2.369481e+02
2.533174e+02
2.365870e+02
2.431421e+02
2.482674e+02
2.165722e+02
2.183058e+02
2.026883e+02
2.087342e+02
1.990436e+02
2.443073e+02
2.299137e+02
2.369105e+02
2.532881e+02
2.365586e+02
2.431146e+02
2.482378e+02
2.165449e+02
2.183018e+02
2.027153e+02
2.087897e+02
1.990862e+02
2.443483e+02
2.300102e+02
2.369758e+02
2.533464e+02
2.366914e+02
2.431816e+02
2.483216e+02
2.167200e+02
2.186104e+02
2.032171e+02
2.092931e+02
1.987988e+02
1.847298e+02
1.703194e+02
2.403334e+02
2.128418e+02
2.300666e+02
2.355716e+02
2.051580e+02
2.229762e+02
2.121875e+02
1.668252e+02
2.289227e+02
1.888353e+02
1.998862e+02
2.242387e+02
2.350005e+02
2.033110e+02
2.292200e+02
2.349088e+02
2.048843e+02
2.227296e+02
2.115275e+02
1.667029e+02
2.289475e+02
1.887770e+02
2.000368e+02
2.243390e+02
2.350233e+02
2.032895e+02
2.291695e+02
2.348788e+02
2.048487e+02
2.226951e+02
2.114766e+02
1.667162e+02
2.289834e+02
1.888370e+02
2.000929e+02
2.243676e+02
2.351654e+02
2.033304e+02
2.291974e+02
2.349409e+02
2.049224e+02
2.228618e+02
2.114968e+02
1.674203e+02
2.297617e+02
1.891025e+02
2.007920e+02
1.806953e+02
1.612210e+02
2.443879e+02
2.283257e+02
2.477404e+02
2.042512e+02
1.830429e+02
2.437078e+02
2.342479e+02
1.821828e+02
2.263635e+02
1.829536e+02
1.961378e+02
2.402665e+02
2.458315e+02
2.212949e+02
2.468950e+02
2.031859e+02
1.825133e+02
2.433639e+02
2.337058e+02
1.820442e+02
2.264328e+02
1.829501e+02
1.962801e+02
2.403191e+02
2.458198e+02
2.212582e+02
2.468403e+02
2.031082e+02
1.824775e+02
2.433430e+02
2.336686e+02
1.820537e+02
2.264758e+02
1.830476e+02
1.963394e+02
2.403658e+02
2.459138e+02
2.213147e+02
2.469082e+02
2.031291e+02
1.825856e+02
2.435600e+02
2.337098e+02
1.824728e+02
2.269617e+02
1.834764e+02
1.965399e+02
1.827245e+02
1.724421e+02
1.899325e+02
2.493051e+02
1.507262e+02
2.487886e+02
2.159866e+02
1.962347e+02
1.966139e+02
2.520388e+02
2.197497e+02
2.446827e+02
1.496210e+02
2.485634e+02
2.155719e+02
1.961111e+02
1.966764e+02
2.521232e+02
2.196919e+02
2.446642e+02
1.494510e+02
2.485503e+02
2.155286e+02
1.961035e+02
1.967471e+02
2.521360e+02
2.197434e+02
2.446837e+02
1.494262e+02
2.485505e+02
2.156673e+02
1.960145e+02
1.978036e+02
1.894405e+02
1.706127e+02
1.945119e+02
2.054788e+02
2.061788e+02
2.147350e+02
1.959382e+02
2.047489e+02
2.058507e+02
2.148311e+02
1.959127e+02
2.046901e+02
2.058363e+02
2.148924e+02
1.959541e+02
2.047609e+02
2.062436e+02
2.156577e+02
1.683300e+02
1.649384e+02
2.107237e+02
1.983484e+02
2.103270e+02
1.982921e+02
2.103024e+02
1.983533e+02
2.110293e+02
1.726795e+02
2.296018e+02
2.177012e+02
2.305803e+02
2.172957e+02
2.305393e+02
2.172711e+02
2.305753e+02
2.173982e+02
1.703494e+02
2.406317e+02
2.129461e+02
2.360411e+02
2.124068e+02
2.359591e+02
2.123719e+02
2.360025e+02
2.123801e+02
1.614350e+02
2.436669e+02
2.355611e+02
2.467484e+02
2.351273e+02
2.467118e+02
2.351012e+02
2.467437e+02
2.350745e+02
1.694915e+02
2.049761e+02
1.945958e+02
2.105233e+02
1.842708e+02
2.361164e+02
1.925716e+02
2.411969e+02
2.110497e+02
2.288571e+02
2.364521e+02
1.604508e+02
2.157004e+02
1.616791e+02
2.157119e+02
2.038974e+02
1.939400e+02
2.219259e+02
1.832980e+02
2.351292e+02
2.040622e+02
2.400795e+02
2.227217e+02
2.286876e+02
2.356845e+02
1.603483e+02
2.158605e+02
1.745845e+02
2.158796e+02
2.038566e+02
1.939234e+02
2.219084e+02
1.832666e+02
2.351175e+02
2.040238e+02
2.400492e+02
2.226775e+02
2.286779e+02
2.356489e+02
1.603859e+02
2.159178e+02
1.745916e+02
2.159400e+02
2.038568e+02
1.939509e+02
2.220353e+02
1.833311e+02
2.352899e+02
2.040592e+02
2.401215e+02
2.227578e+02
2.286933e+02
2.357673e+02
1.604278e+02
2.153728e+02
1.715528e+02
2.153024e+02
1.749472e+02
2.140410e+02
2.178241e+02
2.145160e+02
1.741890e+02
2.131572e+02
2.305045e+02
2.139380e+02
1.741580e+02
2.131595e+02
2.304958e+02
2.139114e+02
1.742435e+02
2.134321e+02
2.305079e+02
2.140916e+02
