# SDBL flow 
# z sca1 sca2 sca3 sca4                                     
0.000000000000000    0.0000000000   0.0000000000   0.0000000000   0.0000000000  
0.000000000000000    0.0000000000   0.0000000000   0.0000000000   0.0000000000  
0.000000000000000    0.0000000000   0.0000000000   0.0000000000   0.0000000000  
0.000000000000000    0.0000000000   0.0000000000   0.0000000000   0.0000000000  
0.000000000000000    0.0000000000   0.0000000000   0.0000000000   0.0000000000  
0.000000000000000    0.0000000000   0.0000000000   0.0000000000   0.0000000000  
0.000000000000000    0.0000000000   0.0000000000   0.0000000000   0.0000000000  
0.000000000000000    0.0000000000   0.0000000000   0.0000000000   0.0000000000  
0.000000000000000    0.0000000000   0.0000000000   0.0000000000   0.0000000000  
0.000000000000000    0.0000000000   0.0000000000   0.0000000000   0.0000000000  
0.000000000000000    0.0000000000   0.0000000000   0.0000000000   0.0000000000  
0.000000000000000    0.0000000000   0.0000000000   0.0000000000   0.0000000000  
0.000000000000000    0.0000000000   0.0000000000   0.0000000000   0.0000000000  
0.000000000000000    0.0000000000   0.0000000000   0.0000000000   0.0000000000  
0.000000000000000    0.0000000000   0.0000000000   0.0000000000   0.0000000000  
0.000000000000000    0.0000000000   0.0000000000   0.0000000000   0.0000000000  
0.000000000000000    0.0000000000   0.0000000000   0.0000000000   0.0000000000  
0.000000000000000    0.0000000000   0.0000000000   0.0000000000   0.0000000000  
0.000000000000000    0.0000000000   0.0000000000   0.0000000000   0.0000000000  
0.000000000000000    0.0000000000   0.0000000000   0.0000000000   0.0000000000  
0.000000000000000    0.0000000000   0.0000000000   0.0000000000   0.0000000000  
0.000000000000000    0.0000000000   0.0000000000   0.0000000000   0.0000000000  
0.000000000000000    0.0000000000   0.0000000000   0.0000000000   0.0000000000  
0.000000000000000    0.0000000000   0.0000000000   0.0000000000   0.0000000000  
0.000000000000000    0.0000000000   0.0000000000   0.0000000000   0.0000000000  
0.000000000000000    0.0000000000   0.0000000000   0.0000000000   0.0000000000  
0.000000000000000    0.0000000000   0.0000000000   0.0000000000   0.0000000000  
0.000000000000000    0.0000000000   0.0000000000   0.0000000000   0.0000000000  
0.000000000000000    0.0000000000   0.0000000000   0.0000000000   0.0000000000  
0.000000000000000    0.0000000000   0.0000000000   0.0000000000   0.0000000000  
0.000000000000000    0.0000000000   0.0000000000   0.0000000000   0.0000000000  
0.000000000000000    0.0000000000   0.0000000000   0.0000000000   0.0000000000  
0.000000000000000    0.0000000000   0.0000000000   0.0000000000   0.0000000000  
0.000000000000000    0.0000000000   0.0000000000   0.0000000000   0.0000000000  
0.000000000000000    0.0000000000   0.0000000000   0.0000000000   0.0000000000  
0.000000000000000    0.0000000000   0.0000000000   0.0000000000   0.0000000000  
0.000000000000000    0.0000000000   0.0000000000   0.0000000000   0.0000000000  
0.000000000000000    0.0000000000   0.0000000000   0.0000000000   0.0000000000  
0.000000000000000    0.0000000000   0.0000000000   0.0000000000   0.0000000000  
0.000000000000000    0.0000000000   0.0000000000   0.0000000000   0.0000000000  
0.000000000000000    0.0000000000   0.0000000000   0.0000000000   0.0000000000  
0.000000000000000    0.0000000000   0.0000000000   0.0000000000   0.0000000000  
0.000000000000000    0.0000000000   0.0000000000   0.0000000000   0.0000000000  
0.000000000000000    0.0000000000   0.0000000000   0.0000000000   0.0000000000  
0.000000000000000    0.0000000000   0.0000000000   0.0000000000   0.0000000000  
0.000000000000000    0.0000000000   0.0000000000   0.0000000000   0.0000000000  
0.000000000000000    0.0000000000   0.0000000000   0.0000000000   0.0000000000  
0.000000000000000    0.0000000000   0.0000000000   0.0000000000   0.0000000000  
0.000000000000000    0.0000000000   0.0000000000   0.0000000000   0.0000000000  
0.000000000000000    0.0000000000   0.0000000000   0.0000000000   0.0000000000  
0.000000000000000    0.0000000000   0.0000000000   0.0000000000   0.0000000000  
0.000000000000000    0.0000000000   0.0000000000   0.0000000000   0.0000000000  
0.000000000000000    0.0000000000   0.0000000000   0.0000000000   0.0000000000  
0.000000000000000    0.0000000000   0.0000000000   0.0000000000   0.0000000000  
0.000000000000000    0.0000000000   0.0000000000   0.0000000000   0.0000000000  
0.000000000000000    0.0000000000   0.0000000000   0.0000000000   0.0000000000  
0.000000000000000    0.0000000000   0.0000000000   0.0000000000   0.0000000000  
0.000000000000000    0.0000000000   0.0000000000   0.0000000000   0.0000000000  
0.000000000000000    0.0000000000   0.0000000000   0.0000000000   0.0000000000  
0.000000000000000    0.0000000000   0.0000000000   0.0000000000   0.0000000000  
0.000000000000000    0.0000000000   0.0000000000   0.0000000000   0.0000000000  
0.000000000000000    0.0000000000   0.0000000000   0.0000000000   0.0000000000  
0.000000000000000    0.0000000000   0.0000000000   0.0000000000   0.0000000000  
0.000000000000000    0.0000000000   0.0000000000   0.0000000000   0.0000000000  
0.000000000000000    0.0000000000   0.0000000000   0.0000000000   0.0000000000  
0.000000000000000    0.0000000000   0.0000000000   0.0000000000   0.0000000000  
0.000000000000000    0.0000000000   0.0000000000   0.0000000000   0.0000000000  
0.000000000000000    0.0000000000   0.0000000000   0.0000000000   0.0000000000  
0.000000000000000    0.0000000000   0.0000000000   0.0000000000   0.0000000000  
0.000000000000000    0.0000000000   0.0000000000   0.0000000000   0.0000000000  
0.000000000000000    0.0000000000   0.0000000000   0.0000000000   0.0000000000  
0.000000000000000    0.0000000000   0.0000000000   0.0000000000   0.0000000000  
0.000000000000000    0.0000000000   0.0000000000   0.0000000000   0.0000000000  
0.000000000000000    0.0000000000   0.0000000000   0.0000000000   0.0000000000  
0.000000000000000    0.0000000000   0.0000000000   0.0000000000   0.0000000000  
0.000000000000000    0.0000000000   0.0000000000   0.0000000000   0.0000000000  
0.000000000000000    0.0000000000   0.0000000000   0.0000000000   0.0000000000  
0.000000000000000    0.0000000000   0.0000000000   0.0000000000   0.0000000000  
0.000000000000000    0.0000000000   0.0000000000   0.0000000000   0.0000000000  
0.000000000000000    0.0000000000   0.0000000000   0.0000000000   0.0000000000  
0.000000000000000    0.0000000000   0.0000000000   0.0000000000   0.0000000000  
0.000000000000000    0.0000000000   0.0000000000   0.0000000000   0.0000000000  
0.000000000000000    0.0000000000   0.0000000000   0.0000000000   0.0000000000  
0.000000000000000    0.0000000000   0.0000000000   0.0000000000   0.0000000000  
0.000000000000000    0.0000000000   0.0000000000   0.0000000000   0.0000000000  
0.000000000000000    0.0000000000   0.0000000000   0.0000000000   0.0000000000  
0.000000000000000    0.0000000000   0.0000000000   0.0000000000   0.0000000000  
0.000000000000000    0.0000000000   0.0000000000   0.0000000000   0.0000000000  
0.000000000000000    0.0000000000   0.0000000000   0.0000000000   0.0000000000  
0.000000000000000    0.0000000000   0.0000000000   0.0000000000   0.0000000000  
0.000000000000000    0.0000000000   0.0000000000   0.0000000000   0.0000000000  
0.000000000000000    0.0000000000   0.0000000000   0.0000000000   0.0000000000  
0.000000000000000    0.0000000000   0.0000000000   0.0000000000   0.0000000000  
0.000000000000000    0.0000000000   0.0000000000   0.0000000000   0.0000000000  
0.000000000000000    0.0000000000   0.0000000000   0.0000000000   0.0000000000  
0.000000000000000    0.0000000000   0.0000000000   0.0000000000   0.0000000000  
0.000000000000000    0.0000000000   0.0000000000   0.0000000000   0.0000000000  
0.000000000000000    0.0000000000   0.0000000000   0.0000000000   0.0000000000  
0.000000000000000    0.0000000000   0.0000000000   0.0000000000   0.0000000000  
0.000000000000000    0.0000000000   0.0000000000   0.0000000000   0.0000000000  
0.000000000000000    0.0000000000   0.0000000000   0.0000000000   0.0000000000  
0.000000000000000    0.0000000000   0.0000000000   0.0000000000   0.0000000000  
0.000000000000000    0.0000000000   0.0000000000   0.0000000000   0.0000000000  
0.000000000000000    0.0000000000   0.0000000000   0.0000000000   0.0000000000  
0.000000000000000    0.0000000000   0.0000000000   0.0000000000   0.0000000000  
0.000000000000000    0.0000000000   0.0000000000   0.0000000000   0.0000000000  
0.000000000000000    0.0000000000   0.0000000000   0.0000000000   0.0000000000  
0.000000000000000    0.0000000000   0.0000000000   0.0000000000   0.0000000000  
0.000000000000000    0.0000000000   0.0000000000   0.0000000000   0.0000000000  
0.000000000000000    0.0000000000   0.0000000000   0.0000000000   0.0000000000  
0.000000000000000    0.0000000000   0.0000000000   0.0000000000   0.0000000000  
0.000000000000000    0.0000000000   0.0000000000   0.0000000000   0.0000000000  
0.000000000000000    0.0000000000   0.0000000000   0.0000000000   0.0000000000  
0.000000000000000    0.0000000000   0.0000000000   0.0000000000   0.0000000000  
0.000000000000000    0.0000000000   0.0000000000   0.0000000000   0.0000000000  
0.000000000000000    0.0000000000   0.0000000000   0.0000000000   0.0000000000  
0.000000000000000    0.0000000000   0.0000000000   0.0000000000   0.0000000000  
0.000000000000000    0.0000000000   0.0000000000   0.0000000000   0.0000000000  
0.000000000000000    0.0000000000   0.0000000000   0.0000000000   0.0000000000  
0.000000000000000    0.0000000000   0.0000000000   0.0000000000   0.0000000000  
0.000000000000000    0.0000000000   0.0000000000   0.0000000000   0.0000000000  
0.000000000000000    0.0000000000   0.0000000000   0.0000000000   0.0000000000  
0.000000000000000    0.0000000000   0.0000000000   0.0000000000   0.0000000000  
0.000000000000000    0.0000000000   0.0000000000   0.0000000000   0.0000000000  
0.000000000000000    0.0000000000   0.0000000000   0.0000000000   0.0000000000  
0.000000000000000    0.0000000000   0.0000000000   0.0000000000   0.0000000000  
0.000000000000000    0.0000000000   0.0000000000   0.0000000000   0.0000000000  
0.000000000000000    0.0000000000   0.0000000000   0.0000000000   0.0000000000  
0.000000000000000    0.0000000000   0.0000000000   0.0000000000   0.0000000000  
0.000000000000000    0.0000000000   0.0000000000   0.0000000000   0.0000000000  
0.000000000000000    0.0000000000   0.0000000000   0.0000000000   0.0000000000  
0.000000000000000    0.0000000000   0.0000000000   0.0000000000   0.0000000000  
0.000000000000000    0.0000000000   0.0000000000   0.0000000000   0.0000000000  
0.000000000000000    0.0000000000   0.0000000000   0.0000000000   0.0000000000  
0.000000000000000    0.0000000000   0.0000000000   0.0000000000   0.0000000000  
0.000000000000000    0.0000000000   0.0000000000   0.0000000000   0.0000000000  
0.000000000000000    0.0000000000   0.0000000000   0.0000000000   0.0000000000  
0.000000000000000    0.0000000000   0.0000000000   0.0000000000   0.0000000000  
0.000000000000000    0.0000000000   0.0000000000   0.0000000000   0.0000000000  
0.000000000000000    0.0000000000   0.0000000000   0.0000000000   0.0000000000  
0.000000000000000    0.0000000000   0.0000000000   0.0000000000   0.0000000000  
0.000000000000000    0.0000000000   0.0000000000   0.0000000000   0.0000000000  
0.000000000000000    0.0000000000   0.0000000000   0.0000000000   0.0000000000  
0.000000000000000    0.0000000000   0.0000000000   0.0000000000   0.0000000000  
0.000000000000000    0.0000000000   0.0000000000   0.0000000000   0.0000000000  
0.000000000000000    0.0000000000   0.0000000000   0.0000000000   0.0000000000  
0.000000000000000    0.0000000000   0.0000000000   0.0000000000   0.0000000000  
0.000000000000000    0.0000000000   0.0000000000   0.0000000000   0.0000000000  
0.000000000000000    0.0000000000   0.0000000000   0.0000000000   0.0000000000  
0.000000000000000    0.0000000000   0.0000000000   0.0000000000   0.0000000000  
0.000000000000000    0.0000000000   0.0000000000   0.0000000000   0.0000000000  
0.000000000000000    0.0000000000   0.0000000000   0.0000000000   0.0000000000  
0.000000000000000    0.0000000000   0.0000000000   0.0000000000   0.0000000000  
0.000000000000000    0.0000000000   0.0000000000   0.0000000000   0.0000000000  
0.000000000000000    0.0000000000   0.0000000000   0.0000000000   0.0000000000  
0.000000000000000    0.0000000000   0.0000000000   0.0000000000   0.0000000000  
0.000000000000000    0.0000000000   0.0000000000   0.0000000000   0.0000000000  
0.000000000000000    0.0000000000   0.0000000000   0.0000000000   0.0000000000  
0.000000000000000    0.0000000000   0.0000000000   0.0000000000   0.0000000000  
0.000000000000000    0.0000000000   0.0000000000   0.0000000000   0.0000000000  
0.000000000000000    0.0000000000   0.0000000000   0.0000000000   0.0000000000  
0.000000000000000    0.0000000000   0.0000000000   0.0000000000   0.0000000000  
0.000000000000000    0.0000000000   0.0000000000   0.0000000000   0.0000000000  
0.000000000000000    0.0000000000   0.0000000000   0.0000000000   0.0000000000  
0.000000000000000    0.0000000000   0.0000000000   0.0000000000   0.0000000000  
0.000000000000000    0.0000000000   0.0000000000   0.0000000000   0.0000000000  
0.000000000000000    0.0000000000   0.0000000000   0.0000000000   0.0000000000  
0.000000000000000    0.0000000000   0.0000000000   0.0000000000   0.0000000000  
0.000000000000000    0.0000000000   0.0000000000   0.0000000000   0.0000000000  
0.000000000000000    0.0000000000   0.0000000000   0.0000000000   0.0000000000  
0.000000000000000    0.0000000000   0.0000000000   0.0000000000   0.0000000000  
0.000000000000000    0.0000000000   0.0000000000   0.0000000000   0.0000000000  
0.000000000000000    0.0000000000   0.0000000000   0.0000000000   0.0000000000  
0.000000000000000    0.0000000000   0.0000000000   0.0000000000   0.0000000000  
0.000000000000000    0.0000000000   0.0000000000   0.0000000000   0.0000000000  
0.000000000000000    0.0000000000   0.0000000000   0.0000000000   0.0000000000  
0.000000000000000    0.0000000000   0.0000000000   0.0000000000   0.0000000000  
0.000000000000000    0.0000000000   0.0000000000   0.0000000000   0.0000000000  
0.000000000000000    0.0000000000   0.0000000000   0.0000000000   0.0000000000  
0.000000000000000    0.0000000000   0.0000000000   0.0000000000   0.0000000000  
