# Initial facet tempereatures in radiative equilibrium
331.960938
320.930847
328.564850
325.463715
326.820282
331.935944
321.925751
327.942200
326.290680
328.245667
332.531128
326.129791
332.375305
328.176392
331.027252
331.963013
322.995880
330.853210
325.508087
330.890228
331.934326
322.253082
327.783844
325.993103
328.575073
332.603485
326.871948
332.417267
326.204834
330.645508
332.146576
323.991547
328.537750
327.220123
327.137756
331.919556
323.768158
329.563110
325.842438
328.710205
332.147034
326.509308
330.664764
326.684998
331.983276
331.919586
323.806458
329.629761
325.026642
328.956329
332.015991
325.031128
328.587402
326.577698
326.732452
331.917328
326.420776
329.941895
326.542816
328.453156
331.953400
325.980042
331.755707
325.721863
329.993347
332.015656
326.080933
328.300873
326.270874
329.159393
331.917328
326.464539
329.547028
326.212769
328.619629
331.945160
325.860809
331.667175
322.162506
330.003052
332.092773
325.909729
328.931458
326.415527
327.258484
332.039154
327.267426
329.405121
327.070648
329.065338
332.081909
325.431305
330.217499
326.170349
330.172668
332.035156
326.821716
329.401733
326.873260
329.064850
331.970001
324.624847
328.498932
325.906891
326.907440
331.963379
325.849274
327.819519
326.956238
328.326630
332.513580
329.531525
332.307434
328.194183
331.072571
331.970459
326.976318
330.897766
326.120087
331.232086
331.959229
325.945435
327.606964
326.642975
328.967834
332.592743
330.125793
332.274384
326.532593
331.022461
332.147705
324.131073
328.404938
327.200073
327.117859
331.919830
324.070526
329.595428
326.037964
328.682343
332.158630
326.837524
330.688873
327.520264
332.107178
331.919922
323.952789
329.713013
325.575287
329.636780
332.017395
324.959686
328.552612
327.147339
326.714722
331.917328
326.567078
330.054504
327.061554
328.834381
331.955383
326.236145
331.749756
325.728607
330.442505
332.018982
326.343658
328.380402
326.814941
329.233124
331.917328
326.686005
329.710175
326.703491
329.191101
331.946930
325.859161
331.540985
322.514709
330.457458
332.093536
325.737885
328.899139
327.222870
327.255280
332.049683
327.338043
329.349548
327.700043
329.778839
332.083771
325.536743
330.193481
326.999725
330.164459
332.045837
326.891296
329.337555
327.586578
329.778137
331.970184
324.631348
328.496368
325.929291
326.909760
331.963837
325.817535
327.806213
326.987579
328.330719
332.515076
329.554779
332.300842
328.193878
331.080231
331.970825
326.998932
330.890991
326.129822
331.237976
331.959961
325.930481
327.583527
326.659363
328.982635
332.592163
329.601746
332.267181
326.536530
331.031708
332.147797
324.130432
328.405731
327.199707
327.118317
331.919891
324.111847
329.584351
326.055847
328.683075
332.158752
326.859314
330.683960
327.517731
332.111908
331.919922
323.996552
329.703247
325.573822
329.647430
332.017487
324.973450
328.555511
327.152740
326.716797
331.917328
326.639465
330.042053
327.074615
328.844788
331.955658
326.257996
331.728455
325.737671
330.459991
332.019135
326.369720
328.385834
326.824982
329.245728
331.917328
326.772980
329.702759
326.710205
329.205811
331.947174
325.871521
331.527039
322.514526
330.465088
332.094299
325.756744
328.902832
327.232391
327.258148
332.050537
327.366364
329.340576
327.740662
329.785950
332.084717
325.561584
330.195892
327.011444
330.192444
332.046478
326.918945
329.336609
327.594360
329.788239
331.970398
324.635254
328.499603
325.931854
326.912506
331.963989
325.829712
327.795502
326.993988
328.332916
332.518829
329.570862
332.247498
328.201294
331.101349
331.971069
327.015015
330.888458
326.150116
331.239838
331.959991
325.941681
327.569397
326.661255
328.989777
332.592987
329.608337
332.209625
326.534332
331.036285
332.148865
324.131805
328.436371
327.223999
327.124725
331.919983
324.129944
329.505951
325.990814
328.693390
332.160797
326.875275
330.657532
327.562653
332.102814
331.920074
324.015503
329.641815
325.557465
329.648041
332.018585
325.029144
328.490814
327.130432
326.740082
331.917328
326.799957
329.583038
326.831482
328.884064
331.954590
326.272583
325.652740
325.000000
329.986053
332.020599
326.421173
328.194855
326.868408
329.048676
331.917328
326.886658
329.259918
326.494629
329.158539
331.946533
325.870728
325.640839
321.908661
329.942291
332.107239
325.882843
325.853302
326.760773
327.123749
332.052551
327.453491
325.758209
326.578796
329.307831
332.096893
325.616058
325.826019
326.531647
329.163910
332.048187
326.966431
325.710175
326.467285
329.217010
325.420502
325.326202
329.880890
326.585754
327.479156
326.744751
332.482391
330.245239
333.239929
331.469086
334.017181
331.191803
329.845703
328.160217
330.220947
326.862579
327.777252
326.871674
332.617767
330.171478
333.559662
331.330170
333.869385
330.844269
325.254181
323.647339
325.840485
324.563629
325.632812
324.620392
325.632172
324.935089
325.964996
324.683044
325.478851
324.486603
325.599854
324.197906
325.752716
324.596191
325.559998
324.490387
325.595490
324.863251
325.938019
324.571533
324.783600
323.532745
331.312500
330.780945
330.043335
331.167328
332.371857
331.004608
331.437012
328.851776
338.333252
326.598541
328.945648
327.805450
331.239014
331.432098
330.165100
331.544098
333.344482
331.300568
331.586273
328.999298
339.090515
326.845184
329.912659
328.040833
331.235199
331.444672
330.169464
331.551361
333.345825
331.309113
331.589142
329.007355
339.088562
326.868408
329.916687
328.037262
331.233521
331.442413
330.168030
331.547058
333.342041
331.291809
331.433044
328.881165
338.528778
326.369507
327.161377
325.182037
325.764526
324.245667
326.888672
324.466278
326.519714
325.211700
326.367706
324.180176
326.337311
324.646118
328.667847
324.554993
326.757965
325.178833
326.953888
324.757477
326.501801
325.304260
326.313721
324.184967
326.320190
324.638000
328.676300
324.593018
326.756042
325.192444
326.953094
324.767456
326.502686
325.312805
326.316040
324.192200
326.328308
324.645508
328.681976
324.593536
326.757263
325.195343
326.956696
324.770691
326.511871
325.316254
326.342346
324.199036
326.339417
324.574951
328.207855
323.934479
330.401245
330.765015
322.806763
334.217590
330.149384
326.322937
336.324646
331.190308
323.416748
336.003754
330.470856
324.841461
334.155853
330.104675
328.464935
336.381927
330.127441
332.822723
331.182800
322.902344
335.868561
327.454376
324.182648
335.830109
330.949768
335.148224
324.819305
335.995728
325.501007
325.560516
335.321442
330.989471
330.904602
326.288574
335.935150
331.088074
324.244171
336.741516
321.215149
334.560242
324.202484
334.902008
330.900269
330.500305
326.387665
335.770630
331.059998
326.266205
336.923950
325.200226
334.560486
325.671326
335.382599
330.839630
331.311890
326.316193
335.217407
331.234192
323.326324
335.940247
330.730042
332.493591
326.106506
335.294373
331.215057
330.473755
330.927856
325.679962
334.100677
330.280304
327.370728
336.296997
331.049530
324.122406
335.974365
330.666504
325.722717
334.005951
330.311157
329.540131
336.342224
330.077698
332.772675
331.163177
322.755524
335.855988
327.494720
324.110352
335.813263
333.018738
335.133606
322.676483
336.000549
327.486206
323.562347
335.282440
332.948578
330.880157
324.329407
335.996216
333.042694
324.200409
336.748993
321.227875
334.729248
324.237732
334.973663
332.885834
330.496674
324.463287
335.865509
333.081116
324.242767
336.835022
325.379333
334.719299
323.681763
335.374542
332.970795
331.308136
324.493469
335.199280
333.238525
323.382874
335.931335
332.875061
332.494629
324.282654
335.262939
333.270081
330.478607
330.926910
323.791870
334.090820
330.293152
327.377594
336.293884
331.050659
324.137573
335.970825
330.664734
323.835602
333.986481
330.318207
327.479492
336.339508
330.077423
332.771484
331.163452
322.742310
335.867798
327.500427
324.109314
335.808807
333.015717
335.133911
322.660217
336.005615
327.489197
323.565918
335.303986
332.959808
330.883209
324.343781
336.015808
333.054962
324.199341
336.738556
321.233582
334.744629
324.234558
335.007935
332.894836
330.508911
324.470947
335.882965
333.088776
324.240601
336.840393
325.382751
334.729553
323.699036
335.376801
332.978241
331.311249
324.514648
335.216064
333.255676
323.401978
335.941772
332.886658
332.495422
324.299622
335.272675
333.278259
330.477722
330.929169
323.800659
334.092743
330.306213
327.403992
336.288177
331.063049
324.146576
335.982239
330.681732
323.843842
333.984802
330.322632
327.483795
336.328094
330.078735
332.787201
331.169922
322.745392
335.977112
327.505157
324.120056
335.799469
333.050049
335.133392
322.659393
336.102875
327.496704
323.618927
335.452606
333.073242
330.911652
324.461884
336.057373
333.014862
324.200195
326.616028
321.080475
334.685455
324.272675
335.104462
333.004395
330.422119
324.559387
335.899353
333.016144
324.233337
326.577606
324.997314
334.645111
323.829315
326.654053
332.968719
331.186066
324.571564
326.578644
333.003815
323.479767
326.624695
332.837738
332.180328
324.356903
326.555267
332.982208
322.638306
320.554352
331.085022
328.058502
321.337952
331.028839
328.119965
329.925690
330.323944
328.441742
330.415070
329.973969
328.339020
321.427826
331.054657
328.018890
321.328522
330.945801
328.061951
329.899506
330.289948
328.399445
330.387451
329.976440
328.333496
321.432648
331.052460
328.017456
321.328430
330.946228
328.064148
329.900696
330.297852
328.413544
330.395660
329.978027
328.335114
321.434753
331.053741
328.019440
321.330841
330.969788
328.087189
329.918793
330.343597
328.493286
330.402405
327.886108
326.266235
330.014313
329.592041
333.623199
329.726074
330.077271
334.033875
332.588379
326.390045
334.053345
332.516510
330.537659
333.924652
330.430969
330.354340
333.566132
329.629059
330.045715
333.991943
332.595428
326.480194
334.119751
332.555420
330.723022
334.011871
330.454987
330.355835
333.562042
329.624756
330.043732
333.992706
332.599487
326.489777
334.127594
332.561951
330.737061
334.016510
330.462036
330.356750
333.564392
329.626831
330.049896
334.015808
332.640503
326.580872
334.189178
332.623962
330.859497
325.478668
326.427277
324.966400
329.755890
333.325867
325.143951
325.768921
333.669403
332.641418
325.869568
334.588562
332.693390
331.340210
333.982971
330.308563
330.199738
333.307343
325.080872
325.742615
333.655792
332.633484
325.965698
334.783539
332.800598
331.622955
334.054352
330.309998
330.219849
333.312286
325.081268
325.748047
333.659271
332.643097
325.975677
334.800354
332.811157
331.637756
334.063660
330.317383
330.230530
333.323395
325.083221
325.760223
333.682831
332.729645
325.959747
334.691315
332.819061
331.430328
325.455933
326.243958
332.727509
332.259125
334.126221
331.521545
334.428101
334.160614
330.076752
329.917267
330.059723
333.417358
330.263214
333.852844
332.651276
332.424194
334.086945
331.475433
334.397430
334.140503
330.088715
329.922943
330.061340
333.553864
330.259918
333.848511
332.676544
332.423523
334.086273
331.477539
334.396210
334.139465
330.090485
329.926849
330.070770
333.565796
330.269409
333.856934
332.692932
332.428436
334.091675
331.490173
334.400574
334.139526
330.087006
329.873688
329.930511
333.502594
330.070312
325.018158
326.282166
334.759583
329.833069
333.787384
332.038635
330.215454
334.158173
330.517334
326.437439
333.979889
327.998871
330.410248
333.931183
335.758087
330.552338
333.751068
331.981812
330.301178
334.215881
330.480072
326.542053
334.056458
328.025909
330.583740
334.014099
335.763214
330.567780
333.745270
331.979126
330.296631
334.213837
330.476929
326.548340
334.063904
328.039795
330.588745
334.020416
335.781128
330.581421
333.753479
331.985840
330.310089
334.237518
330.480682
326.630951
334.121033
327.968353
330.652405
325.404388
326.944916
334.992340
329.774109
333.283081
329.808685
325.687134
333.641418
331.978577
325.862701
334.533295
330.406067
331.266174
334.015228
334.657959
330.237305
333.315308
329.829803
325.759247
333.705688
331.944824
325.993713
334.747223
330.492218
331.581726
334.084564
334.649078
330.240601
333.314056
329.823029
325.757263
333.707367
331.942657
325.999756
334.759094
330.522888
331.590332
334.088776
334.649170
330.244141
333.316803
329.828705
325.761322
333.719086
331.944946
325.950195
334.644592
330.622192
331.344604
325.407928
326.234680
327.835205
332.147491
325.308563
334.259979
332.334412
324.998901
330.491058
333.200958
332.534363
332.185028
325.114746
334.262177
332.382416
325.015900
330.596039
333.306061
332.536560
332.183533
325.105072
334.261658
332.381561
325.016693
330.606598
333.308136
332.541199
332.185760
325.102936
334.248962
332.372742
324.920746
330.661194
324.380768
326.156982
330.240845
326.650055
332.745026
332.716034
330.638885
326.657043
332.814087
332.875732
330.680817
326.653412
332.818390
332.887482
330.707153
326.653961
332.867249
332.784210
326.354156
325.055695
332.735992
330.335815
332.745544
330.332092
332.742035
330.337219
332.826752
326.213318
332.810272
330.121094
332.773621
330.120972
332.726898
330.121704
332.734253
330.120209
326.254150
334.988434
330.621918
335.938812
330.545654
335.862579
330.542664
335.865845
330.539673
326.915588
335.543213
332.068329
334.760651
332.035553
334.718079
332.033936
334.720856
332.021698
326.088989
332.083405
331.056763
330.509674
326.019196
334.560883
330.347321
334.855164
330.457184
330.184998
334.521759
325.570465
335.817688
325.124969
335.799622
332.000732
331.066345
332.245422
325.999847
334.534363
332.173737
334.833099
332.253998
330.248383
334.558380
325.560333
336.011780
327.371613
336.008972
331.996735
331.065430
332.267670
326.001862
334.536896
332.174530
334.831482
332.266754
330.249969
334.558228
325.570038
336.022064
327.372986
336.015869
331.998047
331.068237
332.283325
326.005005
334.548401
332.189056
334.830383
332.270721
330.249359
334.563446
325.260376
335.897064
326.682190
335.863525
328.830048
335.973846
330.838623
335.838501
328.787140
335.955444
332.773041
335.983368
328.785736
335.960907
332.775146
335.984772
328.793427
335.982452
332.769623
335.992645
