# #profile
# zf         thl        qt         u          v          tke             
      3.000    292.500      0.010      7.500      0.000      1.000
      9.000    292.500      0.010      7.500      0.000      1.000
     15.150    292.500      0.010      7.500      0.000      1.000
     21.454    292.500      0.010      7.500      0.000      1.000
     27.915    292.500      0.010      7.500      0.000      1.000
     34.538    292.500      0.010      7.500      0.000      1.000
     41.326    292.500      0.010      7.500      0.000      1.000
     48.285    292.500      0.010      7.500      0.000      1.000
     55.417    292.500      0.010      7.500      0.000      1.000
     62.727    292.500      0.010      7.500      0.000      1.000
     70.220    292.500      0.010      7.500      0.000      1.000
     77.901    292.500      0.010      7.500      0.000      1.000
     85.773    292.500      0.010      7.500      0.000      1.000
     93.843    292.500      0.010      7.500      0.000      1.000
    102.114    292.500      0.010      7.500      0.000      1.000
    110.592    292.500      0.010      7.500      0.000      1.000
    119.281    292.500      0.010      7.500      0.000      1.000
    128.188    292.500      0.010      7.500      0.000      1.000
    137.318    292.500      0.010      7.500      0.000      1.000
    146.676    292.500      0.010      7.500      0.000      1.000
    156.268    292.500      0.010      7.500      0.000      1.000
    166.100    292.500      0.010      7.500      0.000      1.000
    176.177    292.500      0.010      7.500      0.000      1.000
    186.507    292.500      0.010      7.500      0.000      1.000
    197.094    292.500      0.010      7.500      0.000      1.000
    207.947    292.500      0.010      7.500      0.000      1.000
    219.070    292.500      0.010      7.500      0.000      1.000
    230.472    292.500      0.010      7.500      0.000      1.000
    242.159    292.500      0.010      7.500      0.000      1.000
    254.138    292.500      0.010      7.500      0.000      1.000
    266.416    292.500      0.010      7.500      0.000      1.000
    279.002    292.500      0.010      7.500      0.000      1.000
    291.902    292.500      0.010      7.500      0.000      1.000
    305.124    292.500      0.010      7.500      0.000      1.000
    318.677    292.500      0.010      7.500      0.000      1.000
    332.569    292.500      0.010      7.500      0.000      1.000
    346.808    292.500      0.010      7.500      0.000      1.000
    361.404    292.500      0.010      7.500      0.000      1.000
    376.364    292.500      0.010      7.500      0.000      1.000
    391.698    292.500      0.010      7.500      0.000      1.000
    407.415    292.500      0.010      7.500      0.000      1.000
    423.526    292.500      0.010      7.500      0.000      1.000
    440.039    292.500      0.010      7.500      0.000      1.000
    456.965    292.500      0.010      7.500      0.000      1.000
    474.314    292.500      0.010      7.500      0.000      1.000
    492.097    292.500      0.010      7.500      0.000      1.000
    510.324    292.500      0.010      7.500      0.000      1.000
    529.007    292.500      0.010      7.500      0.000      1.000
    548.157    292.500      0.010      7.500      0.000      1.000
    567.786    292.500      0.010      7.500      0.000      1.000
    587.906    292.500      0.010      7.500      0.000      1.000
    608.529    292.500      0.010      7.500      0.000      1.000
    629.667    292.500      0.010      7.500      0.000      1.000
    651.334    292.500      0.010      7.500      0.000      1.000
    673.542    292.500      0.010      7.500      0.000      1.000
    696.306    292.500      0.010      7.500      0.000      1.000
    719.638    292.500      0.010      7.500      0.000      1.000
    743.554    292.500      0.010      7.500      0.000      1.000
    768.068    292.500      0.010      7.500      0.000      1.000
    793.195    292.500      0.010      7.500      0.000      1.000
    818.950    295.114      0.010      7.500      0.000      1.000
    845.348    295.272      0.010      7.500      0.000      1.000
    872.407    295.434      0.010      7.500      0.000      1.000
    900.142    295.601      0.010      7.500      0.000      1.000
    928.571    295.771      0.010      7.500      0.000      1.000
    957.710    295.946      0.010      7.500      0.000      1.000
    987.578    296.125      0.010      7.500      0.000      1.000
   1018.192    296.309      0.010      7.500      0.000      1.000
   1049.572    296.497      0.010      7.500      0.000      1.000
   1081.736    296.690      0.010      7.500      0.000      1.000
   1114.705    296.888      0.010      7.500      0.000      1.000
   1148.497    297.091      0.010      7.500      0.000      1.000
   1183.135    297.299      0.010      7.500      0.000      1.000
   1218.638    297.512      0.010      7.500      0.000      1.000
   1255.029    297.730      0.010      7.500      0.000      1.000
   1292.330    297.954      0.010      7.500      0.000      1.000
   1330.563    298.183      0.010      7.500      0.000      1.000
   1369.752    298.419      0.010      7.500      0.000      1.000
   1409.921    298.660      0.010      7.500      0.000      1.000
   1451.094    298.907      0.010      7.500      0.000      1.000
   1493.296    299.160      0.010      7.500      0.000      1.000
   1536.554    299.419      0.010      7.500      0.000      1.000
   1580.893    299.685      0.010      7.500      0.000      1.000
   1626.340    299.958      0.010      7.500      0.000      1.000
   1672.923    300.238      0.010      7.500      0.000      1.000
   1720.671    300.524      0.010      7.500      0.000      1.000
   1769.613    300.818      0.010      7.500      0.000      1.000
   1819.779    301.119      0.010      7.500      0.000      1.000
   1871.198    301.427      0.010      7.500      0.000      1.000
   1923.903    301.743      0.010      7.500      0.000      1.000
   1977.926    302.068      0.010      7.500      0.000      1.000
   2033.299    302.400      0.010      7.500      0.000      1.000
   2090.056    302.740      0.010      7.500      0.000      1.000
   2148.233    303.089      0.010      7.500      0.000      1.000
   2207.863    303.447      0.010      7.500      0.000      1.000
   2268.985    303.814      0.010      7.500      0.000      1.000
                                                                                                                                                                                              
