# block location
#il    iu    jl     ju    kl    ku   corresp. facets
   3	   6	   3	   6	   1	   9	   1	   2	   3	   4	   5
   3	   6	  11	  14	   1	   9	   6	   7	   8	   9	  10
   3	   6	  19	  22	   1	   9	  11	  12	  13	  14	  15
   3	   6	  27	  30	   1	   9	  16	  17	  18	  19	  20
   3	   6	  35	  38	   1	   9	  21	  22	  23	  24	  25
   3	   6	  43	  46	   1	   9	  26	  27	  28	  29	  30
   3	   6	  51	  54	   1	   9	  31	  32	  33	  34	  35
   3	   6	  59	  62	   1	   9	  36	  37	  38	  39	  40
  11	  14	   3	   6	   1	   9	  41	  42	  43	  44	  45
  11	  14	  11	  14	   1	   9	  46	  47	  48	  49	  50
  11	  14	  19	  22	   1	   9	  51	  52	  53	  54	  55
  11	  14	  27	  30	   1	   9	  56	  57	  58	  59	  60
  11	  14	  35	  38	   1	   9	  61	  62	  63	  64	  65
  11	  14	  43	  46	   1	   9	  66	  67	  68	  69	  70
  11	  14	  51	  54	   1	   9	  71	  72	  73	  74	  75
  11	  14	  59	  62	   1	   9	  76	  77	  78	  79	  80
  19	  22	   3	   6	   1	   9	  81	  82	  83	  84	  85
  19	  22	  11	  14	   1	   9	  86	  87	  88	  89	  90
  19	  22	  19	  22	   1	   9	  91	  92	  93	  94	  95
  19	  22	  27	  30	   1	   9	  96	  97	  98	  99	 100
  19	  22	  35	  38	   1	   9	 101	 102	 103	 104	 105
  19	  22	  43	  46	   1	   9	 106	 107	 108	 109	 110
  19	  22	  51	  54	   1	   9	 111	 112	 113	 114	 115
  19	  22	  59	  62	   1	   9	 116	 117	 118	 119	 120
  27	  30	   3	   6	   1	   9	 121	 122	 123	 124	 125
  27	  30	  11	  14	   1	   9	 126	 127	 128	 129	 130
  27	  30	  19	  22	   1	   9	 131	 132	 133	 134	 135
  27	  30	  27	  30	   1	   9	 136	 137	 138	 139	 140
  27	  30	  35	  38	   1	   9	 141	 142	 143	 144	 145
  27	  30	  43	  46	   1	   9	 146	 147	 148	 149	 150
  27	  30	  51	  54	   1	   9	 151	 152	 153	 154	 155
  27	  30	  59	  62	   1	   9	 156	 157	 158	 159	 160
  35	  38	   3	   6	   1	   9	 161	 162	 163	 164	 165
  35	  38	  11	  14	   1	   9	 166	 167	 168	 169	 170
  35	  38	  19	  22	   1	   9	 171	 172	 173	 174	 175
  35	  38	  27	  30	   1	   9	 176	 177	 178	 179	 180
  35	  38	  35	  38	   1	   9	 181	 182	 183	 184	 185
  35	  38	  43	  46	   1	   9	 186	 187	 188	 189	 190
  35	  38	  51	  54	   1	   9	 191	 192	 193	 194	 195
  35	  38	  59	  62	   1	   9	 196	 197	 198	 199	 200
  43	  46	   3	   6	   1	   9	 201	 202	 203	 204	 205
  43	  46	  11	  14	   1	   9	 206	 207	 208	 209	 210
  43	  46	  19	  22	   1	   9	 211	 212	 213	 214	 215
  43	  46	  27	  30	   1	   9	 216	 217	 218	 219	 220
  43	  46	  35	  38	   1	   9	 221	 222	 223	 224	 225
  43	  46	  43	  46	   1	   9	 226	 227	 228	 229	 230
  43	  46	  51	  54	   1	   9	 231	 232	 233	 234	 235
  43	  46	  59	  62	   1	   9	 236	 237	 238	 239	 240
  51	  54	   3	   6	   1	   9	 241	 242	 243	 244	 245
  51	  54	  11	  14	   1	   9	 246	 247	 248	 249	 250
  51	  54	  19	  22	   1	   9	 251	 252	 253	 254	 255
  51	  54	  27	  30	   1	   9	 256	 257	 258	 259	 260
  51	  54	  35	  38	   1	   9	 261	 262	 263	 264	 265
  51	  54	  43	  46	   1	   9	 266	 267	 268	 269	 270
  51	  54	  51	  54	   1	   9	 271	 272	 273	 274	 275
  51	  54	  59	  62	   1	   9	 276	 277	 278	 279	 280
  59	  62	   3	   6	   1	   9	 281	 282	 283	 284	 285
  59	  62	  11	  14	   1	   9	 286	 287	 288	 289	 290
  59	  62	  19	  22	   1	   9	 291	 292	 293	 294	 295
  59	  62	  27	  30	   1	   9	 296	 297	 298	 299	 300
  59	  62	  35	  38	   1	   9	 301	 302	 303	 304	 305
  59	  62	  43	  46	   1	   9	 306	 307	 308	 309	 310
  59	  62	  51	  54	   1	   9	 311	 312	 313	 314	 315
  59	  62	  59	  62	   1	   9	 316	 317	 318	 319	 320
   2	   2	   3	  10	   0	   0	 349	   0	   0	   0	   0
   7	   7	   3	  10	   0	   0	 350	   0	   0	   0	   0
   3	   6	   7	  10	   0	   0	 351	   0	   0	   0	   0
   3	   6	   1	   2	   0	   0	 352	   0	   0	   0	   0
   2	   2	  11	  18	   0	   0	 353	   0	   0	   0	   0
   7	   7	  11	  18	   0	   0	 354	   0	   0	   0	   0
   3	   6	  15	  18	   0	   0	 355	   0	   0	   0	   0
   2	   2	  19	  26	   0	   0	 356	   0	   0	   0	   0
   7	   7	  19	  26	   0	   0	 357	   0	   0	   0	   0
   3	   6	  23	  26	   0	   0	 358	   0	   0	   0	   0
   2	   2	  27	  34	   0	   0	 359	   0	   0	   0	   0
   7	   7	  27	  34	   0	   0	 360	   0	   0	   0	   0
   3	   6	  31	  34	   0	   0	 361	   0	   0	   0	   0
   2	   2	  35	  42	   0	   0	 362	   0	   0	   0	   0
   7	   7	  35	  42	   0	   0	 363	   0	   0	   0	   0
   3	   6	  39	  42	   0	   0	 364	   0	   0	   0	   0
   2	   2	  43	  50	   0	   0	 365	   0	   0	   0	   0
   7	   7	  43	  50	   0	   0	 366	   0	   0	   0	   0
   3	   6	  47	  50	   0	   0	 367	   0	   0	   0	   0
   2	   2	  51	  58	   0	   0	 368	   0	   0	   0	   0
   7	   7	  51	  58	   0	   0	 369	   0	   0	   0	   0
   3	   6	  55	  58	   0	   0	 370	   0	   0	   0	   0
   2	   2	  59	  64	   0	   0	 371	   0	   0	   0	   0
   7	   7	  59	  64	   0	   0	 372	   0	   0	   0	   0
   3	   6	  63	  64	   0	   0	 373	   0	   0	   0	   0
  10	  10	   3	  10	   0	   0	 374	   0	   0	   0	   0
  15	  15	   3	  10	   0	   0	 375	   0	   0	   0	   0
  11	  14	   7	  10	   0	   0	 376	   0	   0	   0	   0
  11	  14	   1	   2	   0	   0	 377	   0	   0	   0	   0
  10	  10	  11	  18	   0	   0	 378	   0	   0	   0	   0
  15	  15	  11	  18	   0	   0	 379	   0	   0	   0	   0
  11	  14	  15	  18	   0	   0	 380	   0	   0	   0	   0
  10	  10	  19	  26	   0	   0	 381	   0	   0	   0	   0
  15	  15	  19	  26	   0	   0	 382	   0	   0	   0	   0
  11	  14	  23	  26	   0	   0	 383	   0	   0	   0	   0
  10	  10	  27	  34	   0	   0	 384	   0	   0	   0	   0
  15	  15	  27	  34	   0	   0	 385	   0	   0	   0	   0
  11	  14	  31	  34	   0	   0	 386	   0	   0	   0	   0
  10	  10	  35	  42	   0	   0	 387	   0	   0	   0	   0
  15	  15	  35	  42	   0	   0	 388	   0	   0	   0	   0
  11	  14	  39	  42	   0	   0	 389	   0	   0	   0	   0
  10	  10	  43	  50	   0	   0	 390	   0	   0	   0	   0
  15	  15	  43	  50	   0	   0	 391	   0	   0	   0	   0
  11	  14	  47	  50	   0	   0	 392	   0	   0	   0	   0
  10	  10	  51	  58	   0	   0	 393	   0	   0	   0	   0
  15	  15	  51	  58	   0	   0	 394	   0	   0	   0	   0
  11	  14	  55	  58	   0	   0	 395	   0	   0	   0	   0
  10	  10	  59	  64	   0	   0	 396	   0	   0	   0	   0
  15	  15	  59	  64	   0	   0	 397	   0	   0	   0	   0
  11	  14	  63	  64	   0	   0	 398	   0	   0	   0	   0
  18	  18	   3	  10	   0	   0	 399	   0	   0	   0	   0
  23	  23	   3	  10	   0	   0	 400	   0	   0	   0	   0
  19	  22	   7	  10	   0	   0	 401	   0	   0	   0	   0
  19	  22	   1	   2	   0	   0	 402	   0	   0	   0	   0
  18	  18	  11	  18	   0	   0	 403	   0	   0	   0	   0
  23	  23	  11	  18	   0	   0	 404	   0	   0	   0	   0
  19	  22	  15	  18	   0	   0	 405	   0	   0	   0	   0
  18	  18	  19	  26	   0	   0	 406	   0	   0	   0	   0
  23	  23	  19	  26	   0	   0	 407	   0	   0	   0	   0
  19	  22	  23	  26	   0	   0	 408	   0	   0	   0	   0
  18	  18	  27	  34	   0	   0	 409	   0	   0	   0	   0
  23	  23	  27	  34	   0	   0	 410	   0	   0	   0	   0
  19	  22	  31	  34	   0	   0	 411	   0	   0	   0	   0
  18	  18	  35	  42	   0	   0	 412	   0	   0	   0	   0
  23	  23	  35	  42	   0	   0	 413	   0	   0	   0	   0
  19	  22	  39	  42	   0	   0	 414	   0	   0	   0	   0
  18	  18	  43	  50	   0	   0	 415	   0	   0	   0	   0
  23	  23	  43	  50	   0	   0	 416	   0	   0	   0	   0
  19	  22	  47	  50	   0	   0	 417	   0	   0	   0	   0
  18	  18	  51	  58	   0	   0	 418	   0	   0	   0	   0
  23	  23	  51	  58	   0	   0	 419	   0	   0	   0	   0
  19	  22	  55	  58	   0	   0	 420	   0	   0	   0	   0
  18	  18	  59	  64	   0	   0	 421	   0	   0	   0	   0
  23	  23	  59	  64	   0	   0	 422	   0	   0	   0	   0
  19	  22	  63	  64	   0	   0	 423	   0	   0	   0	   0
  26	  26	   3	  10	   0	   0	 424	   0	   0	   0	   0
  31	  31	   3	  10	   0	   0	 425	   0	   0	   0	   0
  27	  30	   7	  10	   0	   0	 426	   0	   0	   0	   0
  27	  30	   1	   2	   0	   0	 427	   0	   0	   0	   0
  26	  26	  11	  18	   0	   0	 428	   0	   0	   0	   0
  31	  31	  11	  18	   0	   0	 429	   0	   0	   0	   0
  27	  30	  15	  18	   0	   0	 430	   0	   0	   0	   0
  26	  26	  19	  26	   0	   0	 431	   0	   0	   0	   0
  31	  31	  19	  26	   0	   0	 432	   0	   0	   0	   0
  27	  30	  23	  26	   0	   0	 433	   0	   0	   0	   0
  26	  26	  27	  34	   0	   0	 434	   0	   0	   0	   0
  31	  31	  27	  34	   0	   0	 435	   0	   0	   0	   0
  27	  30	  31	  34	   0	   0	 436	   0	   0	   0	   0
  26	  26	  35	  42	   0	   0	 437	   0	   0	   0	   0
  31	  31	  35	  42	   0	   0	 438	   0	   0	   0	   0
  27	  30	  39	  42	   0	   0	 439	   0	   0	   0	   0
  26	  26	  43	  50	   0	   0	 440	   0	   0	   0	   0
  31	  31	  43	  50	   0	   0	 441	   0	   0	   0	   0
  27	  30	  47	  50	   0	   0	 442	   0	   0	   0	   0
  26	  26	  51	  58	   0	   0	 443	   0	   0	   0	   0
  31	  31	  51	  58	   0	   0	 444	   0	   0	   0	   0
  27	  30	  55	  58	   0	   0	 445	   0	   0	   0	   0
  26	  26	  59	  64	   0	   0	 446	   0	   0	   0	   0
  31	  31	  59	  64	   0	   0	 447	   0	   0	   0	   0
  27	  30	  63	  64	   0	   0	 448	   0	   0	   0	   0
  34	  34	   3	  10	   0	   0	 449	   0	   0	   0	   0
  39	  39	   3	  10	   0	   0	 450	   0	   0	   0	   0
  35	  38	   7	  10	   0	   0	 451	   0	   0	   0	   0
  35	  38	   1	   2	   0	   0	 452	   0	   0	   0	   0
  34	  34	  11	  18	   0	   0	 453	   0	   0	   0	   0
  39	  39	  11	  18	   0	   0	 454	   0	   0	   0	   0
  35	  38	  15	  18	   0	   0	 455	   0	   0	   0	   0
  34	  34	  19	  26	   0	   0	 456	   0	   0	   0	   0
  39	  39	  19	  26	   0	   0	 457	   0	   0	   0	   0
  35	  38	  23	  26	   0	   0	 458	   0	   0	   0	   0
  34	  34	  27	  34	   0	   0	 459	   0	   0	   0	   0
  39	  39	  27	  34	   0	   0	 460	   0	   0	   0	   0
  35	  38	  31	  34	   0	   0	 461	   0	   0	   0	   0
  34	  34	  35	  42	   0	   0	 462	   0	   0	   0	   0
  39	  39	  35	  42	   0	   0	 463	   0	   0	   0	   0
  35	  38	  39	  42	   0	   0	 464	   0	   0	   0	   0
  34	  34	  43	  50	   0	   0	 465	   0	   0	   0	   0
  39	  39	  43	  50	   0	   0	 466	   0	   0	   0	   0
  35	  38	  47	  50	   0	   0	 467	   0	   0	   0	   0
  34	  34	  51	  58	   0	   0	 468	   0	   0	   0	   0
  39	  39	  51	  58	   0	   0	 469	   0	   0	   0	   0
  35	  38	  55	  58	   0	   0	 470	   0	   0	   0	   0
  34	  34	  59	  64	   0	   0	 471	   0	   0	   0	   0
  39	  39	  59	  64	   0	   0	 472	   0	   0	   0	   0
  35	  38	  63	  64	   0	   0	 473	   0	   0	   0	   0
  42	  42	   3	  10	   0	   0	 474	   0	   0	   0	   0
  47	  47	   3	  10	   0	   0	 475	   0	   0	   0	   0
  43	  46	   7	  10	   0	   0	 476	   0	   0	   0	   0
  43	  46	   1	   2	   0	   0	 477	   0	   0	   0	   0
  42	  42	  11	  18	   0	   0	 478	   0	   0	   0	   0
  47	  47	  11	  18	   0	   0	 479	   0	   0	   0	   0
  43	  46	  15	  18	   0	   0	 480	   0	   0	   0	   0
  42	  42	  19	  26	   0	   0	 481	   0	   0	   0	   0
  47	  47	  19	  26	   0	   0	 482	   0	   0	   0	   0
  43	  46	  23	  26	   0	   0	 483	   0	   0	   0	   0
  42	  42	  27	  34	   0	   0	 484	   0	   0	   0	   0
  47	  47	  27	  34	   0	   0	 485	   0	   0	   0	   0
  43	  46	  31	  34	   0	   0	 486	   0	   0	   0	   0
  42	  42	  35	  42	   0	   0	 487	   0	   0	   0	   0
  47	  47	  35	  42	   0	   0	 488	   0	   0	   0	   0
  43	  46	  39	  42	   0	   0	 489	   0	   0	   0	   0
  42	  42	  43	  50	   0	   0	 490	   0	   0	   0	   0
  47	  47	  43	  50	   0	   0	 491	   0	   0	   0	   0
  43	  46	  47	  50	   0	   0	 492	   0	   0	   0	   0
  42	  42	  51	  58	   0	   0	 493	   0	   0	   0	   0
  47	  47	  51	  58	   0	   0	 494	   0	   0	   0	   0
  43	  46	  55	  58	   0	   0	 495	   0	   0	   0	   0
  42	  42	  59	  64	   0	   0	 496	   0	   0	   0	   0
  47	  47	  59	  64	   0	   0	 497	   0	   0	   0	   0
  43	  46	  63	  64	   0	   0	 498	   0	   0	   0	   0
  50	  50	   3	  10	   0	   0	 499	   0	   0	   0	   0
  55	  55	   3	  10	   0	   0	 500	   0	   0	   0	   0
  51	  54	   7	  10	   0	   0	 501	   0	   0	   0	   0
  51	  54	   1	   2	   0	   0	 502	   0	   0	   0	   0
  50	  50	  11	  18	   0	   0	 503	   0	   0	   0	   0
  55	  55	  11	  18	   0	   0	 504	   0	   0	   0	   0
  51	  54	  15	  18	   0	   0	 505	   0	   0	   0	   0
  50	  50	  19	  26	   0	   0	 506	   0	   0	   0	   0
  55	  55	  19	  26	   0	   0	 507	   0	   0	   0	   0
  51	  54	  23	  26	   0	   0	 508	   0	   0	   0	   0
  50	  50	  27	  34	   0	   0	 509	   0	   0	   0	   0
  55	  55	  27	  34	   0	   0	 510	   0	   0	   0	   0
  51	  54	  31	  34	   0	   0	 511	   0	   0	   0	   0
  50	  50	  35	  42	   0	   0	 512	   0	   0	   0	   0
  55	  55	  35	  42	   0	   0	 513	   0	   0	   0	   0
  51	  54	  39	  42	   0	   0	 514	   0	   0	   0	   0
  50	  50	  43	  50	   0	   0	 515	   0	   0	   0	   0
  55	  55	  43	  50	   0	   0	 516	   0	   0	   0	   0
  51	  54	  47	  50	   0	   0	 517	   0	   0	   0	   0
  50	  50	  51	  58	   0	   0	 518	   0	   0	   0	   0
  55	  55	  51	  58	   0	   0	 519	   0	   0	   0	   0
  51	  54	  55	  58	   0	   0	 520	   0	   0	   0	   0
  50	  50	  59	  64	   0	   0	 521	   0	   0	   0	   0
  55	  55	  59	  64	   0	   0	 522	   0	   0	   0	   0
  51	  54	  63	  64	   0	   0	 523	   0	   0	   0	   0
  58	  58	   3	  10	   0	   0	 524	   0	   0	   0	   0
  63	  63	   3	  10	   0	   0	 525	   0	   0	   0	   0
  59	  62	   7	  10	   0	   0	 526	   0	   0	   0	   0
  59	  62	   1	   2	   0	   0	 527	   0	   0	   0	   0
  58	  58	  11	  18	   0	   0	 528	   0	   0	   0	   0
  63	  63	  11	  18	   0	   0	 529	   0	   0	   0	   0
  59	  62	  15	  18	   0	   0	 530	   0	   0	   0	   0
  58	  58	  19	  26	   0	   0	 531	   0	   0	   0	   0
  63	  63	  19	  26	   0	   0	 532	   0	   0	   0	   0
  59	  62	  23	  26	   0	   0	 533	   0	   0	   0	   0
  58	  58	  27	  34	   0	   0	 534	   0	   0	   0	   0
  63	  63	  27	  34	   0	   0	 535	   0	   0	   0	   0
  59	  62	  31	  34	   0	   0	 536	   0	   0	   0	   0
  58	  58	  35	  42	   0	   0	 537	   0	   0	   0	   0
  63	  63	  35	  42	   0	   0	 538	   0	   0	   0	   0
  59	  62	  39	  42	   0	   0	 539	   0	   0	   0	   0
  58	  58	  43	  50	   0	   0	 540	   0	   0	   0	   0
  63	  63	  43	  50	   0	   0	 541	   0	   0	   0	   0
  59	  62	  47	  50	   0	   0	 542	   0	   0	   0	   0
  58	  58	  51	  58	   0	   0	 543	   0	   0	   0	   0
  63	  63	  51	  58	   0	   0	 544	   0	   0	   0	   0
  59	  62	  55	  58	   0	   0	 545	   0	   0	   0	   0
  58	  58	  59	  64	   0	   0	 546	   0	   0	   0	   0
  63	  63	  59	  64	   0	   0	 547	   0	   0	   0	   0
  59	  62	  63	  64	   0	   0	 548	   0	   0	   0	   0
   1	   1	   1	  10	   0	   0	 549	   0	   0	   0	   0
   2	   2	   1	   2	   0	   0	 550	   0	   0	   0	   0
   7	   7	   1	   2	   0	   0	 551	   0	   0	   0	   0
   8	   9	   1	  10	   0	   0	 552	   0	   0	   0	   0
  10	  10	   1	   2	   0	   0	 553	   0	   0	   0	   0
  15	  15	   1	   2	   0	   0	 554	   0	   0	   0	   0
  16	  17	   1	  10	   0	   0	 555	   0	   0	   0	   0
  18	  18	   1	   2	   0	   0	 556	   0	   0	   0	   0
  23	  23	   1	   2	   0	   0	 557	   0	   0	   0	   0
  24	  25	   1	  10	   0	   0	 558	   0	   0	   0	   0
  26	  26	   1	   2	   0	   0	 559	   0	   0	   0	   0
  31	  31	   1	   2	   0	   0	 560	   0	   0	   0	   0
  32	  33	   1	  10	   0	   0	 561	   0	   0	   0	   0
  34	  34	   1	   2	   0	   0	 562	   0	   0	   0	   0
  39	  39	   1	   2	   0	   0	 563	   0	   0	   0	   0
  40	  41	   1	  10	   0	   0	 564	   0	   0	   0	   0
  42	  42	   1	   2	   0	   0	 565	   0	   0	   0	   0
  47	  47	   1	   2	   0	   0	 566	   0	   0	   0	   0
  48	  49	   1	  10	   0	   0	 567	   0	   0	   0	   0
  50	  50	   1	   2	   0	   0	 568	   0	   0	   0	   0
  55	  55	   1	   2	   0	   0	 569	   0	   0	   0	   0
  56	  57	   1	  10	   0	   0	 570	   0	   0	   0	   0
  58	  58	   1	   2	   0	   0	 571	   0	   0	   0	   0
  63	  63	   1	   2	   0	   0	 572	   0	   0	   0	   0
  64	  64	   1	  10	   0	   0	 573	   0	   0	   0	   0
   1	   1	  11	  20	   0	   0	 574	   0	   0	   0	   0
   8	   9	  11	  20	   0	   0	 575	   0	   0	   0	   0
  16	  17	  11	  20	   0	   0	 576	   0	   0	   0	   0
  24	  25	  11	  20	   0	   0	 577	   0	   0	   0	   0
  32	  33	  11	  20	   0	   0	 578	   0	   0	   0	   0
  40	  41	  11	  20	   0	   0	 579	   0	   0	   0	   0
  48	  49	  11	  20	   0	   0	 580	   0	   0	   0	   0
  56	  57	  11	  20	   0	   0	 581	   0	   0	   0	   0
  64	  64	  11	  20	   0	   0	 582	   0	   0	   0	   0
   1	   1	  21	  30	   0	   0	 583	   0	   0	   0	   0
   8	   9	  21	  30	   0	   0	 584	   0	   0	   0	   0
  16	  17	  21	  30	   0	   0	 585	   0	   0	   0	   0
  24	  25	  21	  30	   0	   0	 586	   0	   0	   0	   0
  32	  33	  21	  30	   0	   0	 587	   0	   0	   0	   0
  40	  41	  21	  30	   0	   0	 588	   0	   0	   0	   0
  48	  49	  21	  30	   0	   0	 589	   0	   0	   0	   0
  56	  57	  21	  30	   0	   0	 590	   0	   0	   0	   0
  64	  64	  21	  30	   0	   0	 591	   0	   0	   0	   0
   1	   1	  31	  40	   0	   0	 592	   0	   0	   0	   0
   8	   9	  31	  40	   0	   0	 593	   0	   0	   0	   0
  16	  17	  31	  40	   0	   0	 594	   0	   0	   0	   0
  24	  25	  31	  40	   0	   0	 595	   0	   0	   0	   0
  32	  33	  31	  40	   0	   0	 596	   0	   0	   0	   0
  40	  41	  31	  40	   0	   0	 597	   0	   0	   0	   0
  48	  49	  31	  40	   0	   0	 598	   0	   0	   0	   0
  56	  57	  31	  40	   0	   0	 599	   0	   0	   0	   0
  64	  64	  31	  40	   0	   0	 600	   0	   0	   0	   0
   1	   1	  41	  50	   0	   0	 601	   0	   0	   0	   0
   8	   9	  41	  50	   0	   0	 602	   0	   0	   0	   0
  16	  17	  41	  50	   0	   0	 603	   0	   0	   0	   0
  24	  25	  41	  50	   0	   0	 604	   0	   0	   0	   0
  32	  33	  41	  50	   0	   0	 605	   0	   0	   0	   0
  40	  41	  41	  50	   0	   0	 606	   0	   0	   0	   0
  48	  49	  41	  50	   0	   0	 607	   0	   0	   0	   0
  56	  57	  41	  50	   0	   0	 608	   0	   0	   0	   0
  64	  64	  41	  50	   0	   0	 609	   0	   0	   0	   0
   1	   1	  51	  60	   0	   0	 610	   0	   0	   0	   0
   8	   9	  51	  60	   0	   0	 611	   0	   0	   0	   0
  16	  17	  51	  60	   0	   0	 612	   0	   0	   0	   0
  24	  25	  51	  60	   0	   0	 613	   0	   0	   0	   0
  32	  33	  51	  60	   0	   0	 614	   0	   0	   0	   0
  40	  41	  51	  60	   0	   0	 615	   0	   0	   0	   0
  48	  49	  51	  60	   0	   0	 616	   0	   0	   0	   0
  56	  57	  51	  60	   0	   0	 617	   0	   0	   0	   0
  64	  64	  51	  60	   0	   0	 618	   0	   0	   0	   0
   1	   1	  61	  64	   0	   0	 619	   0	   0	   0	   0
   8	   9	  61	  64	   0	   0	 620	   0	   0	   0	   0
  16	  17	  61	  64	   0	   0	 621	   0	   0	   0	   0
  24	  25	  61	  64	   0	   0	 622	   0	   0	   0	   0
  32	  33	  61	  64	   0	   0	 623	   0	   0	   0	   0
  40	  41	  61	  64	   0	   0	 624	   0	   0	   0	   0
  48	  49	  61	  64	   0	   0	 625	   0	   0	   0	   0
  56	  57	  61	  64	   0	   0	 626	   0	   0	   0	   0
  64	  64	  61	  64	   0	   0	 627	   0	   0	   0	   0
