# net shortwave on facets [W/m2] (including reflections and diffusive)
2.907106e+02
8.973945e+01
1.487226e+02
1.206886e+02
1.127364e+02
2.907106e+02
9.475543e+01
1.552980e+02
1.205887e+02
1.419252e+02
2.907106e+02
9.664054e+01
1.573344e+02
1.226544e+02
1.491679e+02
2.907106e+02
9.706189e+01
1.564535e+02
1.214375e+02
1.466262e+02
2.907106e+02
9.553011e+01
1.551845e+02
1.209574e+02
1.490762e+02
2.907106e+02
9.459401e+01
1.559229e+02
1.202065e+02
1.496975e+02
2.907106e+02
9.494785e+01
1.561085e+02
1.136657e+02
1.508681e+02
2.907106e+02
9.199172e+01
1.526766e+02
9.130416e+01
1.511007e+02
2.907106e+02
1.148690e+02
1.467488e+02
1.253995e+02
1.144854e+02
2.907106e+02
1.277071e+02
1.567860e+02
1.290175e+02
1.534263e+02
2.907106e+02
1.320053e+02
1.576870e+02
1.265261e+02
1.563280e+02
2.907106e+02
1.283504e+02
1.571146e+02
1.270520e+02
1.556322e+02
2.907106e+02
1.216474e+02
1.561320e+02
1.278459e+02
1.542570e+02
2.907106e+02
1.223964e+02
1.570096e+02
1.283672e+02
1.553112e+02
2.907106e+02
1.284015e+02
1.575012e+02
1.288608e+02
1.564405e+02
2.907106e+02
1.247247e+02
1.508054e+02
9.508575e+01
1.557314e+02
2.907106e+02
1.196411e+02
1.505975e+02
1.281645e+02
1.149268e+02
2.907106e+02
1.281140e+02
1.562033e+02
1.295693e+02
1.589763e+02
2.907106e+02
1.294215e+02
1.575191e+02
1.286108e+02
1.572151e+02
2.907106e+02
1.288525e+02
1.570809e+02
1.287690e+02
1.572670e+02
2.907106e+02
1.253692e+02
1.560831e+02
1.285472e+02
1.563551e+02
2.907106e+02
1.262385e+02
1.568625e+02
1.294075e+02
1.560348e+02
2.907106e+02
1.290098e+02
1.569756e+02
1.329356e+02
1.569051e+02
2.907106e+02
1.254962e+02
1.543111e+02
9.570576e+01
1.570381e+02
2.907106e+02
1.173523e+02
1.495477e+02
1.278704e+02
1.146007e+02
2.907106e+02
1.287030e+02
1.568128e+02
1.295687e+02
1.551324e+02
2.907106e+02
1.294566e+02
1.576826e+02
1.287640e+02
1.573058e+02
2.907106e+02
1.289156e+02
1.571883e+02
1.288526e+02
1.573284e+02
2.907106e+02
1.271777e+02
1.557493e+02
1.286590e+02
1.565775e+02
2.907106e+02
1.280318e+02
1.566237e+02
1.295692e+02
1.561474e+02
2.907106e+02
1.294197e+02
1.574632e+02
1.294301e+02
1.569370e+02
2.907106e+02
1.220868e+02
1.534427e+02
9.548106e+01
1.566728e+02
2.907106e+02
1.208767e+02
1.472334e+02
1.252769e+02
1.137169e+02
2.907106e+02
1.280832e+02
1.566003e+02
1.273550e+02
1.464272e+02
2.907106e+02
1.294304e+02
1.575016e+02
1.266093e+02
1.519447e+02
2.907106e+02
1.290833e+02
1.570632e+02
1.263544e+02
1.540599e+02
2.907106e+02
1.275048e+02
1.549727e+02
1.266962e+02
1.540768e+02
2.907106e+02
1.281492e+02
1.558066e+02
1.257858e+02
1.550462e+02
2.907106e+02
1.283408e+02
1.571868e+02
1.225236e+02
1.558863e+02
2.907106e+02
1.243433e+02
1.514833e+02
9.514401e+01
1.552292e+02
2.907106e+02
1.197417e+02
1.467216e+02
1.249660e+02
1.136436e+02
2.907106e+02
1.283203e+02
1.562006e+02
1.272339e+02
1.462606e+02
2.907106e+02
1.292459e+02
1.575947e+02
1.263911e+02
1.517271e+02
2.907106e+02
1.288180e+02
1.572173e+02
1.261907e+02
1.539425e+02
2.907106e+02
1.275756e+02
1.531407e+02
1.265108e+02
1.537747e+02
2.907106e+02
1.284099e+02
1.539024e+02
1.255240e+02
1.548586e+02
2.907106e+02
1.286242e+02
1.569814e+02
1.224515e+02
1.557621e+02
2.907106e+02
1.227416e+02
1.528840e+02
9.509573e+01
1.550578e+02
2.907106e+02
1.212938e+02
1.388177e+02
1.250971e+02
1.140268e+02
2.907106e+02
1.285058e+02
1.557894e+02
1.276659e+02
1.532107e+02
2.907106e+02
1.293332e+02
1.600427e+02
1.263383e+02
1.548770e+02
2.907106e+02
1.288236e+02
1.560270e+02
1.268391e+02
1.555070e+02
2.907106e+02
1.275506e+02
1.488030e+02
1.276264e+02
1.539540e+02
2.907106e+02
1.284468e+02
1.496855e+02
1.280914e+02
1.550797e+02
2.907106e+02
1.289208e+02
1.564969e+02
1.287822e+02
1.561987e+02
2.907106e+02
1.246252e+02
1.504508e+02
9.485712e+01
1.554324e+02
2.907106e+02
1.213517e+02
1.086210e+02
1.186379e+02
1.102480e+02
2.907106e+02
1.275262e+02
1.135045e+02
1.176420e+02
1.475275e+02
2.907106e+02
1.292403e+02
1.143079e+02
1.210363e+02
1.491131e+02
2.907106e+02
1.282987e+02
1.140262e+02
1.198194e+02
1.455945e+02
2.907106e+02
1.267867e+02
1.126924e+02
1.200332e+02
1.475495e+02
2.907106e+02
1.276253e+02
1.128488e+02
1.208463e+02
1.479893e+02
2.907106e+02
1.279763e+02
1.136267e+02
1.193253e+02
1.493249e+02
2.907106e+02
1.252477e+02
1.083904e+02
8.653748e+01
1.503570e+02
1.252991e+02
1.377233e+02
1.391218e+02
1.335023e+02
1.326464e+02
1.364645e+02
1.256205e+02
9.377591e+01
1.070236e+02
1.069795e+02
1.013942e+02
1.019185e+02
1.059319e+02
8.214694e+01
1.322936e+02
1.416292e+02
1.415270e+02
1.384421e+02
1.383669e+02
1.399706e+02
1.051203e+02
1.057229e+02
1.101365e+02
1.102961e+02
1.058845e+02
1.057197e+02
1.087420e+02
9.289533e+01
1.470324e+02
2.221956e+02
1.938032e+02
1.291273e+02
1.498720e+02
2.258976e+02
1.994573e+02
1.631121e+02
2.267731e+02
1.869608e+02
1.624478e+02
2.253130e+02
1.840914e+02
1.494095e+02
2.255114e+02
2.033712e+02
1.493636e+02
2.251754e+02
1.966026e+02
1.493874e+02
2.253313e+02
1.974831e+02
1.413144e+02
2.143067e+02
1.371363e+02
1.859080e+02
2.218320e+02
1.919147e+02
1.219603e+02
1.824118e+02
2.277618e+02
2.056895e+02
1.958864e+02
2.280166e+02
1.926581e+02
1.948059e+02
2.279753e+02
1.922311e+02
1.813403e+02
2.275920e+02
2.050684e+02
1.812440e+02
2.277168e+02
2.053282e+02
1.818905e+02
2.273808e+02
2.056310e+02
1.648127e+02
2.138771e+02
1.378652e+02
1.758694e+02
2.210266e+02
2.058555e+02
1.225269e+02
1.832208e+02
2.279710e+02
2.060932e+02
1.835104e+02
2.282505e+02
2.059828e+02
1.834299e+02
2.281714e+02
2.057449e+02
1.828411e+02
2.279358e+02
2.056755e+02
1.829810e+02
2.280630e+02
2.059198e+02
1.829920e+02
2.277379e+02
2.063928e+02
1.703347e+02
2.157714e+02
1.385930e+02
1.774171e+02
2.199074e+02
2.055385e+02
1.222376e+02
1.833187e+02
2.277073e+02
2.060946e+02
1.835937e+02
2.281469e+02
2.060181e+02
1.835094e+02
2.281051e+02
2.058408e+02
1.832158e+02
2.278485e+02
2.057651e+02
1.833366e+02
2.278930e+02
2.059829e+02
1.829206e+02
2.272268e+02
2.060385e+02
1.684198e+02
2.106546e+02
1.383419e+02
1.927399e+02
2.238518e+02
1.896345e+02
1.300527e+02
1.955806e+02
2.274709e+02
1.922557e+02
1.960651e+02
2.279595e+02
1.926184e+02
1.960364e+02
2.279355e+02
1.925216e+02
1.831087e+02
2.276419e+02
2.053194e+02
1.831171e+02
2.276559e+02
2.051635e+02
1.823858e+02
2.269490e+02
2.033495e+02
1.694615e+02
2.143642e+02
1.455615e+02
1.918457e+02
2.241792e+02
1.894897e+02
1.299702e+02
1.954520e+02
2.274032e+02
1.921869e+02
1.959499e+02
2.279003e+02
1.925493e+02
1.959312e+02
2.278883e+02
1.923790e+02
1.829996e+02
2.272514e+02
2.051820e+02
1.830117e+02
2.272831e+02
2.050362e+02
1.822019e+02
2.269803e+02
2.032967e+02
1.689125e+02
2.148875e+02
1.454951e+02
1.873310e+02
2.198705e+02
1.917650e+02
1.215917e+02
1.953531e+02
2.271731e+02
1.926348e+02
1.958282e+02
2.278382e+02
1.925679e+02
1.958454e+02
2.266023e+02
1.920848e+02
1.826912e+02
2.257879e+02
2.049281e+02
1.827395e+02
2.257870e+02
2.051895e+02
1.822162e+02
2.268230e+02
2.055359e+02
1.651554e+02
2.132229e+02
1.375844e+02
1.857832e+02
1.269465e+02
1.819909e+02
1.210999e+02
1.938809e+02
1.338322e+02
1.860457e+02
1.946277e+02
1.341410e+02
1.860636e+02
1.929652e+02
1.333056e+02
1.827938e+02
1.805081e+02
1.331110e+02
2.029189e+02
1.802751e+02
1.333722e+02
1.957950e+02
1.808954e+02
1.332428e+02
1.987078e+02
1.696180e+02
1.162344e+02
1.274679e+02
1.294402e+02
1.076097e+02
1.167464e+02
1.896508e+02
1.375961e+02
1.460932e+02
1.937518e+02
1.505909e+02
1.507885e+02
1.940699e+02
1.461991e+02
1.383198e+02
1.916727e+02
1.177689e+02
1.274674e+02
1.994638e+02
1.273463e+02
1.176384e+02
1.912159e+02
1.378896e+02
1.452325e+02
1.915780e+02
1.488861e+02
9.935048e+01
9.314546e+01
1.458781e+02
2.180363e+02
2.197097e+02
2.199065e+02
2.196419e+02
2.194864e+02
2.193230e+02
2.179929e+02
1.025851e+02
1.642878e+02
2.057121e+02
2.072109e+02
2.074289e+02
2.073353e+02
2.071994e+02
2.070149e+02
2.055137e+02
1.028717e+02
1.774753e+02
2.161710e+02
2.180862e+02
2.184334e+02
2.183394e+02
2.181862e+02
2.178602e+02
2.158870e+02
1.032156e+02
1.594509e+02
2.287780e+02
2.307909e+02
2.311097e+02
2.309393e+02
2.307964e+02
2.304951e+02
2.286102e+02
1.033527e+02
1.449518e+02
2.168726e+02
2.184920e+02
2.186855e+02
2.185896e+02
2.183176e+02
2.183066e+02
2.167572e+02
1.009693e+02
1.330751e+02
1.959816e+02
2.007660e+02
2.007528e+02
1.967037e+02
1.971373e+02
1.966639e+02
2.002712e+02
8.510400e+01
