# Initial facet tempereatures in radiative equilibrium
331.917328
320.048309
327.637024
324.541473
322.222809
331.917328
322.155182
329.760406
325.624634
327.562286
331.917328
323.272461
330.111633
325.184235
328.777039
331.917328
323.943726
329.991241
325.324890
328.600311
331.917328
323.959076
330.253204
326.123627
328.662048
331.917328
323.260498
330.793274
325.879211
329.385010
331.917328
322.500916
330.299988
325.490112
329.229584
331.917328
321.727814
329.154480
322.282440
328.739899
331.917328
323.759705
327.851959
325.826294
322.393036
331.917328
325.805847
330.026123
326.874084
328.615204
331.917328
326.253357
330.182922
326.223633
330.075653
331.917328
326.257080
330.144226
326.434326
329.392456
331.917328
326.598969
330.541992
327.260468
329.631531
331.917328
326.968018
331.049805
327.110535
330.397675
331.917328
326.395081
330.504059
326.528473
330.474243
331.917328
325.051544
329.539551
323.236053
330.115326
331.917328
323.951355
327.932617
326.612335
322.491882
331.917328
326.290253
330.054901
327.019073
329.428162
331.917328
326.458099
330.225891
326.930420
330.217316
331.917328
326.303070
330.212097
327.140228
330.086731
331.917328
327.012299
330.669708
327.446533
330.261261
331.917328
327.439972
331.100372
327.292053
330.572571
331.917328
326.923431
330.545715
326.647278
330.673462
331.917328
325.559143
329.414795
323.415558
330.342194
331.917328
324.110168
327.998322
326.543518
322.529755
331.917328
326.455475
330.020203
327.043884
329.379700
331.917328
326.615540
330.216309
326.979187
330.225159
331.917328
326.518982
330.206818
327.173065
330.133972
331.917328
327.153503
330.567230
327.470032
330.308624
331.917328
327.496307
331.049255
327.304932
330.599030
331.917328
326.986877
330.472321
326.745026
330.694092
331.917328
325.757294
329.463654
323.468140
330.301208
331.917328
324.376709
327.926727
325.822662
322.815430
331.917328
326.630402
329.947021
326.378632
328.582916
331.917328
326.819733
330.129333
326.341156
329.558807
331.917328
326.807495
330.119476
326.611450
329.481628
331.917328
327.143097
330.436584
327.459229
329.735138
331.917328
327.489868
330.976624
327.338287
330.516022
331.917328
326.996277
330.432678
326.833954
330.590607
331.917328
325.727325
329.455017
323.709045
330.125275
331.917328
324.279205
327.711609
325.689056
322.750092
331.917328
326.468048
329.841705
326.267059
328.482819
331.917328
326.637054
330.053009
326.231201
329.445251
331.917328
326.630951
330.030792
326.487976
329.391724
331.917328
326.981934
330.223389
327.375885
329.629822
331.917328
327.423096
330.788910
327.259949
330.427979
331.917328
326.924683
330.361847
326.768768
330.515015
331.917328
325.708191
329.291290
323.637695
330.066895
331.917328
324.119080
326.649170
325.516724
322.010864
331.917328
326.379028
329.104462
326.054626
328.378357
331.917328
326.601166
329.454102
325.998505
329.265350
331.917328
326.587860
329.221191
326.140930
329.183777
331.917328
326.833984
329.248688
326.992920
329.339508
331.917328
327.314331
329.761536
326.836670
330.136505
331.917328
326.864136
329.598419
326.386841
330.240814
331.917328
325.612366
328.619019
322.641663
329.900085
331.917328
323.643951
319.044403
322.725403
320.153290
331.917328
326.085449
320.390472
323.249603
325.822266
331.917328
326.442413
320.731720
323.320618
326.722687
331.917328
326.288574
320.899872
323.378784
326.669861
331.917328
326.298798
321.195831
324.259735
326.847809
331.917328
326.869873
321.253723
324.081970
327.640015
331.917328
326.471649
320.611359
323.563263
327.590149
331.917328
325.175385
318.954865
318.951965
327.378357
323.322296
325.568481
326.583191
327.368134
326.758331
325.381165
324.601044
317.662689
318.654907
318.959198
320.016266
320.151184
318.468170
316.192413
325.641266
326.207245
326.221558
326.936066
326.824615
325.056000
319.163879
320.537354
320.631744
320.654358
321.535614
321.450653
319.857239
316.423645
324.984985
333.411285
331.359100
321.933197
326.402161
334.301544
332.148743
328.797119
334.394501
330.243652
329.017273
334.386322
330.396271
327.152161
334.400909
332.401276
326.852142
334.521484
332.450500
326.419586
334.332825
332.015198
325.429871
334.069000
325.609680
328.314972
333.694855
330.436157
321.975830
327.649750
334.478790
332.925690
329.633850
334.500885
330.801453
329.591370
334.491028
330.938507
327.807434
334.663300
333.028473
327.909668
334.806000
333.027954
327.763885
334.579651
332.803467
327.086182
334.305878
326.526489
326.756653
333.822937
332.645996
322.055695
327.842468
334.499176
333.043976
327.887909
334.583374
332.995300
327.864105
334.629608
333.046814
328.025055
334.753906
333.135498
328.128876
334.871674
333.144318
327.976837
334.611145
333.000671
327.290771
334.311432
326.643341
326.819641
333.819855
332.569122
322.088623
327.894531
334.502014
333.059784
327.943787
334.583252
333.029968
327.944092
334.627167
333.074280
328.090790
334.719482
333.149353
328.173187
334.854279
333.152771
327.994629
334.588959
332.947510
327.348602
334.468475
326.679108
328.712708
333.745605
330.310699
322.432068
329.662048
334.445343
330.900024
329.760895
334.499023
330.868835
329.765472
334.499878
331.012390
328.061676
334.624237
333.081726
328.146423
334.776855
333.070770
327.946838
334.558441
332.834900
327.375763
334.306183
326.612396
328.597687
333.665070
330.228241
322.372589
329.604401
334.417847
330.823364
329.701691
334.479797
330.788422
329.705627
334.475677
330.928406
328.002136
334.536346
333.031891
328.111237
334.646454
333.019440
327.912323
334.502441
332.794006
327.315125
334.288788
326.547424
328.477386
332.953979
330.244568
321.628815
329.557892
334.233917
330.699677
329.655334
334.348175
330.701416
329.645386
334.261261
330.724213
327.904846
334.228882
332.859253
328.030823
334.288300
332.868286
327.876617
334.308319
332.668671
327.375244
333.969910
325.996246
327.861908
320.363831
328.474152
320.178345
328.921722
321.540649
329.029785
329.122711
321.745575
329.052765
328.995667
321.860931
329.050079
327.217072
322.043335
331.377502
327.361420
322.068451
331.190002
327.214600
321.539673
331.035553
326.575195
319.364471
322.832184
323.027191
321.795471
322.056671
328.834167
322.519989
322.868683
329.153931
322.933411
323.007599
329.229095
322.887512
322.934235
329.265991
322.637512
322.789398
329.282837
322.711823
322.535065
329.098877
322.646149
322.395660
328.536987
322.187317
316.564728
315.344116
326.672668
332.072968
332.235962
332.298340
332.253906
332.173218
332.103729
331.904236
316.841461
329.848572
330.418365
330.473969
330.509003
330.523010
330.475555
330.445740
330.142334
317.057465
331.997131
332.262360
332.546509
332.592834
332.560242
332.510864
332.378998
331.840729
317.478821
329.036774
334.158020
334.311859
334.370483
334.345978
334.302673
334.252136
333.891205
317.602631
326.492798
332.045105
332.304352
332.331543
332.310059
332.260071
332.203430
331.825104
316.566711
325.972839
331.796478
332.094696
332.103485
332.398224
332.325470
332.242523
331.532135
314.314331
