# block location
#il    iu    jl     ju    kl    ku   corresp. facets
   9	  24	   9	  24	   1	  33	   1	   2	   3	   4	   5
   9	  24	  41	  56	   1	  33	   6	   7	   8	   9	  10
  41	  56	   9	  24	   1	  33	  11	  12	  13	  14	  15
  41	  56	  41	  56	   1	  33	  16	  17	  18	  19	  20
   8	   8	   9	  24	   0	   0	 133	   0	   0	   0	   0
  25	  25	   9	  24	   0	   0	 134	   0	   0	   0	   0
   9	  18	  25	  25	   0	   0	 135	   0	   0	   0	   0
   9	  18	   1	   8	   0	   0	 136	   0	   0	   0	   0
   8	   8	  41	  56	   0	   0	 137	   0	   0	   0	   0
  25	  25	  41	  56	   0	   0	 138	   0	   0	   0	   0
   9	  18	  57	  64	   0	   0	 139	   0	   0	   0	   0
   9	  18	  36	  40	   0	   0	 140	   0	   0	   0	   0
  40	  40	   9	  24	   0	   0	 141	   0	   0	   0	   0
  57	  57	   9	  24	   0	   0	 142	   0	   0	   0	   0
  41	  50	  25	  25	   0	   0	 143	   0	   0	   0	   0
  41	  50	   1	   8	   0	   0	 144	   0	   0	   0	   0
  40	  40	  41	  56	   0	   0	 145	   0	   0	   0	   0
  57	  57	  41	  56	   0	   0	 146	   0	   0	   0	   0
  41	  50	  57	  64	   0	   0	 147	   0	   0	   0	   0
  41	  50	  36	  40	   0	   0	 148	   0	   0	   0	   0
   1	   7	   1	  10	   0	   0	 149	   0	   0	   0	   0
   8	   8	   1	   8	   0	   0	 150	   0	   0	   0	   0
  25	  25	   1	   8	   0	   0	 151	   0	   0	   0	   0
  26	  35	   1	  10	   0	   0	 152	   0	   0	   0	   0
  40	  40	   1	   8	   0	   0	 153	   0	   0	   0	   0
  57	  57	   1	   8	   0	   0	 154	   0	   0	   0	   0
  58	  64	   1	  10	   0	   0	 155	   0	   0	   0	   0
   1	   7	  11	  20	   0	   0	 156	   0	   0	   0	   0
   8	   8	  25	  34	   0	   0	 157	   0	   0	   0	   0
   9	  18	  26	  35	   0	   0	 158	   0	   0	   0	   0
  25	  25	  25	  34	   0	   0	 159	   0	   0	   0	   0
  26	  35	  11	  20	   0	   0	 160	   0	   0	   0	   0
  40	  40	  25	  34	   0	   0	 161	   0	   0	   0	   0
  41	  50	  26	  35	   0	   0	 162	   0	   0	   0	   0
  57	  57	  25	  34	   0	   0	 163	   0	   0	   0	   0
  58	  64	  11	  20	   0	   0	 164	   0	   0	   0	   0
   1	   7	  21	  30	   0	   0	 165	   0	   0	   0	   0
   8	   8	  35	  40	   0	   0	 166	   0	   0	   0	   0
  25	  25	  35	  40	   0	   0	 167	   0	   0	   0	   0
  26	  35	  21	  30	   0	   0	 168	   0	   0	   0	   0
  40	  40	  35	  40	   0	   0	 169	   0	   0	   0	   0
  57	  57	  35	  40	   0	   0	 170	   0	   0	   0	   0
  58	  64	  21	  30	   0	   0	 171	   0	   0	   0	   0
   1	   7	  31	  40	   0	   0	 172	   0	   0	   0	   0
   8	   8	  57	  64	   0	   0	 173	   0	   0	   0	   0
  25	  25	  57	  64	   0	   0	 174	   0	   0	   0	   0
  26	  35	  31	  40	   0	   0	 175	   0	   0	   0	   0
  40	  40	  57	  64	   0	   0	 176	   0	   0	   0	   0
  57	  57	  57	  64	   0	   0	 177	   0	   0	   0	   0
  58	  64	  31	  40	   0	   0	 178	   0	   0	   0	   0
   1	   7	  41	  50	   0	   0	 179	   0	   0	   0	   0
  26	  35	  41	  50	   0	   0	 180	   0	   0	   0	   0
  58	  64	  41	  50	   0	   0	 181	   0	   0	   0	   0
   1	   7	  51	  60	   0	   0	 182	   0	   0	   0	   0
  26	  35	  51	  60	   0	   0	 183	   0	   0	   0	   0
  58	  64	  51	  60	   0	   0	 184	   0	   0	   0	   0
   1	   7	  61	  64	   0	   0	 185	   0	   0	   0	   0
  26	  35	  61	  64	   0	   0	 186	   0	   0	   0	   0
  58	  64	  61	  64	   0	   0	 187	   0	   0	   0	   0
  19	  24	  25	  25	   0	   0	 188	   0	   0	   0	   0
  19	  24	   1	   8	   0	   0	 189	   0	   0	   0	   0
  19	  24	  57	  64	   0	   0	 190	   0	   0	   0	   0
  19	  24	  36	  40	   0	   0	 191	   0	   0	   0	   0
  51	  56	  25	  25	   0	   0	 192	   0	   0	   0	   0
  51	  56	   1	   8	   0	   0	 193	   0	   0	   0	   0
  51	  56	  57	  64	   0	   0	 194	   0	   0	   0	   0
  51	  56	  36	  40	   0	   0	 195	   0	   0	   0	   0
  36	  39	   1	  10	   0	   0	 196	   0	   0	   0	   0
  19	  24	  26	  35	   0	   0	 197	   0	   0	   0	   0
  36	  39	  11	  20	   0	   0	 198	   0	   0	   0	   0
  51	  56	  26	  35	   0	   0	 199	   0	   0	   0	   0
  36	  39	  21	  30	   0	   0	 200	   0	   0	   0	   0
  36	  39	  31	  40	   0	   0	 201	   0	   0	   0	   0
  36	  39	  41	  50	   0	   0	 202	   0	   0	   0	   0
  36	  39	  51	  60	   0	   0	 203	   0	   0	   0	   0
  36	  39	  61	  64	   0	   0	 204	   0	   0	   0	   0
