#   or     wl    blk    bld
     1      1      1      1
     2      1      1      1
     5      1      1      1
     1      1      2      1
     5      1      2      1
     1      1      3      1
     1      1      4      1
     1      1      5      1
     1      1      6      1
     4      1      6      1
     1      1      7      1
     5      1      7      1
     1      1      8      1
     1      1      9      1
     1      1     10      1
     1      1     11      1
     4      1     11      1
     1      1     12      1
     5      1     12      1
     1      1     13      1
     1      1     14      1
     1      1     15      1
     1      1     16      1
     4      1     16      1
     1      1     17      1
     5      1     17      1
     1      1     18      1
     5      1     18      1
     1      1     19      1
     1      1     20      1
     1      1     21      1
     1      1     22      1
     4      1     22      1
     1      1     23      1
     5      1     23      1
     1      1     24      1
     1      1     25      1
     1      1     26      1
     1      1     27      1
     4      1     27      1
     1      1     28      1
     5      1     28      1
     1      1     29      1
     1      1     30      1
     1      1     31      1
     1      1     32      1
     4      1     32      1
     1      1     33      1
     3      1     33      1
     5      1     33      1
     1      1     34      1
     2      1     34      1
     1      1     35      1
     3      1     35      1
     1      1     36      1
     2      1     36      1
     1      1     37      1
     3      1     37      1
     1      1     38      1
     2      1     38      1
     1      1     39      1
     1      1     40      1
     3      1     40      1
     1      1     41      1
     2      1     41      1
     4      1     41      1
     1      1     42      1
     4      1     42      1
     1      1     43      1
     3      1     43      1
     4      1     43      1
      3    -101       1    -101
      3    -101       2    -101
      3    -101       3    -101
      3    -101       4    -101
      3    -101       5    -101
      3    -101       6    -101
      3    -101       7    -101
      2    -101       8    -101
      2    -101       9    -101
      2    -101      10    -101
      2    -101      11    -101
      2    -101      12    -101
      2    -101      13    -101
      2    -101      14    -101
      5    -101      15    -101
      5    -101      16    -101
      5    -101      17    -101
      5    -101      18    -101
      5    -101      19    -101
      5    -101      20    -101
      5    -101      21    -101
      4    -101      22    -101
      4    -101      23    -101
      4    -101      24    -101
      4    -101      25    -101
      4    -101      26    -101
      4    -101      27    -101
      4    -101      28    -101
