# block location
#il    iu    jl     ju    kl    ku   corresp. facets
   9	  24	   9	  24	   1	  17	   1	   2	   3	   4	   5
   9	  24	  41	  56	   1	  17	   6	   7	   8	   9	  10
   8	   8	   9	  24	   0	   0	  11	   0	   0	   0	   0
  25	  25	   9	  24	   0	   0	  12	   0	   0	   0	   0
   9	  24	  25	  25	   0	   0	  13	   0	   0	   0	   0
   9	  24	   8	   8	   0	   0	  14	   0	   0	   0	   0
   8	   8	  41	  56	   0	   0	  15	   0	   0	   0	   0
  25	  25	  41	  56	   0	   0	  16	   0	   0	   0	   0
   9	  24	  57	  57	   0	   0	  17	   0	   0	   0	   0
   9	  24	  40	  40	   0	   0	  18	   0	   0	   0	   0
   1	   7	   1	  64	   0	   0	  19	   0	   0	   0	   0
   8	   8	   1	   8	   0	   0	  20	   0	   0	   0	   0
   9	  24	   1	   7	   0	   0	  21	   0	   0	   0	   0
  25	  25	   1	   8	   0	   0	  22	   0	   0	   0	   0
  26	  64	   1	  64	   0	   0	  23	   0	   0	   0	   0
   8	   8	  25	  40	   0	   0	  24	   0	   0	   0	   0
   9	  24	  26	  39	   0	   0	  25	   0	   0	   0	   0
  25	  25	  25	  40	   0	   0	  26	   0	   0	   0	   0
   8	   8	  57	  64	   0	   0	  27	   0	   0	   0	   0
   9	  24	  58	  64	   0	   0	  28	   0	   0	   0	   0
  25	  25	  57	  64	   0	   0	  29	   0	   0	   0	   0
