# SDBL flow 
# z thl qt u v tke                                          
0.500000000000000    288.000000   0.000000     0.000000     0.000000     0.000000    
1.500000000000000    288.000000   0.000000     0.063492     0.000000     0.000000    
2.500000000000000    288.000000   0.000000     0.126984     0.000000     0.000000    
3.500000000000000    288.000000   0.000000     0.190476     0.000000     0.000000    
4.500000000000000    288.000000   0.000000     0.253968     0.000000     0.000000    
5.500000000000000    288.000000   0.000000     0.317460     0.000000     0.000000    
6.500000000000000    288.000000   0.000000     0.380952     0.000000     0.000000    
7.500000000000000    288.000000   0.000000     0.444444     0.000000     0.000000    
8.500000000000000    288.000000   0.000000     0.507937     0.000000     0.000000    
9.500000000000000    288.000000   0.000000     0.571429     0.000000     0.000000    
10.500000000000000   288.000000   0.000000     0.634921     0.000000     0.000000    
11.500000000000000   288.000000   0.000000     0.698413     0.000000     0.000000    
12.500000000000000   288.000000   0.000000     0.761905     0.000000     0.000000    
13.500000000000000   288.000000   0.000000     0.825397     0.000000     0.000000    
14.500000000000000   288.000000   0.000000     0.888889     0.000000     0.000000    
15.500000000000000   288.000000   0.000000     0.952381     0.000000     0.000000    
16.500000000000000   288.000000   0.000000     1.015873     0.000000     0.000000    
17.500000000000000   288.000000   0.000000     1.079365     0.000000     0.000000    
18.500000000000000   288.000000   0.000000     1.142857     0.000000     0.000000    
19.500000000000000   288.000000   0.000000     1.206349     0.000000     0.000000    
20.500000000000000   288.000000   0.000000     1.269841     0.000000     0.000000    
21.500000000000000   288.000000   0.000000     1.333333     0.000000     0.000000    
22.500000000000000   288.000000   0.000000     1.396825     0.000000     0.000000    
23.500000000000000   288.000000   0.000000     1.460317     0.000000     0.000000    
24.500000000000000   288.000000   0.000000     1.523810     0.000000     0.000000    
25.500000000000000   288.000000   0.000000     1.587302     0.000000     0.000000    
26.500000000000000   288.000000   0.000000     1.650794     0.000000     0.000000    
27.500000000000000   288.000000   0.000000     1.714286     0.000000     0.000000    
28.500000000000000   288.000000   0.000000     1.777778     0.000000     0.000000    
29.500000000000000   288.000000   0.000000     1.841270     0.000000     0.000000    
30.500000000000000   288.000000   0.000000     1.904762     0.000000     0.000000    
31.500000000000000   288.000000   0.000000     1.968254     0.000000     0.000000    
32.500000000000000   288.000000   0.000000     2.031746     0.000000     0.000000    
33.500000000000000   288.000000   0.000000     2.095238     0.000000     0.000000    
34.500000000000000   288.000000   0.000000     2.158730     0.000000     0.000000    
35.500000000000000   288.000000   0.000000     2.222222     0.000000     0.000000    
36.500000000000000   288.000000   0.000000     2.285714     0.000000     0.000000    
37.500000000000000   288.000000   0.000000     2.349206     0.000000     0.000000    
38.500000000000000   288.000000   0.000000     2.412698     0.000000     0.000000    
39.500000000000000   288.000000   0.000000     2.476190     0.000000     0.000000    
40.500000000000000   288.000000   0.000000     2.539683     0.000000     0.000000    
41.500000000000000   288.000000   0.000000     2.603175     0.000000     0.000000    
42.500000000000000   288.000000   0.000000     2.666667     0.000000     0.000000    
43.500000000000000   288.000000   0.000000     2.730159     0.000000     0.000000    
44.500000000000000   288.000000   0.000000     2.793651     0.000000     0.000000    
45.500000000000000   288.000000   0.000000     2.857143     0.000000     0.000000    
46.500000000000000   288.000000   0.000000     2.920635     0.000000     0.000000    
47.500000000000000   288.000000   0.000000     2.984127     0.000000     0.000000    
48.500000000000000   288.000000   0.000000     3.047619     0.000000     0.000000    
49.500000000000000   288.000000   0.000000     3.111111     0.000000     0.000000    
50.500000000000000   288.000000   0.000000     3.174603     0.000000     0.000000    
51.500000000000000   288.000000   0.000000     3.238095     0.000000     0.000000    
52.500000000000000   288.000000   0.000000     3.301587     0.000000     0.000000    
53.500000000000000   288.000000   0.000000     3.365079     0.000000     0.000000    
54.500000000000000   288.000000   0.000000     3.428571     0.000000     0.000000    
55.500000000000000   288.000000   0.000000     3.492063     0.000000     0.000000    
56.500000000000000   288.000000   0.000000     3.555556     0.000000     0.000000    
57.500000000000000   288.000000   0.000000     3.619048     0.000000     0.000000    
58.500000000000000   288.000000   0.000000     3.682540     0.000000     0.000000    
59.500000000000000   288.000000   0.000000     3.746032     0.000000     0.000000    
60.500000000000000   288.000000   0.000000     3.809524     0.000000     0.000000    
61.500000000000000   288.000000   0.000000     3.873016     0.000000     0.000000    
62.500000000000000   288.000000   0.000000     3.936508     0.000000     0.000000    
63.500000000000000   288.000000   0.000000     4.000000     0.000000     0.000000    
