# area of facets
1024.000000
1056.000000
1056.000000
1056.000000
1056.000000
1024.000000
1056.000000
1056.000000
1056.000000
1056.000000
1024.000000
1056.000000
1056.000000
1056.000000
1056.000000
1024.000000
1056.000000
1056.000000
1056.000000
1056.000000
200.000000
200.000000
200.000000
60.000000
200.000000
200.000000
200.000000
60.000000
200.000000
200.000000
200.000000
60.000000
200.000000
200.000000
200.000000
60.000000
200.000000
200.000000
200.000000
60.000000
200.000000
200.000000
200.000000
60.000000
80.000000
80.000000
80.000000
24.000000
200.000000
200.000000
200.000000
60.000000
200.000000
200.000000
200.000000
60.000000
200.000000
200.000000
200.000000
60.000000
200.000000
200.000000
200.000000
60.000000
200.000000
200.000000
200.000000
60.000000
200.000000
200.000000
200.000000
60.000000
80.000000
80.000000
80.000000
24.000000
200.000000
200.000000
200.000000
60.000000
200.000000
200.000000
200.000000
60.000000
200.000000
200.000000
200.000000
60.000000
200.000000
200.000000
200.000000
60.000000
200.000000
200.000000
200.000000
60.000000
200.000000
200.000000
200.000000
60.000000
80.000000
80.000000
80.000000
24.000000
200.000000
200.000000
200.000000
60.000000
200.000000
200.000000
200.000000
60.000000
200.000000
200.000000
200.000000
60.000000
200.000000
200.000000
200.000000
60.000000
200.000000
200.000000
200.000000
60.000000
200.000000
200.000000
200.000000
60.000000
80.000000
80.000000
80.000000
24.000000
64.000000
64.000000
40.000000
320.000000
64.000000
64.000000
320.000000
200.000000
64.000000
64.000000
40.000000
320.000000
64.000000
64.000000
320.000000
200.000000
280.000000
32.000000
32.000000
400.000000
32.000000
32.000000
280.000000
280.000000
40.000000
400.000000
40.000000
400.000000
40.000000
400.000000
40.000000
280.000000
280.000000
24.000000
24.000000
400.000000
24.000000
24.000000
280.000000
280.000000
32.000000
32.000000
400.000000
32.000000
32.000000
280.000000
280.000000
400.000000
280.000000
280.000000
400.000000
280.000000
112.000000
160.000000
112.000000
24.000000
192.000000
192.000000
120.000000
24.000000
192.000000
192.000000
120.000000
160.000000
240.000000
160.000000
240.000000
160.000000
160.000000
160.000000
160.000000
64.000000
