#   or     wl    blk    bld
     1      1      1      1
     2      1      1      1
     3      1      1      1
     4      1      1      1
     5      1      1      1
     1      1      2      2
     2      1      2      2
     3      1      2      2
     4      1      2      2
     5      1      2      2
     1      1      3      3
     2      1      3      3
     3      1      3      3
     4      1      3      3
     5      1      3      3
     1      1      4      4
     2      1      4      4
     3      1      4      4
     4      1      4      4
     5      1      4      4
      3    -101       1    -101
      3    -101       2    -101
      3    -101       3    -101
      3    -101       4    -101
      3    -101       5    -101
      3    -101       6    -101
      3    -101       7    -101
      3    -101       8    -101
      3    -101       9    -101
      3    -101      10    -101
      3    -101      11    -101
      3    -101      12    -101
      3    -101      13    -101
      3    -101      14    -101
      3    -101      15    -101
      3    -101      16    -101
      3    -101      17    -101
      3    -101      18    -101
      3    -101      19    -101
      3    -101      20    -101
      3    -101      21    -101
      3    -101      22    -101
      3    -101      23    -101
      3    -101      24    -101
      3    -101      25    -101
      3    -101      26    -101
      3    -101      27    -101
      3    -101      28    -101
      2    -101      29    -101
      2    -101      30    -101
      2    -101      31    -101
      2    -101      32    -101
      2    -101      33    -101
      2    -101      34    -101
      2    -101      35    -101
      2    -101      36    -101
      2    -101      37    -101
      2    -101      38    -101
      2    -101      39    -101
      2    -101      40    -101
      2    -101      41    -101
      2    -101      42    -101
      2    -101      43    -101
      2    -101      44    -101
      2    -101      45    -101
      2    -101      46    -101
      2    -101      47    -101
      2    -101      48    -101
      2    -101      49    -101
      2    -101      50    -101
      2    -101      51    -101
      2    -101      52    -101
      2    -101      53    -101
      2    -101      54    -101
      2    -101      55    -101
      2    -101      56    -101
      5    -101      57    -101
      5    -101      58    -101
      5    -101      59    -101
      5    -101      60    -101
      5    -101      61    -101
      5    -101      62    -101
      5    -101      63    -101
      5    -101      64    -101
      5    -101      65    -101
      5    -101      66    -101
      5    -101      67    -101
      5    -101      68    -101
      5    -101      69    -101
      5    -101      70    -101
      5    -101      71    -101
      5    -101      72    -101
      5    -101      73    -101
      5    -101      74    -101
      5    -101      75    -101
      5    -101      76    -101
      5    -101      77    -101
      5    -101      78    -101
      5    -101      79    -101
      5    -101      80    -101
      5    -101      81    -101
      5    -101      82    -101
      5    -101      83    -101
      5    -101      84    -101
      4    -101      85    -101
      4    -101      86    -101
      4    -101      87    -101
      4    -101      88    -101
      4    -101      89    -101
      4    -101      90    -101
      4    -101      91    -101
      4    -101      92    -101
      4    -101      93    -101
      4    -101      94    -101
      4    -101      95    -101
      4    -101      96    -101
      4    -101      97    -101
      4    -101      98    -101
      4    -101      99    -101
      4    -101     100    -101
      4    -101     101    -101
      4    -101     102    -101
      4    -101     103    -101
      4    -101     104    -101
      4    -101     105    -101
      4    -101     106    -101
      4    -101     107    -101
      4    -101     108    -101
      4    -101     109    -101
      4    -101     110    -101
      4    -101     111    -101
      4    -101     112    -101
      1      -1       1      -1
      1      -1       2      -1
      1      -1       3      -1
      1      -1       4      -1
      1      -1       5      -1
      1      -1       6      -1
      1      -1       7      -1
      1      -1       8      -1
      1      -1       9      -1
      1      -1      10      -1
      1      -1      11      -1
      1      -1      12      -1
      1      -1      13      -1
      1      -1      14      -1
      1      -1      15      -1
      1      -1      16      -1
      1      -1      17      -1
      1      -1      18      -1
      1      -1      19      -1
      1      -1      20      -1
      1      -1      21      -1
      1      -1      22      -1
      1      -1      23      -1
      1      -1      24      -1
      1      -1      25      -1
      1      -1      26      -1
      1      -1      27      -1
      1      -1      28      -1
      1      -1      29      -1
      1      -1      30      -1
      1      -1      31      -1
      1      -1      32      -1
      1      -1      33      -1
      1      -1      34      -1
      1      -1      35      -1
      1      -1      36      -1
      1      -1      37      -1
      1      -1      38      -1
      1      -1      39      -1
      1      -1      40      -1
      1      -1      41      -1
      1      -1      42      -1
      1      -1      43      -1
      1      -1      44      -1
      1      -1      45      -1
      1      -1      46      -1
      1      -1      47      -1
      1      -1      48      -1
      1      -1      49      -1
      1      -1      50      -1
      1      -1      51      -1
      1      -1      52      -1
      1      -1      53      -1
      1      -1      54      -1
      1      -1      55      -1
      1      -1      56      -1
      1      -1      57      -1
      1      -1      58      -1
      1      -1      59      -1
      1      -1      60      -1
      1      -1      61      -1
      1      -1      62      -1
      1      -1      63      -1
      1      -1      64      -1
      1      -1      65      -1
      1      -1      66      -1
      1      -1      67      -1
      1      -1      68      -1
      1      -1      69      -1
      1      -1      70      -1
      1      -1      71      -1
      1      -1      72      -1
