# net shortwave on facets [W/m2] (including reflections and diffusive)
2.907106e+02
8.441129e+01
1.425767e+02
1.163933e+02
1.077278e+02
2.907106e+02
8.844566e+01
1.446354e+02
8.833290e+01
1.458839e+02
2.907106e+02
1.130298e+02
1.094740e+02
1.137486e+02
1.084588e+02
2.907106e+02
1.153508e+02
1.100554e+02
8.621070e+01
1.433179e+02
7.243033e+01
9.523827e+01
1.172347e+02
1.472738e+02
9.538586e+01
1.038225e+02
1.268141e+02
1.525727e+02
1.137539e+02
1.234531e+02
1.417388e+02
1.597464e+02
1.264087e+02
1.323827e+02
1.482027e+02
1.630124e+02
1.078148e+02
1.156987e+02
1.362171e+02
1.592612e+02
9.992029e+01
1.094183e+02
1.316809e+02
1.554666e+02
1.017493e+02
1.095574e+02
1.284689e+02
1.535947e+02
6.536261e+01
7.723679e+01
9.879774e+01
1.234611e+02
7.254784e+01
8.268861e+01
1.045937e+02
1.284375e+02
8.674983e+01
9.817789e+01
1.159718e+02
1.329899e+02
9.216595e+01
1.036622e+02
1.203073e+02
1.348501e+02
7.744689e+01
8.836273e+01
1.091005e+02
1.312517e+02
6.887153e+01
8.018604e+01
1.026378e+02
1.260376e+02
6.378432e+01
7.465331e+01
9.573315e+01
1.220363e+02
1.024507e+02
1.123246e+02
1.326321e+02
1.564124e+02
9.771198e+01
1.101570e+02
1.322310e+02
1.569960e+02
1.190196e+02
1.276062e+02
1.439028e+02
1.611506e+02
1.246855e+02
1.321488e+02
1.485528e+02
1.634877e+02
1.037625e+02
1.131296e+02
1.343774e+02
1.578485e+02
8.506626e+01
1.013432e+02
1.280126e+02
1.523734e+02
6.386055e+01
7.662361e+01
1.126945e+02
1.442957e+02
6.607783e+01
7.855452e+01
1.005440e+02
1.249909e+02
6.582394e+01
8.051097e+01
1.030446e+02
1.273247e+02
8.076407e+01
9.492168e+01
1.132294e+02
1.306852e+02
9.081138e+01
1.007262e+02
1.179347e+02
1.328835e+02
7.756195e+01
8.837885e+01
1.092675e+02
1.315482e+02
6.663867e+01
8.058165e+01
1.025224e+02
1.258888e+02
6.418249e+01
7.253652e+01
9.251868e+01
1.190975e+02
9.257174e+01
1.946157e+02
1.035438e+02
1.040504e+02
9.522464e+01
1.961243e+02
1.055547e+02
2.013663e+02
1.336678e+02
1.643935e+02
1.089573e+02
1.131079e+02
1.224239e+02
1.648843e+02
1.132489e+02
2.051683e+02
9.556645e+01
1.158374e+02
1.338842e+02
1.401754e+02
1.327425e+02
1.054962e+02
9.435468e+01
1.124990e+02
1.494698e+02
1.489683e+02
2.262865e+02
1.945446e+02
1.695033e+02
1.566510e+02
2.015861e+02
1.115071e+02
1.329345e+02
2.052108e+02
2.260939e+02
2.021427e+02
2.250972e+02
2.012328e+02
1.290548e+02
1.837491e+02
1.214608e+02
1.939937e+02
2.186357e+02
1.359234e+02
1.633085e+02
1.347245e+02
1.320828e+02
2.018106e+02
1.151260e+02
1.164155e+02
1.814444e+02
1.101112e+02
1.274763e+02
1.843268e+02
9.621696e+01
1.559839e+02
1.133746e+02
1.602438e+02
2.139262e+02
1.313040e+02
1.107531e+02
1.541443e+02
2.008674e+02
1.238928e+02
2.040989e+02
1.322675e+02
1.900387e+02
1.411893e+02
2.036290e+02
1.497935e+02
1.185436e+02
1.330260e+02
