# sky view factors
1.000000
0.181328
0.299816
0.302446
0.179676
1.000000
0.181542
0.298207
0.179676
0.304407
1.000000
0.300527
0.181327
0.298560
0.179676
1.000000
0.298561
0.181542
0.179676
0.299559
0.109564
0.172136
0.294940
0.443691
0.095533
0.157157
0.299160
0.455394
0.155496
0.227716
0.349077
0.464315
0.178869
0.250176
0.366313
0.467319
0.136589
0.204452
0.338943
0.482936
0.099563
0.165365
0.304233
0.452972
0.105689
0.154244
0.256686
0.411455
0.110525
0.174281
0.297192
0.445730
0.111072
0.173521
0.314790
0.468968
0.161025
0.234391
0.355269
0.469717
0.184503
0.256595
0.372921
0.473754
0.130137
0.197462
0.334103
0.479447
0.090617
0.156751
0.297051
0.447358
0.105430
0.154719
0.257553
0.412408
0.114426
0.178828
0.298165
0.445669
0.090707
0.177210
0.318230
0.472107
0.146233
0.240396
0.358183
0.471684
0.190725
0.254622
0.370178
0.470769
0.130610
0.196619
0.331800
0.476762
0.067062
0.161645
0.298836
0.447883
0.116647
0.153994
0.256633
0.411478
0.105508
0.170018
0.293791
0.443103
0.078554
0.168344
0.311071
0.466631
0.132041
0.224323
0.346409
0.462237
0.185297
0.248769
0.364373
0.465223
0.138953
0.207004
0.341387
0.485328
0.094958
0.180091
0.314566
0.461203
0.117390
0.154792
0.257426
0.412238
0.198298
0.328531
0.286817
0.201402
0.198458
0.327430
0.185167
0.365790
0.331112
0.202370
0.331036
0.242668
0.330012
0.202530
0.234772
0.400383
0.243534
0.275452
0.368404
0.393510
0.356224
0.223572
0.241796
0.245045
0.419510
0.410810
0.559371
0.430169
0.554235
0.469613
0.419196
0.242654
0.338004
0.411348
0.549943
0.564292
0.544631
0.411036
0.333898
0.365879
0.275405
0.364442
0.590787
0.352261
0.223525
0.362134
0.264179
0.469613
0.256312
0.248219
0.421259
0.238505
0.238123
0.374316
0.180374
0.468112
0.250557
0.244293
0.458150
0.401372
0.244546
0.241019
0.385270
0.372848
0.493826
0.403105
0.415485
0.538001
0.576350
0.424703
0.385357
0.322260
