# Initial facet tempereatures in radiative equilibrium
331.917328
316.138458
325.382080
323.059418
317.940399
331.917328
319.319458
326.842743
319.722137
327.022247
331.917328
321.138916
318.644226
321.795502
318.000641
331.917328
322.871643
319.482880
317.739929
325.953918
312.510590
315.735809
317.477295
319.767914
318.270477
318.348816
319.419006
320.667023
322.646851
322.538635
322.792694
323.285217
326.937317
325.227814
324.725616
324.661865
322.598755
321.923615
322.106750
322.704681
321.725677
321.745453
322.268738
322.846680
322.492401
322.465424
323.328827
323.886292
311.447113
313.014008
314.708130
316.143707
315.071655
315.768951
316.557495
317.320435
318.335785
318.927704
319.200653
319.452667
319.386200
320.096802
320.114532
320.102631
316.634491
317.317505
317.777252
318.247742
315.540009
316.475403
317.331268
317.990906
312.531128
314.250580
316.608276
318.010559
322.180450
322.175079
322.870453
323.383240
321.849670
321.689789
322.018127
322.616699
326.443634
324.370148
323.872833
323.958344
325.465332
324.747772
324.535034
324.557037
320.676361
320.695435
321.277161
322.076721
318.864532
318.886566
320.336334
321.337494
311.921661
313.982971
318.379364
320.656036
312.361755
313.983826
315.741364
317.043091
314.053650
314.938690
315.911499
316.836945
317.248199
317.901001
318.336395
318.734650
318.289337
318.898010
319.280914
319.510742
315.387177
315.952667
316.769562
317.538727
313.073273
314.149017
315.399139
316.485291
310.534149
312.111603
314.167816
315.983887
315.953247
332.568451
319.715698
316.847687
318.698730
334.065002
320.944611
333.831146
322.254669
327.223663
318.884033
318.190002
321.622650
327.915070
320.061768
332.866028
313.832825
317.130920
319.766327
320.991394
319.876709
315.927124
313.218353
318.303467
323.695404
324.142426
332.223938
329.956390
323.619202
323.504181
330.283661
317.717987
321.825897
332.491821
332.594452
328.397308
332.455200
330.624939
320.090637
330.418732
321.658264
331.709869
330.398071
322.454315
326.844238
321.041321
323.439911
330.990601
319.052185
321.285004
328.936554
318.016815
323.558014
330.385864
315.877472
323.680725
318.168182
328.748566
333.319122
320.488800
316.844421
325.406372
332.111877
318.670319
330.420288
320.515320
329.165039
319.361816
328.389740
323.763824
319.710205
323.463257
