# x-grid 
#      
  1.0000
  3.0000
  5.0000
  7.0000
  9.0000
 11.0000
 13.0000
 15.0000
 17.0000
 19.0000
 21.0000
 23.0000
 25.0000
 27.0000
 29.0000
 31.0000
 33.0000
 35.0000
 37.0000
 39.0000
 41.0000
 43.0000
 45.0000
 47.0000
 49.0000
 51.0000
 53.0000
 55.0000
 57.0000
 59.0000
 61.0000
 63.0000
 65.0000
 67.0000
 69.0000
 71.0000
 73.0000
 75.0000
 77.0000
 79.0000
 81.0000
 83.0000
 85.0000
 87.0000
 89.0000
 91.0000
 93.0000
 95.0000
 97.0000
 99.0000
101.0000
103.0000
105.0000
107.0000
109.0000
111.0000
113.0000
115.0000
117.0000
119.0000
121.0000
123.0000
125.0000
127.0000
