# SDBL flow 
# z thl qt u v tke                                          
1.000000000000000    288.000000   0.000000     0.000000     0.000000     0.000000    
3.000000000000000    288.000000   0.000000     0.031746     0.031746     0.000000    
5.000000000000000    288.000000   0.000000     0.063492     0.063492     0.000000    
7.000000000000000    288.000000   0.000000     0.095238     0.095238     0.000000    
9.000000000000000    288.000000   0.000000     0.126984     0.126984     0.000000    
11.000000000000000   288.000000   0.000000     0.158730     0.158730     0.000000    
13.000000000000000   288.000000   0.000000     0.190476     0.190476     0.000000    
15.000000000000000   288.000000   0.000000     0.222222     0.222222     0.000000    
17.000000000000000   288.000000   0.000000     0.253968     0.253968     0.000000    
19.000000000000000   288.000000   0.000000     0.285714     0.285714     0.000000    
21.000000000000000   288.000000   0.000000     0.317460     0.317460     0.000000    
23.000000000000000   288.000000   0.000000     0.349206     0.349206     0.000000    
25.000000000000000   288.000000   0.000000     0.380952     0.380952     0.000000    
27.000000000000000   288.000000   0.000000     0.412698     0.412698     0.000000    
29.000000000000000   288.000000   0.000000     0.444444     0.444444     0.000000    
31.000000000000000   288.000000   0.000000     0.476190     0.476190     0.000000    
33.000000000000000   288.000000   0.000000     0.507937     0.507937     0.000000    
35.000000000000000   288.000000   0.000000     0.539683     0.539683     0.000000    
37.000000000000000   288.000000   0.000000     0.571429     0.571429     0.000000    
39.000000000000000   288.000000   0.000000     0.603175     0.603175     0.000000    
41.000000000000000   288.000000   0.000000     0.634921     0.634921     0.000000    
43.000000000000000   288.000000   0.000000     0.666667     0.666667     0.000000    
45.000000000000000   288.000000   0.000000     0.698413     0.698413     0.000000    
47.000000000000000   288.000000   0.000000     0.730159     0.730159     0.000000    
49.000000000000000   288.000000   0.000000     0.761905     0.761905     0.000000    
51.000000000000000   288.000000   0.000000     0.793651     0.793651     0.000000    
53.000000000000000   288.000000   0.000000     0.825397     0.825397     0.000000    
55.000000000000000   288.000000   0.000000     0.857143     0.857143     0.000000    
57.000000000000000   288.000000   0.000000     0.888889     0.888889     0.000000    
59.000000000000000   288.000000   0.000000     0.920635     0.920635     0.000000    
61.000000000000000   288.000000   0.000000     0.952381     0.952381     0.000000    
63.000000000000000   288.000000   0.000000     0.984127     0.984127     0.000000    
65.000000000000000   288.000000   0.000000     1.015873     1.015873     0.000000    
67.000000000000000   288.000000   0.000000     1.047619     1.047619     0.000000    
69.000000000000000   288.000000   0.000000     1.079365     1.079365     0.000000    
71.000000000000000   288.000000   0.000000     1.111111     1.111111     0.000000    
73.000000000000000   288.000000   0.000000     1.142857     1.142857     0.000000    
75.000000000000000   288.000000   0.000000     1.174603     1.174603     0.000000    
77.000000000000000   288.000000   0.000000     1.206349     1.206349     0.000000    
79.000000000000000   288.000000   0.000000     1.238095     1.238095     0.000000    
81.000000000000000   288.000000   0.000000     1.269841     1.269841     0.000000    
83.000000000000000   288.000000   0.000000     1.301587     1.301587     0.000000    
85.000000000000000   288.000000   0.000000     1.333333     1.333333     0.000000    
87.000000000000000   288.000000   0.000000     1.365079     1.365079     0.000000    
89.000000000000000   288.000000   0.000000     1.396825     1.396825     0.000000    
91.000000000000000   288.000000   0.000000     1.428571     1.428571     0.000000    
93.000000000000000   288.000000   0.000000     1.460317     1.460317     0.000000    
95.000000000000000   288.000000   0.000000     1.492063     1.492063     0.000000    
97.000000000000000   288.000000   0.000000     1.523810     1.523810     0.000000    
99.000000000000000   288.000000   0.000000     1.555556     1.555556     0.000000    
101.000000000000000  288.000000   0.000000     1.587302     1.587302     0.000000    
103.000000000000000  288.000000   0.000000     1.619048     1.619048     0.000000    
105.000000000000000  288.000000   0.000000     1.650794     1.650794     0.000000    
107.000000000000000  288.000000   0.000000     1.682540     1.682540     0.000000    
109.000000000000000  288.000000   0.000000     1.714286     1.714286     0.000000    
111.000000000000000  288.000000   0.000000     1.746032     1.746032     0.000000    
113.000000000000000  288.000000   0.000000     1.777778     1.777778     0.000000    
115.000000000000000  288.000000   0.000000     1.809524     1.809524     0.000000    
117.000000000000000  288.000000   0.000000     1.841270     1.841270     0.000000    
119.000000000000000  288.000000   0.000000     1.873016     1.873016     0.000000    
121.000000000000000  288.000000   0.000000     1.904762     1.904762     0.000000    
123.000000000000000  288.000000   0.000000     1.936508     1.936508     0.000000    
125.000000000000000  288.000000   0.000000     1.968254     1.968254     0.000000    
127.000000000000000  288.000000   0.000000     2.000000     2.000000     0.000000    
