'#'   'large scale forcings'
'#'   'ug'    'vg'    'wfls'  'dqdxls'        'dqdyls'        'dqdtls'        'dthlrad'
1.5625 8 0 0 0 0 0 0
4.6875 8 0 0 0 0 0 0
7.8125 8 0 0 0 0 0 0
10.9375 8 0 0 0 0 0 0
14.0625 8 0 0 0 0 0 0
17.1875 8 0 0 0 0 0 0
20.3125 8 0 0 0 0 0 0
23.4375 8 0 0 0 0 0 0
26.5625 8 0 0 0 0 0 0
29.6875 8 0 0 0 0 0 0
32.8125 8 0 0 0 0 0 0
35.9375 8 0 0 0 0 0 0
39.0625 8 0 0 0 0 0 0
42.1875 8 0 0 0 0 0 0
45.3125 8 0 0 0 0 0 0
48.4375 8 0 0 0 0 0 0
51.5625 8 0 0 0 0 0 0
54.6875 8 0 0 0 0 0 0
57.8125 8 0 0 0 0 0 0
60.9375 8 0 0 0 0 0 0
64.0625 8 0 0 0 0 0 0
67.1875 8 0 0 0 0 0 0
70.3125 8 0 0 0 0 0 0
73.4375 8 0 0 0 0 0 0
76.5625 8 0 0 0 0 0 0
79.6875 8 0 0 0 0 0 0
82.8125 8 0 0 0 0 0 0
85.9375 8 0 0 0 0 0 0
89.0625 8 0 0 0 0 0 0
92.1875 8 0 0 0 0 0 0
95.3125 8 0 0 0 0 0 0
98.4375 8 0 0 0 0 0 0
101.562 8 0 0 0 0 0 0
104.688 8 0 0 0 0 0 0
107.812 8 0 0 0 0 0 0
110.938 8 0 0 0 0 0 0
114.062 8 0 0 0 0 0 0
117.188 8 0 0 0 0 0 0
120.312 8 0 0 0 0 0 0
123.438 8 0 0 0 0 0 0
126.562 8 0 0 0 0 0 0
129.688 8 0 0 0 0 0 0
132.812 8 0 0 0 0 0 0
135.938 8 0 0 0 0 0 0
139.062 8 0 0 0 0 0 0
142.188 8 0 0 0 0 0 0
145.312 8 0 0 0 0 0 0
148.438 8 0 0 0 0 0 0
151.562 8 0 0 0 0 0 0
154.688 8 0 0 0 0 0 0
157.812 8 0 0 0 0 0 0
160.938 8 0 0 0 0 0 0
164.062 8 0 0 0 0 0 0
167.188 8 0 0 0 0 0 0
170.312 8 0 0 0 0 0 0
173.438 8 0 0 0 0 0 0
176.562 8 0 0 0 0 0 0
179.688 8 0 0 0 0 0 0
182.812 8 0 0 0 0 0 0
185.938 8 0 0 0 0 0 0
189.062 8 0 0 0 0 0 0
192.188 8 0 0 0 0 0 0
195.312 8 0 0 0 0 0 0
198.438 8 0 0 0 0 0 0
201.562 8 0 0 0 0 0 0
204.688 8 0 0 0 0 0 0
207.812 8 0 0 0 0 0 0
210.938 8 0 0 0 0 0 0
214.062 8 0 0 0 0 0 0
217.188 8 0 0 0 0 0 0
220.312 8 0 0 0 0 0 0
223.438 8 0 0 0 0 0 0
226.562 8 0 0 0 0 0 0
229.688 8 0 0 0 0 0 0
232.812 8 0 0 0 0 0 0
235.938 8 0 0 0 0 0 0
239.062 8 0 0 0 0 0 0
242.188 8 0 0 0 0 0 0
245.312 8 0 0 0 0 0 0
248.438 8 0 0 0 0 0 0
251.562 8 0 0 0 0 0 0
254.688 8 0 0 0 0 0 0
257.812 8 0 0 0 0 0 0
260.938 8 0 0 0 0 0 0
264.062 8 0 0 0 0 0 0
267.188 8 0 0 0 0 0 0
270.312 8 0 0 0 0 0 0
273.438 8 0 0 0 0 0 0
276.562 8 0 0 0 0 0 0
279.688 8 0 0 0 0 0 0
282.812 8 0 0 0 0 0 0
285.938 8 0 0 0 0 0 0
289.062 8 0 0 0 0 0 0
292.188 8 0 0 0 0 0 0
295.312 8 0 0 0 0 0 0
298.438 8 0 0 0 0 0 0
301.562 8 0 0 0 0 0 0
304.688 8 0 0 0 0 0 0
307.812 8 0 0 0 0 0 0
310.938 8 0 0 0 0 0 0
314.062 8 0 0 0 0 0 0
317.188 8 0 0 0 0 0 0
320.312 8 0 0 0 0 0 0
323.438 8 0 0 0 0 0 0
326.562 8 0 0 0 0 0 0
329.688 8 0 0 0 0 0 0
332.812 8 0 0 0 0 0 0
335.938 8 0 0 0 0 0 0
339.062 8 0 0 0 0 0 0
342.188 8 0 0 0 0 0 0
345.312 8 0 0 0 0 0 0
348.438 8 0 0 0 0 0 0
351.562 8 0 0 0 0 0 0
354.688 8 0 0 0 0 0 0
357.812 8 0 0 0 0 0 0
360.938 8 0 0 0 0 0 0
364.062 8 0 0 0 0 0 0
367.188 8 0 0 0 0 0 0
370.312 8 0 0 0 0 0 0
373.438 8 0 0 0 0 0 0
376.562 8 0 0 0 0 0 0
379.688 8 0 0 0 0 0 0
382.812 8 0 0 0 0 0 0
385.938 8 0 0 0 0 0 0
389.062 8 0 0 0 0 0 0
392.188 8 0 0 0 0 0 0
395.312 8 0 0 0 0 0 0
398.438 8 0 0 0 0 0 0
