# profile 
# zf         thl        qt          u          v          tke
1.5625000000e+00 2.6500000000e+02 0.0 8.0000000000e+00 0.0 3.9254677734e-01
4.6875000000e+00 2.6500000000e+02 0.0 8.0000000000e+00 0.0 3.7791923828e-01
7.8125000000e+00 2.6500000000e+02 0.0 8.0000000000e+00 0.0 3.6365966797e-01
1.0937500000e+01 2.6500000000e+02 0.0 8.0000000000e+00 0.0 3.4976337891e-01
1.4062500000e+01 2.6500000000e+02 0.0 8.0000000000e+00 0.0 3.3622568359e-01
1.7187500000e+01 2.6500000000e+02 0.0 8.0000000000e+00 0.0 3.2304189453e-01
2.0312500000e+01 2.6500000000e+02 0.0 8.0000000000e+00 0.0 3.1020732422e-01
2.3437500000e+01 2.6500000000e+02 0.0 8.0000000000e+00 0.0 2.9771728516e-01
2.6562500000e+01 2.6500000000e+02 0.0 8.0000000000e+00 0.0 2.8556708984e-01
2.9687500000e+01 2.6500000000e+02 0.0 8.0000000000e+00 0.0 2.7375205078e-01
3.2812500000e+01 2.6500000000e+02 0.0 8.0000000000e+00 0.0 2.6226748047e-01
3.5937500000e+01 2.6500000000e+02 0.0 8.0000000000e+00 0.0 2.5110869141e-01
3.9062500000e+01 2.6500000000e+02 0.0 8.0000000000e+00 0.0 2.4027099609e-01
4.2187500000e+01 2.6500000000e+02 0.0 8.0000000000e+00 0.0 2.2974970703e-01
4.5312500000e+01 2.6500000000e+02 0.0 8.0000000000e+00 0.0 2.1954013672e-01
4.8437500000e+01 2.6500000000e+02 0.0 8.0000000000e+00 0.0 2.0963759766e-01
5.1562500000e+01 2.6500000000e+02 0.0 8.0000000000e+00 0.0 2.0003740234e-01
5.4687500000e+01 2.6500000000e+02 0.0 8.0000000000e+00 0.0 1.9073486328e-01
5.7812500000e+01 2.6500000000e+02 0.0 8.0000000000e+00 0.0 1.8172529297e-01
6.0937500000e+01 2.6500000000e+02 0.0 8.0000000000e+00 0.0 1.7300400391e-01
6.4062500000e+01 2.6500000000e+02 0.0 8.0000000000e+00 0.0 1.6456630859e-01
6.7187500000e+01 2.6500000000e+02 0.0 8.0000000000e+00 0.0 1.5640751953e-01
7.0312500000e+01 2.6500000000e+02 0.0 8.0000000000e+00 0.0 1.4852294922e-01
7.3437500000e+01 2.6500000000e+02 0.0 8.0000000000e+00 0.0 1.4090791016e-01
7.6562500000e+01 2.6500000000e+02 0.0 8.0000000000e+00 0.0 1.3355771484e-01
7.9687500000e+01 2.6500000000e+02 0.0 8.0000000000e+00 0.0 1.2646767578e-01
8.2812500000e+01 2.6500000000e+02 0.0 8.0000000000e+00 0.0 1.1963310547e-01
8.5937500000e+01 2.6500000000e+02 0.0 8.0000000000e+00 0.0 1.1304931641e-01
8.9062500000e+01 2.6500000000e+02 0.0 8.0000000000e+00 0.0 1.0671162109e-01
9.2187500000e+01 2.6500000000e+02 0.0 8.0000000000e+00 0.0 1.0061533203e-01
9.5312500000e+01 2.6500000000e+02 0.0 8.0000000000e+00 0.0 9.4755761719e-02
9.8437500000e+01 2.6500000000e+02 0.0 8.0000000000e+00 0.0 8.9128222656e-02
1.0156250000e+02 2.6501562500e+02 0.0 8.0000000000e+00 0.0 8.3728027344e-02
1.0468750000e+02 2.6504687500e+02 0.0 8.0000000000e+00 0.0 7.8550488281e-02
1.0781250000e+02 2.6507812500e+02 0.0 8.0000000000e+00 0.0 7.3590917969e-02
1.1093750000e+02 2.6510937500e+02 0.0 8.0000000000e+00 0.0 6.8844628906e-02
1.1406250000e+02 2.6514062500e+02 0.0 8.0000000000e+00 0.0 6.4306933594e-02
1.1718750000e+02 2.6517187500e+02 0.0 8.0000000000e+00 0.0 5.9973144531e-02
1.2031250000e+02 2.6520312500e+02 0.0 8.0000000000e+00 0.0 5.5838574219e-02
1.2343750000e+02 2.6523437500e+02 0.0 8.0000000000e+00 0.0 5.1898535156e-02
1.2656250000e+02 2.6526562500e+02 0.0 8.0000000000e+00 0.0 4.8148339844e-02
1.2968750000e+02 2.6529687500e+02 0.0 8.0000000000e+00 0.0 4.4583300781e-02
1.3281250000e+02 2.6532812500e+02 0.0 8.0000000000e+00 0.0 4.1198730469e-02
1.3593750000e+02 2.6535937500e+02 0.0 8.0000000000e+00 0.0 3.7989941406e-02
1.3906250000e+02 2.6539062500e+02 0.0 8.0000000000e+00 0.0 3.4952246094e-02
1.4218750000e+02 2.6542187500e+02 0.0 8.0000000000e+00 0.0 3.2080957031e-02
1.4531250000e+02 2.6545312500e+02 0.0 8.0000000000e+00 0.0 2.9371386719e-02
1.4843750000e+02 2.6548437500e+02 0.0 8.0000000000e+00 0.0 2.6818847656e-02
1.5156250000e+02 2.6551562500e+02 0.0 8.0000000000e+00 0.0 2.4418652344e-02
1.5468750000e+02 2.6554687500e+02 0.0 8.0000000000e+00 0.0 2.2166113281e-02
1.5781250000e+02 2.6557812500e+02 0.0 8.0000000000e+00 0.0 2.0056542969e-02
1.6093750000e+02 2.6560937500e+02 0.0 8.0000000000e+00 0.0 1.8085253906e-02
1.6406250000e+02 2.6564062500e+02 0.0 8.0000000000e+00 0.0 1.6247558594e-02
1.6718750000e+02 2.6567187500e+02 0.0 8.0000000000e+00 0.0 1.4538769531e-02
1.7031250000e+02 2.6570312500e+02 0.0 8.0000000000e+00 0.0 1.2954199219e-02
1.7343750000e+02 2.6573437500e+02 0.0 8.0000000000e+00 0.0 1.1489160156e-02
1.7656250000e+02 2.6576562500e+02 0.0 8.0000000000e+00 0.0 1.0138964844e-02
1.7968750000e+02 2.6579687500e+02 0.0 8.0000000000e+00 0.0 8.8989257813e-03
1.8281250000e+02 2.6582812500e+02 0.0 8.0000000000e+00 0.0 7.7643554688e-03
1.8593750000e+02 2.6585937500e+02 0.0 8.0000000000e+00 0.0 6.7305664062e-03
1.8906250000e+02 2.6589062500e+02 0.0 8.0000000000e+00 0.0 5.7928710938e-03
1.9218750000e+02 2.6592187500e+02 0.0 8.0000000000e+00 0.0 4.9465820312e-03
1.9531250000e+02 2.6595312500e+02 0.0 8.0000000000e+00 0.0 4.1870117188e-03
1.9843750000e+02 2.6598437500e+02 0.0 8.0000000000e+00 0.0 3.5094726563e-03
2.0156250000e+02 2.6601562500e+02 0.0 8.0000000000e+00 0.0 2.9092773437e-03
2.0468750000e+02 2.6604687500e+02 0.0 8.0000000000e+00 0.0 2.3817382813e-03
2.0781250000e+02 2.6607812500e+02 0.0 8.0000000000e+00 0.0 1.9221679687e-03
2.1093750000e+02 2.6610937500e+02 0.0 8.0000000000e+00 0.0 1.5258789062e-03
2.1406250000e+02 2.6614062500e+02 0.0 8.0000000000e+00 0.0 1.1881835938e-03
2.1718750000e+02 2.6617187500e+02 0.0 8.0000000000e+00 0.0 9.0439453125e-04
2.2031250000e+02 2.6620312500e+02 0.0 8.0000000000e+00 0.0 6.6982421875e-04
2.2343750000e+02 2.6623437500e+02 0.0 8.0000000000e+00 0.0 4.7978515625e-04
2.2656250000e+02 2.6626562500e+02 0.0 8.0000000000e+00 0.0 3.2958984375e-04
2.2968750000e+02 2.6629687500e+02 0.0 8.0000000000e+00 0.0 2.1455078125e-04
2.3281250000e+02 2.6632812500e+02 0.0 8.0000000000e+00 0.0 1.2998046875e-04
2.3593750000e+02 2.6635937500e+02 0.0 8.0000000000e+00 0.0 7.1191406250e-05
2.3906250000e+02 2.6639062500e+02 0.0 8.0000000000e+00 0.0 3.3496093750e-05
2.4218750000e+02 2.6642187500e+02 0.0 8.0000000000e+00 0.0 1.2207031250e-05
2.4531250000e+02 2.6645312500e+02 0.0 8.0000000000e+00 0.0 2.6367187500e-06
2.4843750000e+02 2.6648437500e+02 0.0 8.0000000000e+00 0.0 9.7656250000e-08
2.5156250000e+02 2.6651562500e+02 0.0 8.0000000000e+00 0.0 0.0
2.5468750000e+02 2.6654687500e+02 0.0 8.0000000000e+00 0.0 0.0
2.5781250000e+02 2.6657812500e+02 0.0 8.0000000000e+00 0.0 0.0
2.6093750000e+02 2.6660937500e+02 0.0 8.0000000000e+00 0.0 0.0
2.6406250000e+02 2.6664062500e+02 0.0 8.0000000000e+00 0.0 0.0
2.6718750000e+02 2.6667187500e+02 0.0 8.0000000000e+00 0.0 0.0
2.7031250000e+02 2.6670312500e+02 0.0 8.0000000000e+00 0.0 0.0
2.7343750000e+02 2.6673437500e+02 0.0 8.0000000000e+00 0.0 0.0
2.7656250000e+02 2.6676562500e+02 0.0 8.0000000000e+00 0.0 0.0
2.7968750000e+02 2.6679687500e+02 0.0 8.0000000000e+00 0.0 0.0
2.8281250000e+02 2.6682812500e+02 0.0 8.0000000000e+00 0.0 0.0
2.8593750000e+02 2.6685937500e+02 0.0 8.0000000000e+00 0.0 0.0
2.8906250000e+02 2.6689062500e+02 0.0 8.0000000000e+00 0.0 0.0
2.9218750000e+02 2.6692187500e+02 0.0 8.0000000000e+00 0.0 0.0
2.9531250000e+02 2.6695312500e+02 0.0 8.0000000000e+00 0.0 0.0
2.9843750000e+02 2.6698437500e+02 0.0 8.0000000000e+00 0.0 0.0
3.0156250000e+02 2.6701562500e+02 0.0 8.0000000000e+00 0.0 0.0
3.0468750000e+02 2.6704687500e+02 0.0 8.0000000000e+00 0.0 0.0
3.0781250000e+02 2.6707812500e+02 0.0 8.0000000000e+00 0.0 0.0
3.1093750000e+02 2.6710937500e+02 0.0 8.0000000000e+00 0.0 0.0
3.1406250000e+02 2.6714062500e+02 0.0 8.0000000000e+00 0.0 0.0
3.1718750000e+02 2.6717187500e+02 0.0 8.0000000000e+00 0.0 0.0
3.2031250000e+02 2.6720312500e+02 0.0 8.0000000000e+00 0.0 0.0
3.2343750000e+02 2.6723437500e+02 0.0 8.0000000000e+00 0.0 0.0
3.2656250000e+02 2.6726562500e+02 0.0 8.0000000000e+00 0.0 0.0
3.2968750000e+02 2.6729687500e+02 0.0 8.0000000000e+00 0.0 0.0
3.3281250000e+02 2.6732812500e+02 0.0 8.0000000000e+00 0.0 0.0
3.3593750000e+02 2.6735937500e+02 0.0 8.0000000000e+00 0.0 0.0
3.3906250000e+02 2.6739062500e+02 0.0 8.0000000000e+00 0.0 0.0
3.4218750000e+02 2.6742187500e+02 0.0 8.0000000000e+00 0.0 0.0
3.4531250000e+02 2.6745312500e+02 0.0 8.0000000000e+00 0.0 0.0
3.4843750000e+02 2.6748437500e+02 0.0 8.0000000000e+00 0.0 0.0
3.5156250000e+02 2.6751562500e+02 0.0 8.0000000000e+00 0.0 0.0
3.5468750000e+02 2.6754687500e+02 0.0 8.0000000000e+00 0.0 0.0
3.5781250000e+02 2.6757812500e+02 0.0 8.0000000000e+00 0.0 0.0
3.6093750000e+02 2.6760937500e+02 0.0 8.0000000000e+00 0.0 0.0
3.6406250000e+02 2.6764062500e+02 0.0 8.0000000000e+00 0.0 0.0
3.6718750000e+02 2.6767187500e+02 0.0 8.0000000000e+00 0.0 0.0
3.7031250000e+02 2.6770312500e+02 0.0 8.0000000000e+00 0.0 0.0
3.7343750000e+02 2.6773437500e+02 0.0 8.0000000000e+00 0.0 0.0
3.7656250000e+02 2.6776562500e+02 0.0 8.0000000000e+00 0.0 0.0
3.7968750000e+02 2.6779687500e+02 0.0 8.0000000000e+00 0.0 0.0
3.8281250000e+02 2.6782812500e+02 0.0 8.0000000000e+00 0.0 0.0
3.8593750000e+02 2.6785937500e+02 0.0 8.0000000000e+00 0.0 0.0
3.8906250000e+02 2.6789062500e+02 0.0 8.0000000000e+00 0.0 0.0
3.9218750000e+02 2.6792187500e+02 0.0 8.0000000000e+00 0.0 0.0
3.9531250000e+02 2.6795312500e+02 0.0 8.0000000000e+00 0.0 0.0
3.9843750000e+02 2.6798437500e+02 0.0 8.0000000000e+00 0.0 0.0
