# scalar 
# zf         sv1        sv2         sv3        sv4 
1.5625000000e+00 0.0 0.0 0.0 0.0 0.0
4.6875000000e+00 0.0 0.0 0.0 0.0 0.0
7.8125000000e+00 0.0 0.0 0.0 0.0 0.0
1.0937500000e+01 0.0 0.0 0.0 0.0 0.0
1.4062500000e+01 0.0 0.0 0.0 0.0 0.0
1.7187500000e+01 0.0 0.0 0.0 0.0 0.0
2.0312500000e+01 0.0 0.0 0.0 0.0 0.0
2.3437500000e+01 0.0 0.0 0.0 0.0 0.0
2.6562500000e+01 0.0 0.0 0.0 0.0 0.0
2.9687500000e+01 0.0 0.0 0.0 0.0 0.0
3.2812500000e+01 0.0 0.0 0.0 0.0 0.0
3.5937500000e+01 0.0 0.0 0.0 0.0 0.0
3.9062500000e+01 0.0 0.0 0.0 0.0 0.0
4.2187500000e+01 0.0 0.0 0.0 0.0 0.0
4.5312500000e+01 0.0 0.0 0.0 0.0 0.0
4.8437500000e+01 0.0 0.0 0.0 0.0 0.0
5.1562500000e+01 0.0 0.0 0.0 0.0 0.0
5.4687500000e+01 0.0 0.0 0.0 0.0 0.0
5.7812500000e+01 0.0 0.0 0.0 0.0 0.0
6.0937500000e+01 0.0 0.0 0.0 0.0 0.0
6.4062500000e+01 0.0 0.0 0.0 0.0 0.0
6.7187500000e+01 0.0 0.0 0.0 0.0 0.0
7.0312500000e+01 0.0 0.0 0.0 0.0 0.0
7.3437500000e+01 0.0 0.0 0.0 0.0 0.0
7.6562500000e+01 0.0 0.0 0.0 0.0 0.0
7.9687500000e+01 0.0 0.0 0.0 0.0 0.0
8.2812500000e+01 0.0 0.0 0.0 0.0 0.0
8.5937500000e+01 0.0 0.0 0.0 0.0 0.0
8.9062500000e+01 0.0 0.0 0.0 0.0 0.0
9.2187500000e+01 0.0 0.0 0.0 0.0 0.0
9.5312500000e+01 0.0 0.0 0.0 0.0 0.0
9.8437500000e+01 0.0 0.0 0.0 0.0 0.0
1.0156250000e+02 0.0 0.0 0.0 0.0 0.0
1.0468750000e+02 0.0 0.0 0.0 0.0 0.0
1.0781250000e+02 0.0 0.0 0.0 0.0 0.0
1.1093750000e+02 0.0 0.0 0.0 0.0 0.0
1.1406250000e+02 0.0 0.0 0.0 0.0 0.0
1.1718750000e+02 0.0 0.0 0.0 0.0 0.0
1.2031250000e+02 0.0 0.0 0.0 0.0 0.0
1.2343750000e+02 0.0 0.0 0.0 0.0 0.0
1.2656250000e+02 0.0 0.0 0.0 0.0 0.0
1.2968750000e+02 0.0 0.0 0.0 0.0 0.0
1.3281250000e+02 0.0 0.0 0.0 0.0 0.0
1.3593750000e+02 0.0 0.0 0.0 0.0 0.0
1.3906250000e+02 0.0 0.0 0.0 0.0 0.0
1.4218750000e+02 0.0 0.0 0.0 0.0 0.0
1.4531250000e+02 0.0 0.0 0.0 0.0 0.0
1.4843750000e+02 0.0 0.0 0.0 0.0 0.0
1.5156250000e+02 0.0 0.0 0.0 0.0 0.0
1.5468750000e+02 0.0 0.0 0.0 0.0 0.0
1.5781250000e+02 0.0 0.0 0.0 0.0 0.0
1.6093750000e+02 0.0 0.0 0.0 0.0 0.0
1.6406250000e+02 0.0 0.0 0.0 0.0 0.0
1.6718750000e+02 0.0 0.0 0.0 0.0 0.0
1.7031250000e+02 0.0 0.0 0.0 0.0 0.0
1.7343750000e+02 0.0 0.0 0.0 0.0 0.0
1.7656250000e+02 0.0 0.0 0.0 0.0 0.0
1.7968750000e+02 0.0 0.0 0.0 0.0 0.0
1.8281250000e+02 0.0 0.0 0.0 0.0 0.0
1.8593750000e+02 0.0 0.0 0.0 0.0 0.0
1.8906250000e+02 0.0 0.0 0.0 0.0 0.0
1.9218750000e+02 0.0 0.0 0.0 0.0 0.0
1.9531250000e+02 0.0 0.0 0.0 0.0 0.0
1.9843750000e+02 0.0 0.0 0.0 0.0 0.0
2.0156250000e+02 0.0 0.0 0.0 0.0 0.0
2.0468750000e+02 0.0 0.0 0.0 0.0 0.0
2.0781250000e+02 0.0 0.0 0.0 0.0 0.0
2.1093750000e+02 0.0 0.0 0.0 0.0 0.0
2.1406250000e+02 0.0 0.0 0.0 0.0 0.0
2.1718750000e+02 0.0 0.0 0.0 0.0 0.0
2.2031250000e+02 0.0 0.0 0.0 0.0 0.0
2.2343750000e+02 0.0 0.0 0.0 0.0 0.0
2.2656250000e+02 0.0 0.0 0.0 0.0 0.0
2.2968750000e+02 0.0 0.0 0.0 0.0 0.0
2.3281250000e+02 0.0 0.0 0.0 0.0 0.0
2.3593750000e+02 0.0 0.0 0.0 0.0 0.0
2.3906250000e+02 0.0 0.0 0.0 0.0 0.0
2.4218750000e+02 0.0 0.0 0.0 0.0 0.0
2.4531250000e+02 0.0 0.0 0.0 0.0 0.0
2.4843750000e+02 0.0 0.0 0.0 0.0 0.0
2.5156250000e+02 0.0 0.0 0.0 0.0 0.0
2.5468750000e+02 0.0 0.0 0.0 0.0 0.0
2.5781250000e+02 0.0 0.0 0.0 0.0 0.0
2.6093750000e+02 0.0 0.0 0.0 0.0 0.0
2.6406250000e+02 0.0 0.0 0.0 0.0 0.0
2.6718750000e+02 0.0 0.0 0.0 0.0 0.0
2.7031250000e+02 0.0 0.0 0.0 0.0 0.0
2.7343750000e+02 0.0 0.0 0.0 0.0 0.0
2.7656250000e+02 0.0 0.0 0.0 0.0 0.0
2.7968750000e+02 0.0 0.0 0.0 0.0 0.0
2.8281250000e+02 0.0 0.0 0.0 0.0 0.0
2.8593750000e+02 0.0 0.0 0.0 0.0 0.0
2.8906250000e+02 0.0 0.0 0.0 0.0 0.0
2.9218750000e+02 0.0 0.0 0.0 0.0 0.0
2.9531250000e+02 0.0 0.0 0.0 0.0 0.0
2.9843750000e+02 0.0 0.0 0.0 0.0 0.0
3.0156250000e+02 0.0 0.0 0.0 0.0 0.0
3.0468750000e+02 0.0 0.0 0.0 0.0 0.0
3.0781250000e+02 0.0 0.0 0.0 0.0 0.0
3.1093750000e+02 0.0 0.0 0.0 0.0 0.0
3.1406250000e+02 0.0 0.0 0.0 0.0 0.0
3.1718750000e+02 0.0 0.0 0.0 0.0 0.0
3.2031250000e+02 0.0 0.0 0.0 0.0 0.0
3.2343750000e+02 0.0 0.0 0.0 0.0 0.0
3.2656250000e+02 0.0 0.0 0.0 0.0 0.0
3.2968750000e+02 0.0 0.0 0.0 0.0 0.0
3.3281250000e+02 0.0 0.0 0.0 0.0 0.0
3.3593750000e+02 0.0 0.0 0.0 0.0 0.0
3.3906250000e+02 0.0 0.0 0.0 0.0 0.0
3.4218750000e+02 0.0 0.0 0.0 0.0 0.0
3.4531250000e+02 0.0 0.0 0.0 0.0 0.0
3.4843750000e+02 0.0 0.0 0.0 0.0 0.0
3.5156250000e+02 0.0 0.0 0.0 0.0 0.0
3.5468750000e+02 0.0 0.0 0.0 0.0 0.0
3.5781250000e+02 0.0 0.0 0.0 0.0 0.0
3.6093750000e+02 0.0 0.0 0.0 0.0 0.0
3.6406250000e+02 0.0 0.0 0.0 0.0 0.0
3.6718750000e+02 0.0 0.0 0.0 0.0 0.0
3.7031250000e+02 0.0 0.0 0.0 0.0 0.0
3.7343750000e+02 0.0 0.0 0.0 0.0 0.0
3.7656250000e+02 0.0 0.0 0.0 0.0 0.0
3.7968750000e+02 0.0 0.0 0.0 0.0 0.0
3.8281250000e+02 0.0 0.0 0.0 0.0 0.0
3.8593750000e+02 0.0 0.0 0.0 0.0 0.0
3.8906250000e+02 0.0 0.0 0.0 0.0 0.0
3.9218750000e+02 0.0 0.0 0.0 0.0 0.0
3.9531250000e+02 0.0 0.0 0.0 0.0 0.0
3.9843750000e+02 0.0 0.0 0.0 0.0 0.0
