# Block data
#  il	   iu	   jl	   ju	   kl	   ku	 dtop	 dwest	 deast	 dnor	 dsou
   4	  15	   4	   8	   1	  13	   1	   2	   3	   4	   5
   4	  15	  15	  28	   1	  14	   6	   7	   8	   9	  10
   4	  31	  36	  56	   1	   4	  11	  12	  13	  14	  15
   4	  15	  64	  68	   1	  13	  16	  17	  18	  19	  20
   4	  15	  75	  88	   1	  14	  21	  22	  23	  24	  25
   4	  31	  96	 116	   1	   4	  26	  27	  28	  29	  30
  22	  31	   4	   8	   1	  13	  31	  32	  33	  34	  35
  22	  31	  15	  28	   1	  20	  36	  37	  38	  39	  40
  22	  31	  64	  68	   1	  13	  41	  42	  43	  44	  45
  22	  31	  75	  88	   1	  20	  46	  47	  48	  49	  50
  39	  43	   4	  16	   1	  17	  51	  52	  53	  54	  55
  39	  43	  23	  28	   1	  22	  56	  57	  58	  59	  60
  39	  57	  36	  56	   1	  15	  61	  62	  63	  64	  65
  39	  43	  64	  76	   1	  17	  66	  67	  68	  69	  70
  39	  43	  83	  88	   1	  22	  71	  72	  73	  74	  75
  39	  57	  96	 116	   1	  15	  76	  77	  78	  79	  80
  50	  57	   4	  16	   1	  12	  81	  82	  83	  84	  85
  50	  57	  23	  28	   1	  15	  86	  87	  88	  89	  90
  50	  57	  64	  76	   1	  12	  91	  92	  93	  94	  95
  50	  57	  83	  88	   1	  15	  96	  97	  98	  99	 100
  64	  75	   4	   8	   1	  13	 101	 102	 103	 104	 105
  64	  75	  15	  28	   1	  14	 106	 107	 108	 109	 110
  64	  91	  36	  56	   1	   4	 111	 112	 113	 114	 115
  64	  75	  64	  68	   1	  13	 116	 117	 118	 119	 120
  64	  75	  75	  88	   1	  14	 121	 122	 123	 124	 125
  64	  91	  96	 116	   1	   4	 126	 127	 128	 129	 130
  82	  91	   4	   8	   1	  13	 131	 132	 133	 134	 135
  82	  91	  15	  28	   1	  20	 136	 137	 138	 139	 140
  82	  91	  64	  68	   1	  13	 141	 142	 143	 144	 145
  82	  91	  75	  88	   1	  20	 146	 147	 148	 149	 150
  99	 103	   4	  16	   1	  17	 151	 152	 153	 154	 155
  99	 103	  23	  28	   1	  22	 156	 157	 158	 159	 160
  99	 117	  36	  56	   1	  15	 161	 162	 163	 164	 165
  99	 103	  64	  76	   1	  17	 166	 167	 168	 169	 170
  99	 103	  83	  88	   1	  22	 171	 172	 173	 174	 175
  99	 117	  96	 116	   1	  15	 176	 177	 178	 179	 180
 110	 117	   4	  16	   1	  12	 181	 182	 183	 184	 185
 110	 117	  23	  28	   1	  15	 186	 187	 188	 189	 190
 110	 117	  64	  76	   1	  12	 191	 192	 193	 194	 195
 110	 117	  83	  88	   1	  15	 196	 197	 198	 199	 200
 124	 135	   4	   8	   1	  13	 201	 202	 203	 204	 205
 124	 135	  15	  28	   1	  14	 206	 207	 208	 209	 210
 124	 151	  36	  56	   1	   4	 211	 212	 213	 214	 215
 124	 135	  64	  68	   1	  13	 216	 217	 218	 219	 220
 124	 135	  75	  88	   1	  14	 221	 222	 223	 224	 225
 124	 151	  96	 116	   1	   4	 226	 227	 228	 229	 230
 142	 151	   4	   8	   1	  13	 231	 232	 233	 234	 235
 142	 151	  15	  28	   1	  20	 236	 237	 238	 239	 240
 142	 151	  64	  68	   1	  13	 241	 242	 243	 244	 245
 142	 151	  75	  88	   1	  20	 246	 247	 248	 249	 250
 159	 163	   4	  16	   1	  17	 251	 252	 253	 254	 255
 159	 163	  23	  28	   1	  22	 256	 257	 258	 259	 260
 159	 177	  36	  56	   1	  15	 261	 262	 263	 264	 265
 159	 163	  64	  76	   1	  17	 266	 267	 268	 269	 270
 159	 163	  83	  88	   1	  22	 271	 272	 273	 274	 275
 159	 177	  96	 116	   1	  15	 276	 277	 278	 279	 280
 170	 177	   4	  16	   1	  12	 281	 282	 283	 284	 285
 170	 177	  23	  28	   1	  15	 286	 287	 288	 289	 290
 170	 177	  64	  76	   1	  12	 291	 292	 293	 294	 295
 170	 177	  83	  88	   1	  15	 296	 297	 298	 299	 300
 184	 195	   4	   8	   1	  13	 301	 302	 303	 304	 305
 184	 195	  15	  28	   1	  14	 306	 307	 308	 309	 310
 184	 211	  36	  56	   1	   4	 311	 312	 313	 314	 315
 184	 195	  64	  68	   1	  13	 316	 317	 318	 319	 320
 184	 195	  75	  88	   1	  14	 321	 322	 323	 324	 325
 184	 211	  96	 116	   1	   4	 326	 327	 328	 329	 330
 202	 211	   4	   8	   1	  13	 331	 332	 333	 334	 335
 202	 211	  15	  28	   1	  20	 336	 337	 338	 339	 340
 202	 211	  64	  68	   1	  13	 341	 342	 343	 344	 345
 202	 211	  75	  88	   1	  20	 346	 347	 348	 349	 350
 219	 223	   4	  16	   1	  17	 351	 352	 353	 354	 355
 219	 223	  23	  28	   1	  22	 356	 357	 358	 359	 360
 219	 237	  36	  56	   1	  15	 361	 362	 363	 364	 365
 219	 223	  64	  76	   1	  17	 366	 367	 368	 369	 370
 219	 223	  83	  88	   1	  22	 371	 372	 373	 374	 375
 219	 237	  96	 116	   1	  15	 376	 377	 378	 379	 380
 230	 237	   4	  16	   1	  12	 381	 382	 383	 384	 385
 230	 237	  23	  28	   1	  15	 386	 387	 388	 389	 390
 230	 237	  64	  76	   1	  12	 391	 392	 393	 394	 395
 230	 237	  83	  88	   1	  15	 396	 397	 398	 399	 400
   3	   3	   1	 120	   0	   0	 401	   0	   0	   0	   0
  16	  16	   1	  34	   0	   0	 402	   0	   0	   0	   0
   4	  15	   9	  14	   0	   0	 403	   0	   0	   0	   0
   4	  15	   1	   3	   0	   0	 404	   0	   0	   0	   0
   4	  15	  29	  34	   0	   0	 405	   0	   0	   0	   0
  32	  32	   1	 120	   0	   0	 406	   0	   0	   0	   0
   4	  31	  57	  57	   0	   0	 407	   0	   0	   0	   0
   4	  31	  35	  35	   0	   0	 408	   0	   0	   0	   0
  16	  16	  58	  94	   0	   0	 409	   0	   0	   0	   0
   4	  15	  69	  74	   0	   0	 410	   0	   0	   0	   0
   4	  15	  58	  63	   0	   0	 411	   0	   0	   0	   0
   4	  15	  89	  94	   0	   0	 412	   0	   0	   0	   0
   4	  31	 117	 120	   0	   0	 413	   0	   0	   0	   0
   4	  31	  95	  95	   0	   0	 414	   0	   0	   0	   0
  21	  21	   1	  34	   0	   0	 415	   0	   0	   0	   0
  22	  31	   9	  14	   0	   0	 416	   0	   0	   0	   0
  22	  31	   1	   3	   0	   0	 417	   0	   0	   0	   0
  22	  31	  29	  34	   0	   0	 418	   0	   0	   0	   0
  21	  21	  58	  94	   0	   0	 419	   0	   0	   0	   0
  22	  31	  69	  74	   0	   0	 420	   0	   0	   0	   0
  22	  31	  58	  63	   0	   0	 421	   0	   0	   0	   0
  22	  31	  89	  94	   0	   0	 422	   0	   0	   0	   0
  38	  38	   1	 120	   0	   0	 423	   0	   0	   0	   0
  44	  44	   1	  34	   0	   0	 424	   0	   0	   0	   0
  39	  43	  17	  22	   0	   0	 425	   0	   0	   0	   0
  39	  43	   1	   3	   0	   0	 426	   0	   0	   0	   0
  39	  43	  29	  34	   0	   0	 427	   0	   0	   0	   0
  58	  58	   1	 120	   0	   0	 428	   0	   0	   0	   0
  39	  57	  57	  57	   0	   0	 429	   0	   0	   0	   0
  39	  57	  35	  35	   0	   0	 430	   0	   0	   0	   0
  44	  44	  58	  94	   0	   0	 431	   0	   0	   0	   0
  39	  43	  77	  82	   0	   0	 432	   0	   0	   0	   0
  39	  43	  58	  63	   0	   0	 433	   0	   0	   0	   0
  39	  43	  89	  94	   0	   0	 434	   0	   0	   0	   0
  39	  57	 117	 120	   0	   0	 435	   0	   0	   0	   0
  39	  57	  95	  95	   0	   0	 436	   0	   0	   0	   0
  49	  49	   1	  34	   0	   0	 437	   0	   0	   0	   0
  50	  57	  17	  22	   0	   0	 438	   0	   0	   0	   0
  50	  57	   1	   3	   0	   0	 439	   0	   0	   0	   0
  50	  57	  29	  34	   0	   0	 440	   0	   0	   0	   0
  49	  49	  58	  94	   0	   0	 441	   0	   0	   0	   0
  50	  57	  77	  82	   0	   0	 442	   0	   0	   0	   0
  50	  57	  58	  63	   0	   0	 443	   0	   0	   0	   0
  50	  57	  89	  94	   0	   0	 444	   0	   0	   0	   0
  63	  63	   1	 120	   0	   0	 445	   0	   0	   0	   0
  76	  76	   1	  34	   0	   0	 446	   0	   0	   0	   0
  64	  75	   9	  14	   0	   0	 447	   0	   0	   0	   0
  64	  75	   1	   3	   0	   0	 448	   0	   0	   0	   0
  64	  75	  29	  34	   0	   0	 449	   0	   0	   0	   0
  92	  92	   1	 120	   0	   0	 450	   0	   0	   0	   0
  64	  91	  57	  57	   0	   0	 451	   0	   0	   0	   0
  64	  91	  35	  35	   0	   0	 452	   0	   0	   0	   0
  76	  76	  58	  94	   0	   0	 453	   0	   0	   0	   0
  64	  75	  69	  74	   0	   0	 454	   0	   0	   0	   0
  64	  75	  58	  63	   0	   0	 455	   0	   0	   0	   0
  64	  75	  89	  94	   0	   0	 456	   0	   0	   0	   0
  64	  91	 117	 120	   0	   0	 457	   0	   0	   0	   0
  64	  91	  95	  95	   0	   0	 458	   0	   0	   0	   0
  81	  81	   1	  34	   0	   0	 459	   0	   0	   0	   0
  82	  91	   9	  14	   0	   0	 460	   0	   0	   0	   0
  82	  91	   1	   3	   0	   0	 461	   0	   0	   0	   0
  82	  91	  29	  34	   0	   0	 462	   0	   0	   0	   0
  81	  81	  58	  94	   0	   0	 463	   0	   0	   0	   0
  82	  91	  69	  74	   0	   0	 464	   0	   0	   0	   0
  82	  91	  58	  63	   0	   0	 465	   0	   0	   0	   0
  82	  91	  89	  94	   0	   0	 466	   0	   0	   0	   0
  98	  98	   1	 120	   0	   0	 467	   0	   0	   0	   0
 104	 104	   1	  34	   0	   0	 468	   0	   0	   0	   0
  99	 103	  17	  22	   0	   0	 469	   0	   0	   0	   0
  99	 103	   1	   3	   0	   0	 470	   0	   0	   0	   0
  99	 103	  29	  34	   0	   0	 471	   0	   0	   0	   0
 118	 118	   1	 120	   0	   0	 472	   0	   0	   0	   0
  99	 117	  57	  57	   0	   0	 473	   0	   0	   0	   0
  99	 117	  35	  35	   0	   0	 474	   0	   0	   0	   0
 104	 104	  58	  94	   0	   0	 475	   0	   0	   0	   0
  99	 103	  77	  82	   0	   0	 476	   0	   0	   0	   0
  99	 103	  58	  63	   0	   0	 477	   0	   0	   0	   0
  99	 103	  89	  94	   0	   0	 478	   0	   0	   0	   0
  99	 117	 117	 120	   0	   0	 479	   0	   0	   0	   0
  99	 117	  95	  95	   0	   0	 480	   0	   0	   0	   0
 109	 109	   1	  34	   0	   0	 481	   0	   0	   0	   0
 110	 117	  17	  22	   0	   0	 482	   0	   0	   0	   0
 110	 117	   1	   3	   0	   0	 483	   0	   0	   0	   0
 110	 117	  29	  34	   0	   0	 484	   0	   0	   0	   0
 109	 109	  58	  94	   0	   0	 485	   0	   0	   0	   0
 110	 117	  77	  82	   0	   0	 486	   0	   0	   0	   0
 110	 117	  58	  63	   0	   0	 487	   0	   0	   0	   0
 110	 117	  89	  94	   0	   0	 488	   0	   0	   0	   0
 123	 123	   1	 120	   0	   0	 489	   0	   0	   0	   0
 136	 136	   1	  34	   0	   0	 490	   0	   0	   0	   0
 124	 135	   9	  14	   0	   0	 491	   0	   0	   0	   0
 124	 135	   1	   3	   0	   0	 492	   0	   0	   0	   0
 124	 135	  29	  34	   0	   0	 493	   0	   0	   0	   0
 152	 152	   1	 120	   0	   0	 494	   0	   0	   0	   0
 124	 151	  57	  57	   0	   0	 495	   0	   0	   0	   0
 124	 151	  35	  35	   0	   0	 496	   0	   0	   0	   0
 136	 136	  58	  94	   0	   0	 497	   0	   0	   0	   0
 124	 135	  69	  74	   0	   0	 498	   0	   0	   0	   0
 124	 135	  58	  63	   0	   0	 499	   0	   0	   0	   0
 124	 135	  89	  94	   0	   0	 500	   0	   0	   0	   0
 124	 151	 117	 120	   0	   0	 501	   0	   0	   0	   0
 124	 151	  95	  95	   0	   0	 502	   0	   0	   0	   0
 141	 141	   1	  34	   0	   0	 503	   0	   0	   0	   0
 142	 151	   9	  14	   0	   0	 504	   0	   0	   0	   0
 142	 151	   1	   3	   0	   0	 505	   0	   0	   0	   0
 142	 151	  29	  34	   0	   0	 506	   0	   0	   0	   0
 141	 141	  58	  94	   0	   0	 507	   0	   0	   0	   0
 142	 151	  69	  74	   0	   0	 508	   0	   0	   0	   0
 142	 151	  58	  63	   0	   0	 509	   0	   0	   0	   0
 142	 151	  89	  94	   0	   0	 510	   0	   0	   0	   0
 158	 158	   1	 120	   0	   0	 511	   0	   0	   0	   0
 164	 164	   1	  34	   0	   0	 512	   0	   0	   0	   0
 159	 163	  17	  22	   0	   0	 513	   0	   0	   0	   0
 159	 163	   1	   3	   0	   0	 514	   0	   0	   0	   0
 159	 163	  29	  34	   0	   0	 515	   0	   0	   0	   0
 178	 178	   1	 120	   0	   0	 516	   0	   0	   0	   0
 159	 177	  57	  57	   0	   0	 517	   0	   0	   0	   0
 159	 177	  35	  35	   0	   0	 518	   0	   0	   0	   0
 164	 164	  58	  94	   0	   0	 519	   0	   0	   0	   0
 159	 163	  77	  82	   0	   0	 520	   0	   0	   0	   0
 159	 163	  58	  63	   0	   0	 521	   0	   0	   0	   0
 159	 163	  89	  94	   0	   0	 522	   0	   0	   0	   0
 159	 177	 117	 120	   0	   0	 523	   0	   0	   0	   0
 159	 177	  95	  95	   0	   0	 524	   0	   0	   0	   0
 169	 169	   1	  34	   0	   0	 525	   0	   0	   0	   0
 170	 177	  17	  22	   0	   0	 526	   0	   0	   0	   0
 170	 177	   1	   3	   0	   0	 527	   0	   0	   0	   0
 170	 177	  29	  34	   0	   0	 528	   0	   0	   0	   0
 169	 169	  58	  94	   0	   0	 529	   0	   0	   0	   0
 170	 177	  77	  82	   0	   0	 530	   0	   0	   0	   0
 170	 177	  58	  63	   0	   0	 531	   0	   0	   0	   0
 170	 177	  89	  94	   0	   0	 532	   0	   0	   0	   0
 183	 183	   1	 120	   0	   0	 533	   0	   0	   0	   0
 196	 196	   1	  34	   0	   0	 534	   0	   0	   0	   0
 184	 195	   9	  14	   0	   0	 535	   0	   0	   0	   0
 184	 195	   1	   3	   0	   0	 536	   0	   0	   0	   0
 184	 195	  29	  34	   0	   0	 537	   0	   0	   0	   0
 212	 212	   1	 120	   0	   0	 538	   0	   0	   0	   0
 184	 211	  57	  57	   0	   0	 539	   0	   0	   0	   0
 184	 211	  35	  35	   0	   0	 540	   0	   0	   0	   0
 196	 196	  58	  94	   0	   0	 541	   0	   0	   0	   0
 184	 195	  69	  74	   0	   0	 542	   0	   0	   0	   0
 184	 195	  58	  63	   0	   0	 543	   0	   0	   0	   0
 184	 195	  89	  94	   0	   0	 544	   0	   0	   0	   0
 184	 211	 117	 120	   0	   0	 545	   0	   0	   0	   0
 184	 211	  95	  95	   0	   0	 546	   0	   0	   0	   0
 201	 201	   1	  34	   0	   0	 547	   0	   0	   0	   0
 202	 211	   9	  14	   0	   0	 548	   0	   0	   0	   0
 202	 211	   1	   3	   0	   0	 549	   0	   0	   0	   0
 202	 211	  29	  34	   0	   0	 550	   0	   0	   0	   0
 201	 201	  58	  94	   0	   0	 551	   0	   0	   0	   0
 202	 211	  69	  74	   0	   0	 552	   0	   0	   0	   0
 202	 211	  58	  63	   0	   0	 553	   0	   0	   0	   0
 202	 211	  89	  94	   0	   0	 554	   0	   0	   0	   0
 218	 218	   1	 120	   0	   0	 555	   0	   0	   0	   0
 224	 224	   1	  34	   0	   0	 556	   0	   0	   0	   0
 219	 223	  17	  22	   0	   0	 557	   0	   0	   0	   0
 219	 223	   1	   3	   0	   0	 558	   0	   0	   0	   0
 219	 223	  29	  34	   0	   0	 559	   0	   0	   0	   0
 238	 238	   1	 120	   0	   0	 560	   0	   0	   0	   0
 219	 237	  57	  57	   0	   0	 561	   0	   0	   0	   0
 219	 237	  35	  35	   0	   0	 562	   0	   0	   0	   0
 224	 224	  58	  94	   0	   0	 563	   0	   0	   0	   0
 219	 223	  77	  82	   0	   0	 564	   0	   0	   0	   0
 219	 223	  58	  63	   0	   0	 565	   0	   0	   0	   0
 219	 223	  89	  94	   0	   0	 566	   0	   0	   0	   0
 219	 237	 117	 120	   0	   0	 567	   0	   0	   0	   0
 219	 237	  95	  95	   0	   0	 568	   0	   0	   0	   0
 229	 229	   1	  34	   0	   0	 569	   0	   0	   0	   0
 230	 237	  17	  22	   0	   0	 570	   0	   0	   0	   0
 230	 237	   1	   3	   0	   0	 571	   0	   0	   0	   0
 230	 237	  29	  34	   0	   0	 572	   0	   0	   0	   0
 229	 229	  58	  94	   0	   0	 573	   0	   0	   0	   0
 230	 237	  77	  82	   0	   0	 574	   0	   0	   0	   0
 230	 237	  58	  63	   0	   0	 575	   0	   0	   0	   0
 230	 237	  89	  94	   0	   0	 576	   0	   0	   0	   0
   1	   2	   1	 120	   0	   0	 577	   0	   0	   0	   0
  17	  20	   1	  34	   0	   0	 578	   0	   0	   0	   0
  33	  37	   1	 120	   0	   0	 579	   0	   0	   0	   0
  45	  48	   1	  34	   0	   0	 580	   0	   0	   0	   0
  59	  62	   1	 120	   0	   0	 581	   0	   0	   0	   0
  77	  80	   1	  34	   0	   0	 582	   0	   0	   0	   0
  93	  97	   1	 120	   0	   0	 583	   0	   0	   0	   0
 105	 108	   1	  34	   0	   0	 584	   0	   0	   0	   0
 119	 122	   1	 120	   0	   0	 585	   0	   0	   0	   0
 137	 140	   1	  34	   0	   0	 586	   0	   0	   0	   0
 153	 157	   1	 120	   0	   0	 587	   0	   0	   0	   0
 165	 168	   1	  34	   0	   0	 588	   0	   0	   0	   0
 179	 182	   1	 120	   0	   0	 589	   0	   0	   0	   0
 197	 200	   1	  34	   0	   0	 590	   0	   0	   0	   0
 213	 217	   1	 120	   0	   0	 591	   0	   0	   0	   0
 225	 228	   1	  34	   0	   0	 592	   0	   0	   0	   0
 239	 240	   1	 120	   0	   0	 593	   0	   0	   0	   0
  17	  20	  58	  94	   0	   0	 594	   0	   0	   0	   0
  45	  48	  58	  94	   0	   0	 595	   0	   0	   0	   0
  77	  80	  58	  94	   0	   0	 596	   0	   0	   0	   0
 105	 108	  58	  94	   0	   0	 597	   0	   0	   0	   0
 137	 140	  58	  94	   0	   0	 598	   0	   0	   0	   0
 165	 168	  58	  94	   0	   0	 599	   0	   0	   0	   0
 197	 200	  58	  94	   0	   0	 600	   0	   0	   0	   0
 225	 228	  58	  94	   0	   0	 601	   0	   0	   0	   0
