# Nz=96  dz =   20.000000
#zc th qt u v tke
  10.000000  300.000000    0.000000    0.010000    0.000000    0.100000
  30.000000  300.000000    0.000000    0.010000    0.000000    0.100000
  50.000000  300.000000    0.000000    0.010000    0.000000    0.100000
  70.000000  300.000000    0.000000    0.010000    0.000000    0.100000
  90.000000  300.000000    0.000000    0.010000    0.000000    0.100000
 110.000000  300.000000    0.000000    0.010000    0.000000    0.100000
 130.000000  300.000000    0.000000    0.010000    0.000000    0.100000
 150.000000  300.000000    0.000000    0.010000    0.000000    0.100000
 170.000000  300.000000    0.000000    0.010000    0.000000    0.100000
 190.000000  300.000000    0.000000    0.010000    0.000000    0.100000
 210.000000  300.000000    0.000000    0.010000    0.000000    0.100000
 230.000000  300.000000    0.000000    0.010000    0.000000    0.100000
 250.000000  300.000000    0.000000    0.010000    0.000000    0.100000
 270.000000  300.000000    0.000000    0.010000    0.000000    0.100000
 290.000000  300.000000    0.000000    0.010000    0.000000    0.100000
 310.000000  300.000000    0.000000    0.010000    0.000000    0.100000
 330.000000  300.000000    0.000000    0.010000    0.000000    0.100000
 350.000000  300.000000    0.000000    0.010000    0.000000    0.100000
 370.000000  300.000000    0.000000    0.010000    0.000000    0.100000
 390.000000  300.000000    0.000000    0.010000    0.000000    0.100000
 410.000000  300.000000    0.000000    0.010000    0.000000    0.100000
 430.000000  300.000000    0.000000    0.010000    0.000000    0.100000
 450.000000  300.000000    0.000000    0.010000    0.000000    0.100000
 470.000000  300.000000    0.000000    0.010000    0.000000    0.100000
 490.000000  300.000000    0.000000    0.010000    0.000000    0.100000
 510.000000  300.000000    0.000000    0.010000    0.000000    0.100000
 530.000000  300.000000    0.000000    0.010000    0.000000    0.100000
 550.000000  300.000000    0.000000    0.010000    0.000000    0.100000
 570.000000  300.000000    0.000000    0.010000    0.000000    0.100000
 590.000000  300.000000    0.000000    0.010000    0.000000    0.100000
 610.000000  300.000000    0.000000    0.010000    0.000000    0.100000
 630.000000  300.000000    0.000000    0.010000    0.000000    0.100000
 650.000000  300.000000    0.000000    0.010000    0.000000    0.100000
 670.000000  300.000000    0.000000    0.010000    0.000000    0.100000
 690.000000  300.000000    0.000000    0.010000    0.000000    0.100000
 710.000000  300.000000    0.000000    0.010000    0.000000    0.100000
 730.000000  300.000000    0.000000    0.010000    0.000000    0.100000
 750.000000  300.000000    0.000000    0.010000    0.000000    0.100000
 770.000000  300.060000    0.000000    0.010000    0.000000    0.100000
 790.000000  300.120000    0.000000    0.010000    0.000000    0.100000
 810.000000  300.180000    0.000000    0.010000    0.000000    0.100000
 830.000000  300.240000    0.000000    0.010000    0.000000    0.100000
 850.000000  300.300000    0.000000    0.010000    0.000000    0.100000
 870.000000  300.360000    0.000000    0.010000    0.000000    0.100000
 890.000000  300.420000    0.000000    0.010000    0.000000    0.100000
 910.000000  300.480000    0.000000    0.010000    0.000000    0.100000
 930.000000  300.540000    0.000000    0.010000    0.000000    0.100000
 950.000000  300.600000    0.000000    0.010000    0.000000    0.100000
 970.000000  300.660000    0.000000    0.010000    0.000000    0.100000
 990.000000  300.720000    0.000000    0.010000    0.000000    0.100000
1010.000000  300.780000    0.000000    0.010000    0.000000    0.100000
1030.000000  300.840000    0.000000    0.010000    0.000000    0.100000
1050.000000  300.900000    0.000000    0.010000    0.000000    0.100000
1070.000000  300.960000    0.000000    0.010000    0.000000    0.100000
1090.000000  301.020000    0.000000    0.010000    0.000000    0.100000
1110.000000  301.080000    0.000000    0.010000    0.000000    0.100000
1130.000000  301.140000    0.000000    0.010000    0.000000    0.100000
1150.000000  301.200000    0.000000    0.010000    0.000000    0.100000
1170.000000  301.260000    0.000000    0.010000    0.000000    0.100000
1190.000000  301.320000    0.000000    0.010000    0.000000    0.100000
1210.000000  301.380000    0.000000    0.010000    0.000000    0.100000
1230.000000  301.440000    0.000000    0.010000    0.000000    0.100000
1250.000000  301.500000    0.000000    0.010000    0.000000    0.100000
1270.000000  301.560000    0.000000    0.010000    0.000000    0.100000
1290.000000  301.620000    0.000000    0.010000    0.000000    0.100000
1310.000000  301.680000    0.000000    0.010000    0.000000    0.100000
1330.000000  301.740000    0.000000    0.010000    0.000000    0.100000
1350.000000  301.800000    0.000000    0.010000    0.000000    0.100000
1370.000000  301.860000    0.000000    0.010000    0.000000    0.100000
1390.000000  301.920000    0.000000    0.010000    0.000000    0.100000
1410.000000  301.980000    0.000000    0.010000    0.000000    0.100000
1430.000000  302.040000    0.000000    0.010000    0.000000    0.100000
1450.000000  302.100000    0.000000    0.010000    0.000000    0.100000
1470.000000  302.160000    0.000000    0.010000    0.000000    0.100000
1490.000000  302.220000    0.000000    0.010000    0.000000    0.100000
1510.000000  302.280000    0.000000    0.010000    0.000000    0.100000
1530.000000  302.340000    0.000000    0.010000    0.000000    0.100000
1550.000000  302.400000    0.000000    0.010000    0.000000    0.100000
1570.000000  302.460000    0.000000    0.010000    0.000000    0.100000
1590.000000  302.520000    0.000000    0.010000    0.000000    0.100000
1610.000000  302.580000    0.000000    0.010000    0.000000    0.100000
1630.000000  302.640000    0.000000    0.010000    0.000000    0.100000
1650.000000  302.700000    0.000000    0.010000    0.000000    0.100000
1670.000000  302.760000    0.000000    0.010000    0.000000    0.100000
1690.000000  302.820000    0.000000    0.010000    0.000000    0.100000
1710.000000  302.880000    0.000000    0.010000    0.000000    0.100000
1730.000000  302.940000    0.000000    0.010000    0.000000    0.100000
1750.000000  303.000000    0.000000    0.010000    0.000000    0.100000
1770.000000  303.060000    0.000000    0.010000    0.000000    0.100000
1790.000000  303.120000    0.000000    0.010000    0.000000    0.100000
1810.000000  303.180000    0.000000    0.010000    0.000000    0.100000
1830.000000  303.240000    0.000000    0.010000    0.000000    0.100000
1850.000000  303.300000    0.000000    0.010000    0.000000    0.100000
1870.000000  303.360000    0.000000    0.010000    0.000000    0.100000
1890.000000  303.420000    0.000000    0.010000    0.000000    0.100000
1910.000000  303.480000    0.000000    0.010000    0.000000    0.100000
