# Nz=96  dz =   20.000000
#zc sv1
  10.000000    0.000000
  30.000000    0.000000
  50.000000    0.000000
  70.000000    0.000000
  90.000000    0.000000
 110.000000    0.000000
 130.000000    0.000000
 150.000000    0.000000
 170.000000    0.000000
 190.000000    0.000000
 210.000000    0.000000
 230.000000    0.000000
 250.000000    0.000000
 270.000000    0.000000
 290.000000    0.000000
 310.000000    0.000000
 330.000000    0.000000
 350.000000    0.000000
 370.000000    0.000000
 390.000000    0.000000
 410.000000    0.000000
 430.000000    0.000000
 450.000000    0.000000
 470.000000    0.000000
 490.000000    0.000000
 510.000000    0.000000
 530.000000    0.000000
 550.000000    0.000000
 570.000000    0.000000
 590.000000    0.000000
 610.000000    0.000000
 630.000000    0.000000
 650.000000    0.000000
 670.000000    0.000000
 690.000000    0.000000
 710.000000    0.000000
 730.000000    0.000000
 750.000000    0.000000
 770.000000    0.000000
 790.000000    0.000000
 810.000000    0.000000
 830.000000    0.000000
 850.000000    0.000000
 870.000000    0.000000
 890.000000    0.000000
 910.000000    0.000000
 930.000000    0.000000
 950.000000    0.000000
 970.000000    0.000000
 990.000000    0.000000
1010.000000    0.000000
1030.000000    0.000000
1050.000000    0.000000
1070.000000    0.000000
1090.000000    0.000000
1110.000000    0.000000
1130.000000    0.000000
1150.000000    0.000000
1170.000000    0.000000
1190.000000    0.000000
1210.000000    0.000000
1230.000000    0.000000
1250.000000    0.000000
1270.000000    0.000000
1290.000000    0.000000
1310.000000    0.000000
1330.000000    0.000000
1350.000000    0.000000
1370.000000    0.000000
1390.000000    0.000000
1410.000000    0.000000
1430.000000    0.000000
1450.000000    0.000000
1470.000000    0.000000
1490.000000    0.000000
1510.000000    0.000000
1530.000000    0.000000
1550.000000    0.000000
1570.000000    0.000000
1590.000000    0.000000
1610.000000    0.000000
1630.000000    0.000000
1650.000000    0.000000
1670.000000    0.000000
1690.000000    0.000000
1710.000000    0.000000
1730.000000    0.000000
1750.000000    0.000000
1770.000000    0.000000
1790.000000    0.000000
1810.000000    0.000000
1830.000000    0.000000
1850.000000    0.000000
1870.000000    0.000000
1890.000000    0.000000
1910.000000    0.000000
