#profile							
#zf	ug	vg	wfls	dqtdxls 	dqtqyls	dqtdtls	dthlrad
2.000	2.500	0.000	0.000	0.000	0.000	0.000	0.000
6.000	2.500	0.000	0.000	0.000	0.000	0.000	0.000
10.000	2.500	0.000	0.000	0.000	0.000	0.000	0.000
14.000	2.500	0.000	0.000	0.000	0.000	0.000	0.000
18.000	2.500	0.000	0.000	0.000	0.000	0.000	0.000
22.000	2.500	0.000	0.000	0.000	0.000	0.000	0.000
26.000	2.500	0.000	0.000	0.000	0.000	0.000	0.000
30.000	2.500	0.000	0.000	0.000	0.000	0.000	0.000
34.000	2.500	0.000	0.000	0.000	0.000	0.000	0.000
38.000	2.500	0.000	0.000	0.000	0.000	0.000	0.000
42.000	2.500	0.000	0.000	0.000	0.000	0.000	0.000
46.000	2.500	0.000	0.000	0.000	0.000	0.000	0.000
50.000	2.500	0.000	0.000	0.000	0.000	0.000	0.000
54.000	2.500	0.000	0.000	0.000	0.000	0.000	0.000
58.000	2.500	0.000	0.000	0.000	0.000	0.000	0.000
62.000	2.500	0.000	0.000	0.000	0.000	0.000	0.000
66.000	2.500	0.000	0.000	0.000	0.000	0.000	0.000
70.000	2.500	0.000	0.000	0.000	0.000	0.000	0.000
74.000	2.500	0.000	0.000	0.000	0.000	0.000	0.000
78.000	2.500	0.000	0.000	0.000	0.000	0.000	0.000
82.000	2.500	0.000	0.000	0.000	0.000	0.000	0.000
86.000	2.500	0.000	0.000	0.000	0.000	0.000	0.000
90.000	2.500	0.000	0.000	0.000	0.000	0.000	0.000
94.000	2.500	0.000	0.000	0.000	0.000	0.000	0.000
98.000	2.500	0.000	0.000	0.000	0.000	0.000	0.000
102.000	2.500	0.000	0.000	0.000	0.000	0.000	0.000
106.000	2.500	0.000	0.000	0.000	0.000	0.000	0.000
110.060	2.500	0.000	0.000	0.000	0.000	0.000	0.000
114.181	2.500	0.000	0.000	0.000	0.000	0.000	0.000
118.364	2.500	0.000	0.000	0.000	0.000	0.000	0.000
122.609	2.500	0.000	0.000	0.000	0.000	0.000	0.000
126.918	2.500	0.000	0.000	0.000	0.000	0.000	0.000
131.292	2.500	0.000	0.000	0.000	0.000	0.000	0.000
135.731	2.500	0.000	0.000	0.000	0.000	0.000	0.000
140.237	2.500	0.000	0.000	0.000	0.000	0.000	0.000
144.811	2.500	0.000	0.000	0.000	0.000	0.000	0.000
149.453	2.500	0.000	0.000	0.000	0.000	0.000	0.000
154.165	2.500	0.000	0.000	0.000	0.000	0.000	0.000
158.947	2.500	0.000	0.000	0.000	0.000	0.000	0.000
163.802	2.500	0.000	0.000	0.000	0.000	0.000	0.000
168.729	2.500	0.000	0.000	0.000	0.000	0.000	0.000
173.729	2.500	0.000	0.000	0.000	0.000	0.000	0.000
178.805	2.500	0.000	0.000	0.000	0.000	0.000	0.000
183.958	2.500	0.000	0.000	0.000	0.000	0.000	0.000
189.187	2.500	0.000	0.000	0.000	0.000	0.000	0.000
194.495	2.500	0.000	0.000	0.000	0.000	0.000	0.000
199.882	2.500	0.000	0.000	0.000	0.000	0.000	0.000
205.350	2.500	0.000	0.000	0.000	0.000	0.000	0.000
210.901	2.500	0.000	0.000	0.000	0.000	0.000	0.000
216.534	2.500	0.000	0.000	0.000	0.000	0.000	0.000
222.252	2.500	0.000	0.000	0.000	0.000	0.000	0.000
228.056	2.500	0.000	0.000	0.000	0.000	0.000	0.000
233.947	2.500	0.000	0.000	0.000	0.000	0.000	0.000
239.926	2.500	0.000	0.000	0.000	0.000	0.000	0.000
245.995	2.500	0.000	0.000	0.000	0.000	0.000	0.000
252.155	2.500	0.000	0.000	0.000	0.000	0.000	0.000
258.407	2.500	0.000	0.000	0.000	0.000	0.000	0.000
264.753	2.500	0.000	0.000	0.000	0.000	0.000	0.000
271.194	2.500	0.000	0.000	0.000	0.000	0.000	0.000
277.732	2.500	0.000	0.000	0.000	0.000	0.000	0.000
284.368	2.500	0.000	0.000	0.000	0.000	0.000	0.000
291.104	2.500	0.000	0.000	0.000	0.000	0.000	0.000
297.940	2.500	0.000	0.000	0.000	0.000	0.000	0.000
304.880	2.500	0.000	0.000	0.000	0.000	0.000	0.000
311.923	2.500	0.000	0.000	0.000	0.000	0.000	0.000
319.072	2.500	0.000	0.000	0.000	0.000	0.000	0.000
326.328	2.500	0.000	0.000	0.000	0.000	0.000	0.000
333.693	2.500	0.000	0.000	0.000	0.000	0.000	0.000
341.168	2.500	0.000	0.000	0.000	0.000	0.000	0.000
348.755	2.500	0.000	0.000	0.000	0.000	0.000	0.000
356.457	2.500	0.000	0.000	0.000	0.000	0.000	0.000
364.274	2.500	0.000	0.000	0.000	0.000	0.000	0.000
372.208	2.500	0.000	0.000	0.000	0.000	0.000	0.000
380.261	2.500	0.000	0.000	0.000	0.000	0.000	0.000
388.435	2.500	0.000	0.000	0.000	0.000	0.000	0.000
396.731	2.500	0.000	0.000	0.000	0.000	0.000	0.000
405.152	2.500	0.000	0.000	0.000	0.000	0.000	0.000
413.700	2.500	0.000	0.000	0.000	0.000	0.000	0.000
422.375	2.500	0.000	0.000	0.000	0.000	0.000	0.000
431.181	2.500	0.000	0.000	0.000	0.000	0.000	0.000
440.118	2.500	0.000	0.000	0.000	0.000	0.000	0.000
449.190	2.500	0.000	0.000	0.000	0.000	0.000	0.000
458.398	2.500	0.000	0.000	0.000	0.000	0.000	0.000
467.744	2.500	0.000	0.000	0.000	0.000	0.000	0.000
477.230	2.500	0.000	0.000	0.000	0.000	0.000	0.000
486.859	2.500	0.000	0.000	0.000	0.000	0.000	0.000
496.631	2.500	0.000	0.000	0.000	0.000	0.000	0.000
506.551	2.500	0.000	0.000	0.000	0.000	0.000	0.000
516.619	2.500	0.000	0.000	0.000	0.000	0.000	0.000
526.839	2.500	0.000	0.000	0.000	0.000	0.000	0.000
537.211	2.500	0.000	0.000	0.000	0.000	0.000	0.000
547.739	2.500	0.000	0.000	0.000	0.000	0.000	0.000
558.425	2.500	0.000	0.000	0.000	0.000	0.000	0.000
569.272	2.500	0.000	0.000	0.000	0.000	0.000	0.000
580.281	2.500	0.000	0.000	0.000	0.000	0.000	0.000
591.455	2.500	0.000	0.000	0.000	0.000	0.000	0.000
602.797	2.500	0.000	0.000	0.000	0.000	0.000	0.000
614.309	2.500	0.000	0.000	0.000	0.000	0.000	0.000
625.993	2.500	0.000	0.000	0.000	0.000	0.000	0.000
637.853	2.500	0.000	0.000	0.000	0.000	0.000	0.000
649.891	2.500	0.000	0.000	0.000	0.000	0.000	0.000
662.109	2.500	0.000	0.000	0.000	0.000	0.000	0.000
674.511	2.500	0.000	0.000	0.000	0.000	0.000	0.000
687.099	2.500	0.000	0.000	0.000	0.000	0.000	0.000
699.875	2.500	0.000	0.000	0.000	0.000	0.000	0.000
712.843	2.500	0.000	0.000	0.000	0.000	0.000	0.000
726.006	2.500	0.000	0.000	0.000	0.000	0.000	0.000
739.366	2.500	0.000	0.000	0.000	0.000	0.000	0.000
752.927	2.500	0.000	0.000	0.000	0.000	0.000	0.000
766.691	2.500	0.000	0.000	0.000	0.000	0.000	0.000
780.661	2.500	0.000	0.000	0.000	0.000	0.000	0.000
794.841	2.500	0.000	0.000	0.000	0.000	0.000	0.000
809.233	2.500	0.000	0.000	0.000	0.000	0.000	0.000
823.842	2.500	0.000	0.000	0.000	0.000	0.000	0.000
838.670	2.500	0.000	0.000	0.000	0.000	0.000	0.000
853.720	2.500	0.000	0.000	0.000	0.000	0.000	0.000
868.995	2.500	0.000	0.000	0.000	0.000	0.000	0.000
884.500	2.500	0.000	0.000	0.000	0.000	0.000	0.000
900.238	2.500	0.000	0.000	0.000	0.000	0.000	0.000
916.211	2.500	0.000	0.000	0.000	0.000	0.000	0.000
932.425	2.500	0.000	0.000	0.000	0.000	0.000	0.000
948.881	2.500	0.000	0.000	0.000	0.000	0.000	0.000
965.584	2.500	0.000	0.000	0.000	0.000	0.000	0.000
982.538	2.500	0.000	0.000	0.000	0.000	0.000	0.000
999.746	2.500	0.000	0.000	0.000	0.000	0.000	0.000
1017.212	2.500	0.000	0.000	0.000	0.000	0.000	0.000
1034.940	2.500	0.000	0.000	0.000	0.000	0.000	0.000
1052.934	2.500	0.000	0.000	0.000	0.000	0.000	0.000
1071.198	2.500	0.000	0.000	0.000	0.000	0.000	0.000
1089.736	2.500	0.000	0.000	0.000	0.000	0.000	0.000
1108.553	2.500	0.000	0.000	0.000	0.000	0.000	0.000
1127.651	2.500	0.000	0.000	0.000	0.000	0.000	0.000
1147.036	2.500	0.000	0.000	0.000	0.000	0.000	0.000
1166.711	2.500	0.000	0.000	0.000	0.000	0.000	0.000
1186.682	2.500	0.000	0.000	0.000	0.000	0.000	0.000
1206.952	2.500	0.000	0.000	0.000	0.000	0.000	0.000
1227.526	2.500	0.000	0.000	0.000	0.000	0.000	0.000
1248.409	2.500	0.000	0.000	0.000	0.000	0.000	0.000
1269.605	2.500	0.000	0.000	0.000	0.000	0.000	0.000
1291.119	2.500	0.000	0.000	0.000	0.000	0.000	0.000
1312.956	2.500	0.000	0.000	0.000	0.000	0.000	0.000
1335.121	2.500	0.000	0.000	0.000	0.000	0.000	0.000
1357.617	2.500	0.000	0.000	0.000	0.000	0.000	0.000
1380.452	2.500	0.000	0.000	0.000	0.000	0.000	0.000
1403.628	2.500	0.000	0.000	0.000	0.000	0.000	0.000
1427.153	2.500	0.000	0.000	0.000	0.000	0.000	0.000
1451.030	2.500	0.000	0.000	0.000	0.000	0.000	0.000
1475.266	2.500	0.000	0.000	0.000	0.000	0.000	0.000
1499.864	2.500	0.000	0.000	0.000	0.000	0.000	0.000
1524.832	2.500	0.000	0.000	0.000	0.000	0.000	0.000
1550.175	2.500	0.000	0.000	0.000	0.000	0.000	0.000
1575.898	2.500	0.000	0.000	0.000	0.000	0.000	0.000
1602.006	2.500	0.000	0.000	0.000	0.000	0.000	0.000
1628.506	2.500	0.000	0.000	0.000	0.000	0.000	0.000
1655.404	2.500	0.000	0.000	0.000	0.000	0.000	0.000
1682.705	2.500	0.000	0.000	0.000	0.000	0.000	0.000
1710.415	2.500	0.000	0.000	0.000	0.000	0.000	0.000
1738.542	2.500	0.000	0.000	0.000	0.000	0.000	0.000
1767.090	2.500	0.000	0.000	0.000	0.000	0.000	0.000
1796.066	2.500	0.000	0.000	0.000	0.000	0.000	0.000
1825.477	2.500	0.000	0.000	0.000	0.000	0.000	0.000
1855.329	2.500	0.000	0.000	0.000	0.000	0.000	0.000
1885.629	2.500	0.000	0.000	0.000	0.000	0.000	0.000
1916.384	2.500	0.000	0.000	0.000	0.000	0.000	0.000
1947.599	2.500	0.000	0.000	0.000	0.000	0.000	0.000
1979.283	2.500	0.000	0.000	0.000	0.000	0.000	0.000
2011.443	2.500	0.000	0.000	0.000	0.000	0.000	0.000
2044.084	2.500	0.000	0.000	0.000	0.000	0.000	0.000
2077.215	2.500	0.000	0.000	0.000	0.000	0.000	0.000
2110.844	2.500	0.000	0.000	0.000	0.000	0.000	0.000
2144.976	2.500	0.000	0.000	0.000	0.000	0.000	0.000
2179.621	2.500	0.000	0.000	0.000	0.000	0.000	0.000
2214.785	2.500	0.000	0.000	0.000	0.000	0.000	0.000
2250.477	2.500	0.000	0.000	0.000	0.000	0.000	0.000
2286.704	2.500	0.000	0.000	0.000	0.000	0.000	0.000
2323.475	2.500	0.000	0.000	0.000	0.000	0.000	0.000
2360.797	2.500	0.000	0.000	0.000	0.000	0.000	0.000
2398.679	2.500	0.000	0.000	0.000	0.000	0.000	0.000
2437.129	2.500	0.000	0.000	0.000	0.000	0.000	0.000
2476.156	2.500	0.000	0.000	0.000	0.000	0.000	0.000
2515.768	2.500	0.000	0.000	0.000	0.000	0.000	0.000
2555.975	2.500	0.000	0.000	0.000	0.000	0.000	0.000
2596.784	2.500	0.000	0.000	0.000	0.000	0.000	0.000
2638.206	2.500	0.000	0.000	0.000	0.000	0.000	0.000
2680.249	2.500	0.000	0.000	0.000	0.000	0.000	0.000
2722.923	2.500	0.000	0.000	0.000	0.000	0.000	0.000
2766.237	2.500	0.000	0.000	0.000	0.000	0.000	0.000
2810.200	2.500	0.000	0.000	0.000	0.000	0.000	0.000
2854.823	2.500	0.000	0.000	0.000	0.000	0.000	0.000
2900.116	2.500	0.000	0.000	0.000	0.000	0.000	0.000
2946.088	2.500	0.000	0.000	0.000	0.000	0.000	0.000
2992.749	2.500	0.000	0.000	0.000	0.000	0.000	0.000
3040.110	2.500	0.000	0.000	0.000	0.000	0.000	0.000
3088.182	2.500	0.000	0.000	0.000	0.000	0.000	0.000
3136.975	2.500	0.000	0.000	0.000	0.000	0.000	0.000
3186.499	2.500	0.000	0.000	0.000	0.000	0.000	0.000
