#profile					
#zf	thl	qt	u	v	tke
2.000	    290.012	0.005	10.00	0.000	1.000
6.000	    290.036	0.005	10.00	0.000	1.000
10.000	  290.060	0.005	10.00	0.000	1.000
14.000	  290.084	0.005	10.00	0.000	1.000
18.000	  290.108	0.005	10.00	0.000	1.000
22.000	  290.132	0.005	10.00	0.000	1.000
26.000	  290.156	0.005	10.00	0.000	1.000
30.000	  290.180	0.005	10.00	0.000	1.000
34.000	  290.204	0.005	10.00	0.000	1.000
38.000	  290.228	0.005	10.00	0.000	1.000
42.000	  290.252	0.005	10.00	0.000	1.000
46.000	  290.276	0.005	10.00	0.000	1.000
50.000	  290.300	0.005	10.00	0.000	1.000
54.000	  290.324	0.005	10.00	0.000	1.000
58.000	  290.348	0.005	10.00	0.000	1.000
62.000	  290.372	0.005	10.00	0.000	1.000
66.000	  290.396	0.005	10.00	0.000	1.000
70.000	  290.420	0.005	10.00	0.000	1.000
74.000	  290.444	0.005	10.00	0.000	1.000
78.000	  290.468	0.005	10.00	0.000	1.000
82.000	  290.492	0.005	10.00	0.000	1.000
86.000	  290.516	0.005	10.00	0.000	1.000
90.000	  290.540	0.005	10.00	0.000	1.000
94.000	  290.564	0.005	10.00	0.000	1.000
98.000	  290.588	0.005	10.00	0.000	1.000
102.000	  290.612	0.005	10.00	0.000	1.000
106.000	  290.636	0.005	10.00	0.000	1.000
110.060	  290.660	0.005	10.00	0.000	1.000
114.181	  290.685	0.005	10.00	0.000	1.000
118.364	  290.710	0.005	10.00	0.000	1.000
122.609	  290.736	0.005	10.00	0.000	1.000
126.918	  290.762	0.005	10.00	0.000	1.000
131.292	  290.788	0.005	10.00	0.000	1.000
135.731	  290.814	0.005	10.00	0.000	1.000
140.237	  290.841	0.005	10.00	0.000	1.000
144.811	  290.869	0.005	10.00	0.000	1.000
149.453	  290.897	0.005	10.00	0.000	1.000
154.165	  290.925	0.005	10.00	0.000	1.000
158.947	  290.954	0.005	10.00	0.000	1.000
163.802	  290.983	0.005	10.00	0.000	1.000
168.729	  291.012	0.005	10.00	0.000	1.000
173.729	  291.042	0.005	10.00	0.000	1.000
178.805	  291.073	0.005	10.00	0.000	1.000
183.958	  291.104	0.005	10.00	0.000	1.000
189.187	  291.135	0.005	10.00	0.000	1.000
194.495	  291.167	0.005	10.00	0.000	1.000
199.882	  291.199	0.005	10.00	0.000	1.000
205.350	  291.232	0.005	10.00	0.000	1.000
210.901	  291.265	0.005	10.00	0.000	1.000
216.534	  291.299	0.005	10.00	0.000	1.000
222.252	  291.334	0.005	10.00	0.000	1.000
228.056	  291.368	0.005	10.00	0.000	1.000
233.947	  291.404	0.005	10.00	0.000	1.000
239.926	  291.440	0.005	10.00	0.000	1.000
245.995	  291.476	0.005	10.00	0.000	1.000
252.155	  291.513	0.005	10.00	0.000	1.000
258.407	  291.550	0.005	10.00	0.000	1.000
264.753	  291.589	0.005	10.00	0.000	1.000
271.194	  291.627	0.005	10.00	0.000	1.000
277.732	  291.666	0.005	10.00	0.000	1.000
284.368	  291.706	0.005	10.00	0.000	1.000
291.104	  291.747	0.005	10.00	0.000	1.000
297.940	  291.788	0.005	10.00	0.000	1.000
304.880	  291.829	0.005	10.00	0.000	1.000
311.923	  291.872	0.005	10.00	0.000	1.000
319.072	  291.914	0.005	10.00	0.000	1.000
326.328	  291.958	0.005	10.00	0.000	1.000
333.693	  292.002	0.005	10.00	0.000	1.000
341.168	  292.047	0.005	10.00	0.000	1.000
348.755	  292.093	0.005	10.00	0.000	1.000
356.457	  292.139	0.005	10.00	0.000	1.000
364.274	  292.186	0.005	10.00	0.000	1.000
372.208	  292.233	0.005	10.00	0.000	1.000
380.261	  292.282	0.005	10.00	0.000	1.000
388.435	  292.331	0.005	10.00	0.000	1.000
396.731	  292.380	0.005	10.00	0.000	1.000
405.152	  292.431	0.005	10.00	0.000	1.000
413.700	  292.482	0.005	10.00	0.000	1.000
422.375	  292.534	0.005	10.00	0.000	1.000
431.181	  292.587	0.005	10.00	0.000	1.000
440.118	  292.641	0.005	10.00	0.000	1.000
449.190	  292.695	0.005	10.00	0.000	1.000
458.398	  292.750	0.005	10.00	0.000	1.000
467.744	  292.806	0.005	10.00	0.000	1.000
477.230	  292.863	0.005	10.00	0.000	1.000
486.859	  292.921	0.005	10.00	0.000	1.000
496.631	  292.980	0.005	10.00	0.000	1.000
506.551	  293.039	0.005	10.00	0.000	1.000
516.619	  293.100	0.005	10.00	0.000	1.000
526.839	  293.161	0.005	10.00	0.000	1.000
537.211	  293.223	0.005	10.00	0.000	1.000
547.739	  293.286	0.005	10.00	0.000	1.000
558.425	  293.351	0.005	10.00	0.000	1.000
569.272	  293.416	0.005	10.00	0.000	1.000
580.281	  293.482	0.005	10.00	0.000	1.000
591.455	  293.549	0.005	10.00	0.000	1.000
602.797	  293.617	0.005	10.00	0.000	1.000
614.309	  293.686	0.005	10.00	0.000	1.000
625.993	  293.756	0.005	10.00	0.000	1.000
637.853	  293.827	0.005	10.00	0.000	1.000
649.891	  293.899	0.005	10.00	0.000	1.000
662.109	  293.973	0.005	10.00	0.000	1.000
674.511	  294.047	0.005	10.00	0.000	1.000
687.099	  294.123	0.005	10.00	0.000	1.000
699.875	  294.199	0.005	10.00	0.000	1.000
712.843	  294.277	0.005	10.00	0.000	1.000
726.006	  294.356	0.005	10.00	0.000	1.000
739.366	  294.436	0.005	10.00	0.000	1.000
752.927	  294.518	0.005	10.00	0.000	1.000
766.691	  294.600	0.005	10.00	0.000	1.000
780.661	  294.684	0.005	10.00	0.000	1.000
794.841	  294.769	0.005	10.00	0.000	1.000
809.233	  294.855	0.005	10.00	0.000	1.000
823.842	  294.943	0.005	10.00	0.000	1.000
838.670	  295.032	0.005	10.00	0.000	1.000
853.720	  295.122	0.005	10.00	0.000	1.000
868.995	  295.214	0.005	10.00	0.000	1.000
884.500	  295.307	0.005	10.00	0.000	1.000
900.238	  295.401	0.005	10.00	0.000	1.000
916.211	  295.497	0.005	10.00	0.000	1.000
932.425	  295.595	0.005	10.00	0.000	1.000
948.881	  295.693	0.005	10.00	0.000	1.000
965.584	  295.794	0.005	10.00	0.000	1.000
982.538	  295.895	0.005	10.00	0.000	1.000
999.746	  295.998	0.005	10.00	0.000	1.000
1017.212	296.103	0.005	10.00	0.000	1.000
1034.940	296.210	0.005	10.00	0.000	1.000
1052.934	296.318	0.005	10.00	0.000	1.000
1071.198	296.427	0.005	10.00	0.000	1.000
1089.736	296.538	0.005	10.00	0.000	1.000
1108.553	296.651	0.005	10.00	0.000	1.000
1127.651	296.766	0.005	10.00	0.000	1.000
1147.036	296.882	0.005	10.00	0.000	1.000
1166.711	297.000	0.005	10.00	0.000	1.000
1186.682	297.120	0.005	10.00	0.000	1.000
1206.952	297.242	0.005	10.00	0.000	1.000
1227.526	297.365	0.005	10.00	0.000	1.000
1248.409	297.490	0.005	10.00	0.000	1.000
1269.605	297.618	0.005	10.00	0.000	1.000
1291.119	297.747	0.005	10.00	0.000	1.000
1312.956	297.878	0.005	10.00	0.000	1.000
1335.121	298.011	0.005	10.00	0.000	1.000
1357.617	298.146	0.005	10.00	0.000	1.000
1380.452	298.283	0.005	10.00	0.000	1.000
1403.628	298.422	0.005	10.00	0.000	1.000
1427.153	298.563	0.005	10.00	0.000	1.000
1451.030	298.706	0.005	10.00	0.000	1.000
1475.266	298.852	0.005	10.00	0.000	1.000
1499.864	298.999	0.005	10.00	0.000	1.000
1524.832	299.149	0.005	10.00	0.000	1.000
1550.175	299.301	0.005	10.00	0.000	1.000
1575.898	299.455	0.005	10.00	0.000	1.000
1602.006	299.612	0.005	10.00	0.000	1.000
1628.506	299.771	0.005	10.00	0.000	1.000
1655.404	299.932	0.005	10.00	0.000	1.000
1682.705	300.096	0.005	10.00	0.000	1.000
1710.415	300.262	0.005	10.00	0.000	1.000
1738.542	300.431	0.005	10.00	0.000	1.000
1767.090	300.603	0.005	10.00	0.000	1.000
1796.066	300.776	0.005	10.00	0.000	1.000
1825.477	300.953	0.005	10.00	0.000	1.000
1855.329	301.132	0.005	10.00	0.000	1.000
1885.629	301.314	0.005	10.00	0.000	1.000
1916.384	301.498	0.005	10.00	0.000	1.000
1947.599	301.686	0.005	10.00	0.000	1.000
1979.283	301.876	0.005	10.00	0.000	1.000
2011.443	302.069	0.005	10.00	0.000	1.000
2044.084	302.265	0.005	10.00	0.000	1.000
2077.215	302.463	0.005	10.00	0.000	1.000
2110.844	302.665	0.005	10.00	0.000	1.000
2144.976	302.870	0.005	10.00	0.000	1.000
2179.621	303.078	0.005	10.00	0.000	1.000
2214.785	303.289	0.005	10.00	0.000	1.000
2250.477	303.503	0.005	10.00	0.000	1.000
2286.704	303.720	0.005	10.00	0.000	1.000
2323.475	303.941	0.005	10.00	0.000	1.000
2360.797	304.165	0.005	10.00	0.000	1.000
2398.679	304.392	0.005	10.00	0.000	1.000
2437.129	304.623	0.005	10.00	0.000	1.000
2476.156	304.857	0.005	10.00	0.000	1.000
2515.768	305.095	0.005	10.00	0.000	1.000
2555.975	305.336	0.005	10.00	0.000	1.000
2596.784	305.581	0.005	10.00	0.000	1.000
2638.206	305.829	0.005	10.00	0.000	1.000
2680.249	306.081	0.005	10.00	0.000	1.000
2722.923	306.338	0.005	10.00	0.000	1.000
2766.237	306.597	0.005	10.00	0.000	1.000
2810.200	306.861	0.005	10.00	0.000	1.000
2854.823	307.129	0.005	10.00	0.000	1.000
2900.116	307.401	0.005	10.00	0.000	1.000
2946.088	307.677	0.005	10.00	0.000	1.000
2992.749	307.956	0.005	10.00	0.000	1.000
3040.110	308.241	0.005	10.00	0.000	1.000
3088.182	308.529	0.005	10.00	0.000	1.000
3136.975	308.822	0.005	10.00	0.000	1.000
3186.499	309.119	0.005	10.00	0.000	1.000
