# #large_scale forcing terms ARM 27-7-2006
#  height ug vg wfls dqtdxls dqtdyls dqtdtls dthlrad
 +1.00000e+01  +1.00000e+01  +0.00000e+00  +0.00000e+00  +0.00000e+00  +0.00000e+00  +0.00000e+00  +0.00000e+00
 +3.00000e+01  +1.00000e+01  +0.00000e+00  +0.00000e+00  +0.00000e+00  +0.00000e+00  +0.00000e+00  +0.00000e+00
 +5.00000e+01  +1.00000e+01  +0.00000e+00  +0.00000e+00  +0.00000e+00  +0.00000e+00  +0.00000e+00  +0.00000e+00
 +7.00000e+01  +1.00000e+01  +0.00000e+00  +0.00000e+00  +0.00000e+00  +0.00000e+00  +0.00000e+00  +0.00000e+00
 +9.00000e+01  +1.00000e+01  +0.00000e+00  +0.00000e+00  +0.00000e+00  +0.00000e+00  +0.00000e+00  +0.00000e+00
 +1.10000e+02  +1.00000e+01  +0.00000e+00  +0.00000e+00  +0.00000e+00  +0.00000e+00  +0.00000e+00  +0.00000e+00
 +1.30000e+02  +1.00000e+01  +0.00000e+00  +0.00000e+00  +0.00000e+00  +0.00000e+00  +0.00000e+00  +0.00000e+00
 +1.50000e+02  +1.00000e+01  +0.00000e+00  +0.00000e+00  +0.00000e+00  +0.00000e+00  +0.00000e+00  +0.00000e+00
 +1.70000e+02  +1.00000e+01  +0.00000e+00  +0.00000e+00  +0.00000e+00  +0.00000e+00  +0.00000e+00  +0.00000e+00
 +1.90000e+02  +1.00000e+01  +0.00000e+00  +0.00000e+00  +0.00000e+00  +0.00000e+00  +0.00000e+00  +0.00000e+00
 +2.10000e+02  +1.00000e+01  +0.00000e+00  +0.00000e+00  +0.00000e+00  +0.00000e+00  +0.00000e+00  +0.00000e+00
 +2.30000e+02  +1.00000e+01  +0.00000e+00  +0.00000e+00  +0.00000e+00  +0.00000e+00  +0.00000e+00  +0.00000e+00
 +2.50000e+02  +1.00000e+01  +0.00000e+00  +0.00000e+00  +0.00000e+00  +0.00000e+00  +0.00000e+00  +0.00000e+00
 +2.70000e+02  +1.00000e+01  +0.00000e+00  +0.00000e+00  +0.00000e+00  +0.00000e+00  +0.00000e+00  +0.00000e+00
 +2.90000e+02  +1.00000e+01  +0.00000e+00  +0.00000e+00  +0.00000e+00  +0.00000e+00  +0.00000e+00  +0.00000e+00
 +3.10000e+02  +1.00000e+01  +0.00000e+00  +0.00000e+00  +0.00000e+00  +0.00000e+00  +0.00000e+00  +0.00000e+00
 +3.30000e+02  +1.00000e+01  +0.00000e+00  +0.00000e+00  +0.00000e+00  +0.00000e+00  +0.00000e+00  +0.00000e+00
 +3.50000e+02  +1.00000e+01  +0.00000e+00  +0.00000e+00  +0.00000e+00  +0.00000e+00  +0.00000e+00  +0.00000e+00
 +3.70000e+02  +1.00000e+01  +0.00000e+00  +0.00000e+00  +0.00000e+00  +0.00000e+00  +0.00000e+00  +0.00000e+00
 +3.90000e+02  +1.00000e+01  +0.00000e+00  +0.00000e+00  +0.00000e+00  +0.00000e+00  +0.00000e+00  +0.00000e+00
 +4.10000e+02  +1.00000e+01  +0.00000e+00  +0.00000e+00  +0.00000e+00  +0.00000e+00  +0.00000e+00  +0.00000e+00
 +4.30000e+02  +1.00000e+01  +0.00000e+00  +0.00000e+00  +0.00000e+00  +0.00000e+00  +0.00000e+00  +0.00000e+00
 +4.50000e+02  +1.00000e+01  +0.00000e+00  +0.00000e+00  +0.00000e+00  +0.00000e+00  +0.00000e+00  +0.00000e+00
 +4.70000e+02  +1.00000e+01  +0.00000e+00  +0.00000e+00  +0.00000e+00  +0.00000e+00  +0.00000e+00  +0.00000e+00
 +4.90000e+02  +1.00000e+01  +0.00000e+00  +0.00000e+00  +0.00000e+00  +0.00000e+00  +0.00000e+00  +0.00000e+00
 +5.10000e+02  +1.00000e+01  +0.00000e+00  +0.00000e+00  +0.00000e+00  +0.00000e+00  +0.00000e+00  +0.00000e+00
 +5.30000e+02  +1.00000e+01  +0.00000e+00  +0.00000e+00  +0.00000e+00  +0.00000e+00  +0.00000e+00  +0.00000e+00
 +5.50000e+02  +1.00000e+01  +0.00000e+00  +0.00000e+00  +0.00000e+00  +0.00000e+00  +0.00000e+00  +0.00000e+00
 +5.70000e+02  +1.00000e+01  +0.00000e+00  +0.00000e+00  +0.00000e+00  +0.00000e+00  +0.00000e+00  +0.00000e+00
 +5.90000e+02  +1.00000e+01  +0.00000e+00  +0.00000e+00  +0.00000e+00  +0.00000e+00  +0.00000e+00  +0.00000e+00
 +6.10000e+02  +1.00000e+01  +0.00000e+00  +0.00000e+00  +0.00000e+00  +0.00000e+00  +0.00000e+00  +0.00000e+00
 +6.30000e+02  +1.00000e+01  +0.00000e+00  +0.00000e+00  +0.00000e+00  +0.00000e+00  +0.00000e+00  +0.00000e+00
 +6.50000e+02  +1.00000e+01  +0.00000e+00  +0.00000e+00  +0.00000e+00  +0.00000e+00  +0.00000e+00  +0.00000e+00
 +6.70000e+02  +1.00000e+01  +0.00000e+00  +0.00000e+00  +0.00000e+00  +0.00000e+00  +0.00000e+00  +0.00000e+00
 +6.90000e+02  +1.00000e+01  +0.00000e+00  +0.00000e+00  +0.00000e+00  +0.00000e+00  +0.00000e+00  +0.00000e+00
 +7.10000e+02  +1.00000e+01  +0.00000e+00  +0.00000e+00  +0.00000e+00  +0.00000e+00  +0.00000e+00  +0.00000e+00
 +7.30000e+02  +1.00000e+01  +0.00000e+00  +0.00000e+00  +0.00000e+00  +0.00000e+00  +0.00000e+00  +0.00000e+00
 +7.50000e+02  +1.00000e+01  +0.00000e+00  +0.00000e+00  +0.00000e+00  +0.00000e+00  +0.00000e+00  +0.00000e+00
 +7.70000e+02  +1.00000e+01  +0.00000e+00  +0.00000e+00  +0.00000e+00  +0.00000e+00  +0.00000e+00  +0.00000e+00
 +7.90000e+02  +1.00000e+01  +0.00000e+00  +0.00000e+00  +0.00000e+00  +0.00000e+00  +0.00000e+00  +0.00000e+00
 +8.10000e+02  +1.00000e+01  +0.00000e+00  +0.00000e+00  +0.00000e+00  +0.00000e+00  +0.00000e+00  +0.00000e+00
 +8.30000e+02  +1.00000e+01  +0.00000e+00  +0.00000e+00  +0.00000e+00  +0.00000e+00  +0.00000e+00  +0.00000e+00
 +8.50000e+02  +1.00000e+01  +0.00000e+00  +0.00000e+00  +0.00000e+00  +0.00000e+00  +0.00000e+00  +0.00000e+00
 +8.70000e+02  +1.00000e+01  +0.00000e+00  +0.00000e+00  +0.00000e+00  +0.00000e+00  +0.00000e+00  +0.00000e+00
 +8.90000e+02  +1.00000e+01  +0.00000e+00  +0.00000e+00  +0.00000e+00  +0.00000e+00  +0.00000e+00  +0.00000e+00
 +9.10000e+02  +1.00000e+01  +0.00000e+00  +0.00000e+00  +0.00000e+00  +0.00000e+00  +0.00000e+00  +0.00000e+00
 +9.30000e+02  +1.00000e+01  +0.00000e+00  +0.00000e+00  +0.00000e+00  +0.00000e+00  +0.00000e+00  +0.00000e+00
 +9.50000e+02  +1.00000e+01  +0.00000e+00  +0.00000e+00  +0.00000e+00  +0.00000e+00  +0.00000e+00  +0.00000e+00
 +9.70000e+02  +1.00000e+01  +0.00000e+00  +0.00000e+00  +0.00000e+00  +0.00000e+00  +0.00000e+00  +0.00000e+00
 +9.90000e+02  +1.00000e+01  +0.00000e+00  +0.00000e+00  +0.00000e+00  +0.00000e+00  +0.00000e+00  +0.00000e+00
 +1.01000e+03  +1.00000e+01  +0.00000e+00  +0.00000e+00  +0.00000e+00  +0.00000e+00  +0.00000e+00  +0.00000e+00
 +1.03000e+03  +1.00000e+01  +0.00000e+00  +0.00000e+00  +0.00000e+00  +0.00000e+00  +0.00000e+00  +0.00000e+00
 +1.05000e+03  +1.00000e+01  +0.00000e+00  +0.00000e+00  +0.00000e+00  +0.00000e+00  +0.00000e+00  +0.00000e+00
 +1.07000e+03  +1.00000e+01  +0.00000e+00  +0.00000e+00  +0.00000e+00  +0.00000e+00  +0.00000e+00  +0.00000e+00
 +1.09000e+03  +1.00000e+01  +0.00000e+00  +0.00000e+00  +0.00000e+00  +0.00000e+00  +0.00000e+00  +0.00000e+00
 +1.11000e+03  +1.00000e+01  +0.00000e+00  +0.00000e+00  +0.00000e+00  +0.00000e+00  +0.00000e+00  +0.00000e+00
 +1.13000e+03  +1.00000e+01  +0.00000e+00  +0.00000e+00  +0.00000e+00  +0.00000e+00  +0.00000e+00  +0.00000e+00
 +1.15000e+03  +1.00000e+01  +0.00000e+00  +0.00000e+00  +0.00000e+00  +0.00000e+00  +0.00000e+00  +0.00000e+00
 +1.17000e+03  +1.00000e+01  +0.00000e+00  +0.00000e+00  +0.00000e+00  +0.00000e+00  +0.00000e+00  +0.00000e+00
 +1.19000e+03  +1.00000e+01  +0.00000e+00  +0.00000e+00  +0.00000e+00  +0.00000e+00  +0.00000e+00  +0.00000e+00
 +1.21000e+03  +1.00000e+01  +0.00000e+00  +0.00000e+00  +0.00000e+00  +0.00000e+00  +0.00000e+00  +0.00000e+00
 +1.23000e+03  +1.00000e+01  +0.00000e+00  +0.00000e+00  +0.00000e+00  +0.00000e+00  +0.00000e+00  +0.00000e+00
 +1.25000e+03  +1.00000e+01  +0.00000e+00  +0.00000e+00  +0.00000e+00  +0.00000e+00  +0.00000e+00  +0.00000e+00
 +1.27000e+03  +1.00000e+01  +0.00000e+00  +0.00000e+00  +0.00000e+00  +0.00000e+00  +0.00000e+00  +0.00000e+00
 +1.29000e+03  +1.00000e+01  +0.00000e+00  +0.00000e+00  +0.00000e+00  +0.00000e+00  +0.00000e+00  +0.00000e+00
 +1.31000e+03  +1.00000e+01  +0.00000e+00  +0.00000e+00  +0.00000e+00  +0.00000e+00  +0.00000e+00  +0.00000e+00
 +1.33000e+03  +1.00000e+01  +0.00000e+00  +0.00000e+00  +0.00000e+00  +0.00000e+00  +0.00000e+00  +0.00000e+00
 +1.35000e+03  +1.00000e+01  +0.00000e+00  +0.00000e+00  +0.00000e+00  +0.00000e+00  +0.00000e+00  +0.00000e+00
 +1.37000e+03  +1.00000e+01  +0.00000e+00  +0.00000e+00  +0.00000e+00  +0.00000e+00  +0.00000e+00  +0.00000e+00
 +1.39000e+03  +1.00000e+01  +0.00000e+00  +0.00000e+00  +0.00000e+00  +0.00000e+00  +0.00000e+00  +0.00000e+00
 +1.41000e+03  +1.00000e+01  +0.00000e+00  +0.00000e+00  +0.00000e+00  +0.00000e+00  +0.00000e+00  +0.00000e+00
 +1.43000e+03  +1.00000e+01  +0.00000e+00  +0.00000e+00  +0.00000e+00  +0.00000e+00  +0.00000e+00  +0.00000e+00
 +1.45000e+03  +1.00000e+01  +0.00000e+00  +0.00000e+00  +0.00000e+00  +0.00000e+00  +0.00000e+00  +0.00000e+00
 +1.47000e+03  +1.00000e+01  +0.00000e+00  +0.00000e+00  +0.00000e+00  +0.00000e+00  +0.00000e+00  +0.00000e+00
 +1.49000e+03  +1.00000e+01  +0.00000e+00  +0.00000e+00  +0.00000e+00  +0.00000e+00  +0.00000e+00  +0.00000e+00
 +1.51000e+03  +1.00000e+01  +0.00000e+00  +0.00000e+00  +0.00000e+00  +0.00000e+00  +0.00000e+00  +0.00000e+00
 +1.53000e+03  +1.00000e+01  +0.00000e+00  +0.00000e+00  +0.00000e+00  +0.00000e+00  +0.00000e+00  +0.00000e+00
 +1.55000e+03  +1.00000e+01  +0.00000e+00  +0.00000e+00  +0.00000e+00  +0.00000e+00  +0.00000e+00  +0.00000e+00
 +1.57000e+03  +1.00000e+01  +0.00000e+00  +0.00000e+00  +0.00000e+00  +0.00000e+00  +0.00000e+00  +0.00000e+00
 +1.59000e+03  +1.00000e+01  +0.00000e+00  +0.00000e+00  +0.00000e+00  +0.00000e+00  +0.00000e+00  +0.00000e+00
 +1.61000e+03  +1.00000e+01  +0.00000e+00  +0.00000e+00  +0.00000e+00  +0.00000e+00  +0.00000e+00  +0.00000e+00
 +1.63000e+03  +1.00000e+01  +0.00000e+00  +0.00000e+00  +0.00000e+00  +0.00000e+00  +0.00000e+00  +0.00000e+00
 +1.65000e+03  +1.00000e+01  +0.00000e+00  +0.00000e+00  +0.00000e+00  +0.00000e+00  +0.00000e+00  +0.00000e+00
 +1.67000e+03  +1.00000e+01  +0.00000e+00  +0.00000e+00  +0.00000e+00  +0.00000e+00  +0.00000e+00  +0.00000e+00
 +1.69000e+03  +1.00000e+01  +0.00000e+00  +0.00000e+00  +0.00000e+00  +0.00000e+00  +0.00000e+00  +0.00000e+00
 +1.71000e+03  +1.00000e+01  +0.00000e+00  +0.00000e+00  +0.00000e+00  +0.00000e+00  +0.00000e+00  +0.00000e+00
 +1.73000e+03  +1.00000e+01  +0.00000e+00  +0.00000e+00  +0.00000e+00  +0.00000e+00  +0.00000e+00  +0.00000e+00
 +1.75000e+03  +1.00000e+01  +0.00000e+00  +0.00000e+00  +0.00000e+00  +0.00000e+00  +0.00000e+00  +0.00000e+00
 +1.77000e+03  +1.00000e+01  +0.00000e+00  +0.00000e+00  +0.00000e+00  +0.00000e+00  +0.00000e+00  +0.00000e+00
 +1.79000e+03  +1.00000e+01  +0.00000e+00  +0.00000e+00  +0.00000e+00  +0.00000e+00  +0.00000e+00  +0.00000e+00
 +1.81000e+03  +1.00000e+01  +0.00000e+00  +0.00000e+00  +0.00000e+00  +0.00000e+00  +0.00000e+00  +0.00000e+00
 +1.83000e+03  +1.00000e+01  +0.00000e+00  +0.00000e+00  +0.00000e+00  +0.00000e+00  +0.00000e+00  +0.00000e+00
 +1.85000e+03  +1.00000e+01  +0.00000e+00  +0.00000e+00  +0.00000e+00  +0.00000e+00  +0.00000e+00  +0.00000e+00
 +1.87000e+03  +1.00000e+01  +0.00000e+00  +0.00000e+00  +0.00000e+00  +0.00000e+00  +0.00000e+00  +0.00000e+00
 +1.89000e+03  +1.00000e+01  +0.00000e+00  +0.00000e+00  +0.00000e+00  +0.00000e+00  +0.00000e+00  +0.00000e+00
 +1.91000e+03  +1.00000e+01  +0.00000e+00  +0.00000e+00  +0.00000e+00  +0.00000e+00  +0.00000e+00  +0.00000e+00
 +1.93000e+03  +1.00000e+01  +0.00000e+00  +0.00000e+00  +0.00000e+00  +0.00000e+00  +0.00000e+00  +0.00000e+00
 +1.95000e+03  +1.00000e+01  +0.00000e+00  +0.00000e+00  +0.00000e+00  +0.00000e+00  +0.00000e+00  +0.00000e+00
 +1.97000e+03  +1.00000e+01  +0.00000e+00  +0.00000e+00  +0.00000e+00  +0.00000e+00  +0.00000e+00  +0.00000e+00
 +1.99000e+03  +1.00000e+01  +0.00000e+00  +0.00000e+00  +0.00000e+00  +0.00000e+00  +0.00000e+00  +0.00000e+00
 +2.01000e+03  +1.00000e+01  +0.00000e+00  +0.00000e+00  +0.00000e+00  +0.00000e+00  +0.00000e+00  +0.00000e+00
 +2.03000e+03  +1.00000e+01  +0.00000e+00  +0.00000e+00  +0.00000e+00  +0.00000e+00  +0.00000e+00  +0.00000e+00
 +2.05000e+03  +1.00000e+01  +0.00000e+00  +0.00000e+00  +0.00000e+00  +0.00000e+00  +0.00000e+00  +0.00000e+00
 +2.07000e+03  +1.00000e+01  +0.00000e+00  +0.00000e+00  +0.00000e+00  +0.00000e+00  +0.00000e+00  +0.00000e+00
 +2.09000e+03  +1.00000e+01  +0.00000e+00  +0.00000e+00  +0.00000e+00  +0.00000e+00  +0.00000e+00  +0.00000e+00
 +2.11000e+03  +1.00000e+01  +0.00000e+00  +0.00000e+00  +0.00000e+00  +0.00000e+00  +0.00000e+00  +0.00000e+00
 +2.13000e+03  +1.00000e+01  +0.00000e+00  +0.00000e+00  +0.00000e+00  +0.00000e+00  +0.00000e+00  +0.00000e+00
 +2.15000e+03  +1.00000e+01  +0.00000e+00  +0.00000e+00  +0.00000e+00  +0.00000e+00  +0.00000e+00  +0.00000e+00
 +2.17000e+03  +1.00000e+01  +0.00000e+00  +0.00000e+00  +0.00000e+00  +0.00000e+00  +0.00000e+00  +0.00000e+00
 +2.19000e+03  +1.00000e+01  +0.00000e+00  +0.00000e+00  +0.00000e+00  +0.00000e+00  +0.00000e+00  +0.00000e+00
 +2.21000e+03  +1.00000e+01  +0.00000e+00  +0.00000e+00  +0.00000e+00  +0.00000e+00  +0.00000e+00  +0.00000e+00
 +2.23000e+03  +1.00000e+01  +0.00000e+00  +0.00000e+00  +0.00000e+00  +0.00000e+00  +0.00000e+00  +0.00000e+00
 +2.25000e+03  +1.00000e+01  +0.00000e+00  +0.00000e+00  +0.00000e+00  +0.00000e+00  +0.00000e+00  +0.00000e+00
 +2.27000e+03  +1.00000e+01  +0.00000e+00  +0.00000e+00  +0.00000e+00  +0.00000e+00  +0.00000e+00  +0.00000e+00
 +2.29000e+03  +1.00000e+01  +0.00000e+00  +0.00000e+00  +0.00000e+00  +0.00000e+00  +0.00000e+00  +0.00000e+00
 +2.31000e+03  +1.00000e+01  +0.00000e+00  +0.00000e+00  +0.00000e+00  +0.00000e+00  +0.00000e+00  +0.00000e+00
 +2.33000e+03  +1.00000e+01  +0.00000e+00  +0.00000e+00  +0.00000e+00  +0.00000e+00  +0.00000e+00  +0.00000e+00
 +2.35000e+03  +1.00000e+01  +0.00000e+00  +0.00000e+00  +0.00000e+00  +0.00000e+00  +0.00000e+00  +0.00000e+00
 +2.37000e+03  +1.00000e+01  +0.00000e+00  +0.00000e+00  +0.00000e+00  +0.00000e+00  +0.00000e+00  +0.00000e+00
 +2.39000e+03  +1.00000e+01  +0.00000e+00  +0.00000e+00  +0.00000e+00  +0.00000e+00  +0.00000e+00  +0.00000e+00
 +2.41000e+03  +1.00000e+01  +0.00000e+00  +0.00000e+00  +0.00000e+00  +0.00000e+00  +0.00000e+00  +0.00000e+00
 +2.43000e+03  +1.00000e+01  +0.00000e+00  +0.00000e+00  +0.00000e+00  +0.00000e+00  +0.00000e+00  +0.00000e+00
 +2.45000e+03  +1.00000e+01  +0.00000e+00  +0.00000e+00  +0.00000e+00  +0.00000e+00  +0.00000e+00  +0.00000e+00
 +2.47000e+03  +1.00000e+01  +0.00000e+00  +0.00000e+00  +0.00000e+00  +0.00000e+00  +0.00000e+00  +0.00000e+00
 +2.49000e+03  +1.00000e+01  +0.00000e+00  +0.00000e+00  +0.00000e+00  +0.00000e+00  +0.00000e+00  +0.00000e+00
 +2.51000e+03  +1.00000e+01  +0.00000e+00  +0.00000e+00  +0.00000e+00  +0.00000e+00  +0.00000e+00  +0.00000e+00
 +2.53000e+03  +1.00000e+01  +0.00000e+00  +0.00000e+00  +0.00000e+00  +0.00000e+00  +0.00000e+00  +0.00000e+00
 +2.55000e+03  +1.00000e+01  +0.00000e+00  +0.00000e+00  +0.00000e+00  +0.00000e+00  +0.00000e+00  +0.00000e+00
 +2.57000e+03  +1.00000e+01  +0.00000e+00  +0.00000e+00  +0.00000e+00  +0.00000e+00  +0.00000e+00  +0.00000e+00
 +2.59000e+03  +1.00000e+01  +0.00000e+00  +0.00000e+00  +0.00000e+00  +0.00000e+00  +0.00000e+00  +0.00000e+00
 +2.61000e+03  +1.00000e+01  +0.00000e+00  +0.00000e+00  +0.00000e+00  +0.00000e+00  +0.00000e+00  +0.00000e+00
 +2.63000e+03  +1.00000e+01  +0.00000e+00  +0.00000e+00  +0.00000e+00  +0.00000e+00  +0.00000e+00  +0.00000e+00
 +2.65000e+03  +1.00000e+01  +0.00000e+00  +0.00000e+00  +0.00000e+00  +0.00000e+00  +0.00000e+00  +0.00000e+00
 +2.67000e+03  +1.00000e+01  +0.00000e+00  +0.00000e+00  +0.00000e+00  +0.00000e+00  +0.00000e+00  +0.00000e+00
 +2.69000e+03  +1.00000e+01  +0.00000e+00  +0.00000e+00  +0.00000e+00  +0.00000e+00  +0.00000e+00  +0.00000e+00
 +2.71000e+03  +1.00000e+01  +0.00000e+00  +0.00000e+00  +0.00000e+00  +0.00000e+00  +0.00000e+00  +0.00000e+00
 +2.73000e+03  +1.00000e+01  +0.00000e+00  +0.00000e+00  +0.00000e+00  +0.00000e+00  +0.00000e+00  +0.00000e+00
 +2.75000e+03  +1.00000e+01  +0.00000e+00  +0.00000e+00  +0.00000e+00  +0.00000e+00  +0.00000e+00  +0.00000e+00
 +2.77000e+03  +1.00000e+01  +0.00000e+00  +0.00000e+00  +0.00000e+00  +0.00000e+00  +0.00000e+00  +0.00000e+00
 +2.79000e+03  +1.00000e+01  +0.00000e+00  +0.00000e+00  +0.00000e+00  +0.00000e+00  +0.00000e+00  +0.00000e+00
 +2.81000e+03  +1.00000e+01  +0.00000e+00  +0.00000e+00  +0.00000e+00  +0.00000e+00  +0.00000e+00  +0.00000e+00
 +2.83000e+03  +1.00000e+01  +0.00000e+00  +0.00000e+00  +0.00000e+00  +0.00000e+00  +0.00000e+00  +0.00000e+00
 +2.85000e+03  +1.00000e+01  +0.00000e+00  +0.00000e+00  +0.00000e+00  +0.00000e+00  +0.00000e+00  +0.00000e+00
 +2.87000e+03  +1.00000e+01  +0.00000e+00  +0.00000e+00  +0.00000e+00  +0.00000e+00  +0.00000e+00  +0.00000e+00
 +2.89000e+03  +1.00000e+01  +0.00000e+00  +0.00000e+00  +0.00000e+00  +0.00000e+00  +0.00000e+00  +0.00000e+00
 +2.91000e+03  +1.00000e+01  +0.00000e+00  +0.00000e+00  +0.00000e+00  +0.00000e+00  +0.00000e+00  +0.00000e+00
 +2.93000e+03  +1.00000e+01  +0.00000e+00  +0.00000e+00  +0.00000e+00  +0.00000e+00  +0.00000e+00  +0.00000e+00
 +2.95000e+03  +1.00000e+01  +0.00000e+00  +0.00000e+00  +0.00000e+00  +0.00000e+00  +0.00000e+00  +0.00000e+00
 +2.97000e+03  +1.00000e+01  +0.00000e+00  +0.00000e+00  +0.00000e+00  +0.00000e+00  +0.00000e+00  +0.00000e+00
 +2.99000e+03  +1.00000e+01  +0.00000e+00  +0.00000e+00  +0.00000e+00  +0.00000e+00  +0.00000e+00  +0.00000e+00
 +3.01000e+03  +1.00000e+01  +0.00000e+00  +0.00000e+00  +0.00000e+00  +0.00000e+00  +0.00000e+00  +0.00000e+00
 +3.03000e+03  +1.00000e+01  +0.00000e+00  +0.00000e+00  +0.00000e+00  +0.00000e+00  +0.00000e+00  +0.00000e+00
 +3.05000e+03  +1.00000e+01  +0.00000e+00  +0.00000e+00  +0.00000e+00  +0.00000e+00  +0.00000e+00  +0.00000e+00
 +3.07000e+03  +1.00000e+01  +0.00000e+00  +0.00000e+00  +0.00000e+00  +0.00000e+00  +0.00000e+00  +0.00000e+00
 +3.09000e+03  +1.00000e+01  +0.00000e+00  +0.00000e+00  +0.00000e+00  +0.00000e+00  +0.00000e+00  +0.00000e+00
 +3.11000e+03  +1.00000e+01  +0.00000e+00  +0.00000e+00  +0.00000e+00  +0.00000e+00  +0.00000e+00  +0.00000e+00
 +3.13000e+03  +1.00000e+01  +0.00000e+00  +0.00000e+00  +0.00000e+00  +0.00000e+00  +0.00000e+00  +0.00000e+00
 +3.15000e+03  +1.00000e+01  +0.00000e+00  +0.00000e+00  +0.00000e+00  +0.00000e+00  +0.00000e+00  +0.00000e+00
 +3.17000e+03  +1.00000e+01  +0.00000e+00  +0.00000e+00  +0.00000e+00  +0.00000e+00  +0.00000e+00  +0.00000e+00
 +3.19000e+03  +1.00000e+01  +0.00000e+00  +0.00000e+00  +0.00000e+00  +0.00000e+00  +0.00000e+00  +0.00000e+00
 +3.21000e+03  +1.00000e+01  +0.00000e+00  +0.00000e+00  +0.00000e+00  +0.00000e+00  +0.00000e+00  +0.00000e+00
 +3.23000e+03  +1.00000e+01  +0.00000e+00  +0.00000e+00  +0.00000e+00  +0.00000e+00  +0.00000e+00  +0.00000e+00
 +3.25000e+03  +1.00000e+01  +0.00000e+00  +0.00000e+00  +0.00000e+00  +0.00000e+00  +0.00000e+00  +0.00000e+00
 +3.27000e+03  +1.00000e+01  +0.00000e+00  +0.00000e+00  +0.00000e+00  +0.00000e+00  +0.00000e+00  +0.00000e+00
 +3.29000e+03  +1.00000e+01  +0.00000e+00  +0.00000e+00  +0.00000e+00  +0.00000e+00  +0.00000e+00  +0.00000e+00
 +3.31000e+03  +1.00000e+01  +0.00000e+00  +0.00000e+00  +0.00000e+00  +0.00000e+00  +0.00000e+00  +0.00000e+00
 +3.33000e+03  +1.00000e+01  +0.00000e+00  +0.00000e+00  +0.00000e+00  +0.00000e+00  +0.00000e+00  +0.00000e+00
 +3.35000e+03  +1.00000e+01  +0.00000e+00  +0.00000e+00  +0.00000e+00  +0.00000e+00  +0.00000e+00  +0.00000e+00
 +3.37000e+03  +1.00000e+01  +0.00000e+00  +0.00000e+00  +0.00000e+00  +0.00000e+00  +0.00000e+00  +0.00000e+00
 +3.39000e+03  +1.00000e+01  +0.00000e+00  +0.00000e+00  +0.00000e+00  +0.00000e+00  +0.00000e+00  +0.00000e+00
 +3.41000e+03  +1.00000e+01  +0.00000e+00  +0.00000e+00  +0.00000e+00  +0.00000e+00  +0.00000e+00  +0.00000e+00
 +3.43000e+03  +1.00000e+01  +0.00000e+00  +0.00000e+00  +0.00000e+00  +0.00000e+00  +0.00000e+00  +0.00000e+00
 +3.45000e+03  +1.00000e+01  +0.00000e+00  +0.00000e+00  +0.00000e+00  +0.00000e+00  +0.00000e+00  +0.00000e+00
 +3.47000e+03  +1.00000e+01  +0.00000e+00  +0.00000e+00  +0.00000e+00  +0.00000e+00  +0.00000e+00  +0.00000e+00
 +3.49000e+03  +1.00000e+01  +0.00000e+00  +0.00000e+00  +0.00000e+00  +0.00000e+00  +0.00000e+00  +0.00000e+00
 +3.51000e+03  +1.00000e+01  +0.00000e+00  +0.00000e+00  +0.00000e+00  +0.00000e+00  +0.00000e+00  +0.00000e+00
 +3.53000e+03  +1.00000e+01  +0.00000e+00  +0.00000e+00  +0.00000e+00  +0.00000e+00  +0.00000e+00  +0.00000e+00
 +3.55000e+03  +1.00000e+01  +0.00000e+00  +0.00000e+00  +0.00000e+00  +0.00000e+00  +0.00000e+00  +0.00000e+00
 +3.57000e+03  +1.00000e+01  +0.00000e+00  +0.00000e+00  +0.00000e+00  +0.00000e+00  +0.00000e+00  +0.00000e+00
 +3.59000e+03  +1.00000e+01  +0.00000e+00  +0.00000e+00  +0.00000e+00  +0.00000e+00  +0.00000e+00  +0.00000e+00
 +3.61000e+03  +1.00000e+01  +0.00000e+00  +0.00000e+00  +0.00000e+00  +0.00000e+00  +0.00000e+00  +0.00000e+00
 +3.63000e+03  +1.00000e+01  +0.00000e+00  +0.00000e+00  +0.00000e+00  +0.00000e+00  +0.00000e+00  +0.00000e+00
 +3.65000e+03  +1.00000e+01  +0.00000e+00  +0.00000e+00  +0.00000e+00  +0.00000e+00  +0.00000e+00  +0.00000e+00
 +3.67000e+03  +1.00000e+01  +0.00000e+00  +0.00000e+00  +0.00000e+00  +0.00000e+00  +0.00000e+00  +0.00000e+00
 +3.69000e+03  +1.00000e+01  +0.00000e+00  +0.00000e+00  +0.00000e+00  +0.00000e+00  +0.00000e+00  +0.00000e+00
 +3.71000e+03  +1.00000e+01  +0.00000e+00  +0.00000e+00  +0.00000e+00  +0.00000e+00  +0.00000e+00  +0.00000e+00
 +3.73000e+03  +1.00000e+01  +0.00000e+00  +0.00000e+00  +0.00000e+00  +0.00000e+00  +0.00000e+00  +0.00000e+00
 +3.75000e+03  +1.00000e+01  +0.00000e+00  +0.00000e+00  +0.00000e+00  +0.00000e+00  +0.00000e+00  +0.00000e+00
 +3.77000e+03  +1.00000e+01  +0.00000e+00  +0.00000e+00  +0.00000e+00  +0.00000e+00  +0.00000e+00  +0.00000e+00
 +3.79000e+03  +1.00000e+01  +0.00000e+00  +0.00000e+00  +0.00000e+00  +0.00000e+00  +0.00000e+00  +0.00000e+00
 +3.81000e+03  +1.00000e+01  +0.00000e+00  +0.00000e+00  +0.00000e+00  +0.00000e+00  +0.00000e+00  +0.00000e+00
 +3.83000e+03  +1.00000e+01  +0.00000e+00  +0.00000e+00  +0.00000e+00  +0.00000e+00  +0.00000e+00  +0.00000e+00
 +3.85000e+03  +1.00000e+01  +0.00000e+00  +0.00000e+00  +0.00000e+00  +0.00000e+00  +0.00000e+00  +0.00000e+00
 +3.87000e+03  +1.00000e+01  +0.00000e+00  +0.00000e+00  +0.00000e+00  +0.00000e+00  +0.00000e+00  +0.00000e+00
 +3.89000e+03  +1.00000e+01  +0.00000e+00  +0.00000e+00  +0.00000e+00  +0.00000e+00  +0.00000e+00  +0.00000e+00
 +3.91000e+03  +1.00000e+01  +0.00000e+00  +0.00000e+00  +0.00000e+00  +0.00000e+00  +0.00000e+00  +0.00000e+00
 +3.93000e+03  +1.00000e+01  +0.00000e+00  +0.00000e+00  +0.00000e+00  +0.00000e+00  +0.00000e+00  +0.00000e+00
 +3.95000e+03  +1.00000e+01  +0.00000e+00  +0.00000e+00  +0.00000e+00  +0.00000e+00  +0.00000e+00  +0.00000e+00
 +3.97000e+03  +1.00000e+01  +0.00000e+00  +0.00000e+00  +0.00000e+00  +0.00000e+00  +0.00000e+00  +0.00000e+00
 +3.99000e+03  +1.00000e+01  +0.00000e+00  +0.00000e+00  +0.00000e+00  +0.00000e+00  +0.00000e+00  +0.00000e+00
 +4.01000e+03  +1.00000e+01  +0.00000e+00  +0.00000e+00  +0.00000e+00  +0.00000e+00  +0.00000e+00  +0.00000e+00
 +4.03000e+03  +1.00000e+01  +0.00000e+00  +0.00000e+00  +0.00000e+00  +0.00000e+00  +0.00000e+00  +0.00000e+00
 +4.05000e+03  +1.00000e+01  +0.00000e+00  +0.00000e+00  +0.00000e+00  +0.00000e+00  +0.00000e+00  +0.00000e+00
 +4.07000e+03  +1.00000e+01  +0.00000e+00  +0.00000e+00  +0.00000e+00  +0.00000e+00  +0.00000e+00  +0.00000e+00
 +4.09000e+03  +1.00000e+01  +0.00000e+00  +0.00000e+00  +0.00000e+00  +0.00000e+00  +0.00000e+00  +0.00000e+00
 +4.11000e+03  +1.00000e+01  +0.00000e+00  +0.00000e+00  +0.00000e+00  +0.00000e+00  +0.00000e+00  +0.00000e+00
 +4.13000e+03  +1.00000e+01  +0.00000e+00  +0.00000e+00  +0.00000e+00  +0.00000e+00  +0.00000e+00  +0.00000e+00
 +4.15000e+03  +1.00000e+01  +0.00000e+00  +0.00000e+00  +0.00000e+00  +0.00000e+00  +0.00000e+00  +0.00000e+00
 +4.17000e+03  +1.00000e+01  +0.00000e+00  +0.00000e+00  +0.00000e+00  +0.00000e+00  +0.00000e+00  +0.00000e+00
 +4.19000e+03  +1.00000e+01  +0.00000e+00  +0.00000e+00  +0.00000e+00  +0.00000e+00  +0.00000e+00  +0.00000e+00
 +4.21000e+03  +1.00000e+01  +0.00000e+00  +0.00000e+00  +0.00000e+00  +0.00000e+00  +0.00000e+00  +0.00000e+00
 +4.23000e+03  +1.00000e+01  +0.00000e+00  +0.00000e+00  +0.00000e+00  +0.00000e+00  +0.00000e+00  +0.00000e+00
 +4.25000e+03  +1.00000e+01  +0.00000e+00  +0.00000e+00  +0.00000e+00  +0.00000e+00  +0.00000e+00  +0.00000e+00
 +4.27000e+03  +1.00000e+01  +0.00000e+00  +0.00000e+00  +0.00000e+00  +0.00000e+00  +0.00000e+00  +0.00000e+00
 +4.29000e+03  +1.00000e+01  +0.00000e+00  +0.00000e+00  +0.00000e+00  +0.00000e+00  +0.00000e+00  +0.00000e+00
 +4.31000e+03  +1.00000e+01  +0.00000e+00  +0.00000e+00  +0.00000e+00  +0.00000e+00  +0.00000e+00  +0.00000e+00
 +4.33000e+03  +1.00000e+01  +0.00000e+00  +0.00000e+00  +0.00000e+00  +0.00000e+00  +0.00000e+00  +0.00000e+00
 +4.35000e+03  +1.00000e+01  +0.00000e+00  +0.00000e+00  +0.00000e+00  +0.00000e+00  +0.00000e+00  +0.00000e+00
 +4.37000e+03  +1.00000e+01  +0.00000e+00  +0.00000e+00  +0.00000e+00  +0.00000e+00  +0.00000e+00  +0.00000e+00
 +4.39000e+03  +1.00000e+01  +0.00000e+00  +0.00000e+00  +0.00000e+00  +0.00000e+00  +0.00000e+00  +0.00000e+00

