  # ATEX 27-7-06
# zf thl qt u v tke
 +1.00000e+01  +2.99500e+02  +1.51940e-02  +1.00000e+01  +0.00000e+00  +1.50000e-01
 +3.00000e+01  +3.00500e+02  +1.51820e-02  +1.00000e+01  +0.00000e+00  +1.50000e-01
 +5.00000e+01  +3.01500e+02  +1.51700e-02  +1.00000e+01  +0.00000e+00  +1.50000e-01
 +7.00000e+01  +3.01567e+02  +1.51573e-02  +1.00000e+01  +0.00000e+00  +1.50000e-01
 +9.00000e+01  +3.01633e+02  +1.51447e-02  +1.00000e+01  +0.00000e+00  +1.50000e-01
 +1.10000e+02  +3.01700e+02  +1.51320e-02  +1.00000e+01  +0.00000e+00  +1.50000e-01
 +1.30000e+02  +3.01767e+02  +1.51193e-02  +1.00000e+01  +0.00000e+00  +1.50000e-01
 +1.50000e+02  +3.01833e+02  +1.51067e-02  +1.00000e+01  +0.00000e+00  +1.50000e-01
 +1.70000e+02  +3.01900e+02  +1.50940e-02  +1.00000e+01  +0.00000e+00  +1.50000e-01
 +1.90000e+02  +3.01967e+02  +1.50813e-02  +1.00000e+01  +0.00000e+00  +1.50000e-01
 +2.10000e+02  +3.02033e+02  +1.50687e-02  +1.00000e+01  +0.00000e+00  +1.50000e-01
 +2.30000e+02  +3.02100e+02  +1.50560e-02  +1.00000e+01  +0.00000e+00  +1.50000e-01
 +2.50000e+02  +3.02167e+02  +1.50433e-02  +1.00000e+01  +0.00000e+00  +1.50000e-01
 +2.70000e+02  +3.02233e+02  +1.50307e-02  +1.00000e+01  +0.00000e+00  +1.50000e-01
 +2.90000e+02  +3.02300e+02  +1.50180e-02  +1.00000e+01  +0.00000e+00  +1.50000e-01
 +3.10000e+02  +3.02367e+02  +1.50053e-02  +1.00000e+01  +0.00000e+00  +1.50000e-01
 +3.30000e+02  +3.02433e+02  +1.49927e-02  +1.00000e+01  +0.00000e+00  +1.50000e-01
 +3.50000e+02  +3.02500e+02  +1.49800e-02  +1.00000e+01  +0.00000e+00  +1.50000e-01
 +3.70000e+02  +3.02569e+02  +1.49680e-02  +1.00000e+01  +0.00000e+00  +1.50000e-01
 +3.90000e+02  +3.02637e+02  +1.49560e-02  +1.00000e+01  +0.00000e+00  +1.50000e-01
 +4.10000e+02  +3.02706e+02  +1.49440e-02  +1.00000e+01  +0.00000e+00  +1.50000e-01
 +4.30000e+02  +3.02775e+02  +1.49320e-02  +1.00000e+01  +0.00000e+00  +1.50000e-01
 +4.50000e+02  +3.02843e+02  +1.49200e-02  +1.00000e+01  +0.00000e+00  +1.50000e-01
 +4.70000e+02  +3.02912e+02  +1.49080e-02  +1.00000e+01  +0.00000e+00  +1.50000e-01
 +4.90000e+02  +3.02981e+02  +1.48960e-02  +1.00000e+01  +0.00000e+00  +1.50000e-01
 +5.10000e+02  +3.03049e+02  +1.48840e-02  +1.00000e+01  +0.00000e+00  +1.50000e-01
 +5.30000e+02  +3.03118e+02  +1.48720e-02  +1.00000e+01  +0.00000e+00  +1.50000e-01
 +5.50000e+02  +3.03187e+02  +1.48600e-02  +1.00000e+01  +0.00000e+00  +1.50000e-01
 +5.70000e+02  +3.03255e+02  +1.48480e-02  +1.00000e+01  +0.00000e+00  +1.50000e-01
 +5.90000e+02  +3.03324e+02  +1.48360e-02  +1.00000e+01  +0.00000e+00  +1.50000e-01
 +6.10000e+02  +3.03393e+02  +1.48240e-02  +1.00000e+01  +0.00000e+00  +1.50000e-01
 +6.30000e+02  +3.03461e+02  +1.48120e-02  +1.00000e+01  +0.00000e+00  +1.50000e-01
 +6.50000e+02  +3.03530e+02  +1.48000e-02  +1.00000e+01  +0.00000e+00  +1.50000e-01
 +6.70000e+02  +3.03598e+02  +1.47600e-02  +1.00000e+01  +0.00000e+00  +1.50000e-01
 +6.90000e+02  +3.03666e+02  +1.47200e-02  +1.00000e+01  +0.00000e+00  +1.50000e-01
 +7.10000e+02  +3.03757e+02  +1.46800e-02  +1.00000e+01  +0.00000e+00  +1.50000e-01
 +7.30000e+02  +3.03872e+02  +1.46400e-02  +1.00000e+01  +0.00000e+00  +1.50000e-01
 +7.50000e+02  +3.03986e+02  +1.46000e-02  +1.00000e+01  +0.00000e+00  +1.50000e-01
 +7.70000e+02  +3.04100e+02  +1.45600e-02  +1.00000e+01  +0.00000e+00  +1.50000e-01
 +7.90000e+02  +3.04215e+02  +1.45200e-02  +1.00000e+01  +0.00000e+00  +1.50000e-01
 +8.10000e+02  +3.04329e+02  +1.44800e-02  +1.00000e+01  +0.00000e+00  +1.50000e-01
 +8.30000e+02  +3.04443e+02  +1.44400e-02  +1.00000e+01  +0.00000e+00  +1.50000e-01
 +8.50000e+02  +3.04557e+02  +1.44000e-02  +1.00000e+01  +0.00000e+00  +1.50000e-01
 +8.70000e+02  +3.04672e+02  +1.43600e-02  +1.00000e+01  +0.00000e+00  +1.50000e-01
 +8.90000e+02  +3.04786e+02  +1.43200e-02  +1.00000e+01  +0.00000e+00  +1.50000e-01
 +9.10000e+02  +3.04901e+02  +1.42800e-02  +1.00000e+01  +0.00000e+00  +1.50000e-01
 +9.30000e+02  +3.05015e+02  +1.42400e-02  +1.00000e+01  +0.00000e+00  +1.50000e-01
 +9.50000e+02  +3.05129e+02  +1.42000e-02  +1.00000e+01  +0.00000e+00  +1.50000e-01
 +9.70000e+02  +3.05243e+02  +1.41600e-02  +1.00000e+01  +0.00000e+00  +1.50000e-01
 +9.90000e+02  +3.05358e+02  +1.41200e-02  +1.00000e+01  +0.00000e+00  +1.50000e-01
 +1.01000e+03  +3.05472e+02  +1.40800e-02  +1.00000e+01  +0.00000e+00  +1.50000e-01
 +1.03000e+03  +3.05587e+02  +1.40400e-02  +1.00000e+01  +0.00000e+00  +1.50000e-01
 +1.05000e+03  +3.05701e+02  +1.40000e-02  +1.00000e+01  +0.00000e+00  +1.50000e-01
 +1.07000e+03  +3.05815e+02  +1.39600e-02  +1.00000e+01  +0.00000e+00  +1.50000e-01
 +1.09000e+03  +3.05930e+02  +1.39200e-02  +1.00000e+01  +0.00000e+00  +1.50000e-01
 +1.11000e+03  +3.06044e+02  +1.38800e-02  +1.00000e+01  +0.00000e+00  +1.50000e-01
 +1.13000e+03  +3.06158e+02  +1.38400e-02  +1.00000e+01  +0.00000e+00  +1.50000e-01
 +1.15000e+03  +3.06273e+02  +1.38000e-02  +1.00000e+01  +0.00000e+00  +1.50000e-01
 +1.17000e+03  +3.06387e+02  +1.37600e-02  +1.00000e+01  +0.00000e+00  +1.50000e-01
 +1.19000e+03  +3.06501e+02  +1.37200e-02  +1.00000e+01  +0.00000e+00  +1.50000e-01
 +1.21000e+03  +3.06616e+02  +1.36800e-02  +1.00000e+01  +0.00000e+00  +1.50000e-01
 +1.23000e+03  +3.06730e+02  +1.36400e-02  +1.00000e+01  +0.00000e+00  +1.50000e-01
 +1.25000e+03  +3.06844e+02  +1.36000e-02  +1.00000e+01  +0.00000e+00  +1.50000e-01
 +1.27000e+03  +3.06958e+02  +1.35600e-02  +1.00000e+01  +0.00000e+00  +1.50000e-01
 +1.29000e+03  +3.07073e+02  +1.35200e-02  +1.00000e+01  +0.00000e+00  +1.50000e-01
 +1.31000e+03  +3.07187e+02  +1.34125e-02  +1.00000e+01  +0.00000e+00  +1.50000e-01
 +1.33000e+03  +3.07302e+02  +1.32375e-02  +1.00000e+01  +0.00000e+00  +1.50000e-01
 +1.35000e+03  +3.07416e+02  +1.30625e-02  +1.00000e+01  +0.00000e+00  +1.50000e-01
 +1.37000e+03  +3.07531e+02  +1.28875e-02  +1.00000e+01  +0.00000e+00  +1.50000e-01
 +1.39000e+03  +3.07645e+02  +1.27125e-02  +1.00000e+01  +0.00000e+00  +1.50000e-01
 +1.41000e+03  +3.07760e+02  +1.25375e-02  +1.00000e+01  +0.00000e+00  +1.50000e-01
 +1.43000e+03  +3.07874e+02  +1.23625e-02  +1.00000e+01  +0.00000e+00  +1.50000e-01
 +1.45000e+03  +3.07989e+02  +1.21875e-02  +1.00000e+01  +0.00000e+00  +1.50000e-01
 +1.47000e+03  +3.08103e+02  +1.20125e-02  +1.00000e+01  +0.00000e+00  +1.50000e-01
 +1.49000e+03  +3.08218e+02  +1.18375e-02  +1.00000e+01  +0.00000e+00  +1.50000e-01
 +1.51000e+03  +3.08332e+02  +1.16625e-02  +1.00000e+01  +0.00000e+00  +1.50000e-01
 +1.53000e+03  +3.08447e+02  +1.14875e-02  +1.00000e+01  +0.00000e+00  +1.50000e-01
 +1.55000e+03  +3.08561e+02  +1.13125e-02  +1.00000e+01  +0.00000e+00  +1.50000e-01
 +1.57000e+03  +3.08676e+02  +1.11375e-02  +1.00000e+01  +0.00000e+00  +1.50000e-01
 +1.59000e+03  +3.08790e+02  +1.09625e-02  +1.00000e+01  +0.00000e+00  +1.50000e-01
 +1.61000e+03  +3.08905e+02  +1.07875e-02  +1.00000e+01  +0.00000e+00  +1.50000e-01
 +1.63000e+03  +3.09019e+02  +1.06125e-02  +1.00000e+01  +0.00000e+00  +1.50000e-01
 +1.65000e+03  +3.09134e+02  +1.04375e-02  +1.00000e+01  +0.00000e+00  +1.50000e-01
 +1.67000e+03  +3.09248e+02  +1.02625e-02  +1.00000e+01  +0.00000e+00  +1.50000e-01
 +1.69000e+03  +3.09363e+02  +1.00875e-02  +1.00000e+01  +0.00000e+00  +1.50000e-01
 +1.71000e+03  +3.09477e+02  +9.91250e-03  +1.00000e+01  +0.00000e+00  +1.50000e-01
 +1.73000e+03  +3.09592e+02  +9.73750e-03  +1.00000e+01  +0.00000e+00  +1.50000e-01
 +1.75000e+03  +3.09706e+02  +9.56250e-03  +1.00000e+01  +0.00000e+00  +1.50000e-01
 +1.77000e+03  +3.09821e+02  +9.38750e-03  +1.00000e+01  +0.00000e+00  +1.50000e-01
 +1.79000e+03  +3.09935e+02  +9.21250e-03  +1.00000e+01  +0.00000e+00  +1.50000e-01
 +1.81000e+03  +3.10050e+02  +9.03750e-03  +1.00000e+01  +0.00000e+00  +1.50000e-01
 +1.83000e+03  +3.10164e+02  +8.86250e-03  +1.00000e+01  +0.00000e+00  +1.50000e-01
 +1.85000e+03  +3.10279e+02  +8.68750e-03  +1.00000e+01  +0.00000e+00  +1.50000e-01
 +1.87000e+03  +3.10393e+02  +8.51250e-03  +1.00000e+01  +0.00000e+00  +1.50000e-01
 +1.89000e+03  +3.10508e+02  +8.33750e-03  +1.00000e+01  +0.00000e+00  +1.50000e-01
 +1.91000e+03  +3.10622e+02  +8.16250e-03  +1.00000e+01  +0.00000e+00  +1.50000e-01
 +1.93000e+03  +3.10737e+02  +7.98750e-03  +1.00000e+01  +0.00000e+00  +1.50000e-01
 +1.95000e+03  +3.10851e+02  +7.81250e-03  +1.00000e+01  +0.00000e+00  +1.50000e-01
 +1.97000e+03  +3.10966e+02  +7.63750e-03  +1.00000e+01  +0.00000e+00  +1.50000e-01
 +1.99000e+03  +3.11080e+02  +7.46250e-03  +1.00000e+01  +0.00000e+00  +1.50000e-01
 +2.01000e+03  +3.11195e+02  +7.28750e-03  +1.00000e+01  +0.00000e+00  +1.50000e-01
 +2.03000e+03  +3.11309e+02  +7.11250e-03  +1.00000e+01  +0.00000e+00  +1.50000e-01
 +2.05000e+03  +3.11424e+02  +6.93750e-03  +1.00000e+01  +0.00000e+00  +1.50000e-01
 +2.07000e+03  +3.11538e+02  +6.76250e-03  +1.00000e+01  +0.00000e+00  +1.50000e-01
 +2.09000e+03  +3.11653e+02  +6.58750e-03  +1.00000e+01  +0.00000e+00  +1.50000e-01
 +2.11000e+03  +3.11767e+02  +6.41250e-03  +1.00000e+01  +0.00000e+00  +1.50000e-01
 +2.13000e+03  +3.11882e+02  +6.23750e-03  +1.00000e+01  +0.00000e+00  +1.50000e-01
 +2.15000e+03  +3.11996e+02  +6.06250e-03  +1.00000e+01  +0.00000e+00  +1.50000e-01
 +2.17000e+03  +3.12111e+02  +5.88750e-03  +1.00000e+01  +0.00000e+00  +1.50000e-01
 +2.19000e+03  +3.12225e+02  +5.71250e-03  +1.00000e+01  +0.00000e+00  +1.50000e-01
 +2.21000e+03  +3.12340e+02  +5.53750e-03  +1.00000e+01  +0.00000e+00  +1.50000e-01
 +2.23000e+03  +3.12454e+02  +5.36250e-03  +1.00000e+01  +0.00000e+00  +1.50000e-01
 +2.25000e+03  +3.12569e+02  +5.18750e-03  +1.00000e+01  +0.00000e+00  +1.50000e-01
 +2.27000e+03  +3.12683e+02  +5.01250e-03  +1.00000e+01  +0.00000e+00  +1.50000e-01
 +2.29000e+03  +3.12798e+02  +4.83750e-03  +1.00000e+01  +0.00000e+00  +1.50000e-01
 +2.31000e+03  +3.12912e+02  +4.66250e-03  +1.00000e+01  +0.00000e+00  +1.50000e-01
 +2.33000e+03  +3.13027e+02  +4.48750e-03  +1.00000e+01  +0.00000e+00  +1.50000e-01
 +2.35000e+03  +3.13141e+02  +4.31250e-03  +1.00000e+01  +0.00000e+00  +1.50000e-01
 +2.37000e+03  +3.13256e+02  +4.13750e-03  +1.00000e+01  +0.00000e+00  +1.50000e-01
 +2.39000e+03  +3.13370e+02  +3.96250e-03  +1.00000e+01  +0.00000e+00  +1.50000e-01
 +2.41000e+03  +3.13485e+02  +3.78750e-03  +1.00000e+01  +0.00000e+00  +1.50000e-01
 +2.43000e+03  +3.13599e+02  +3.61250e-03  +1.00000e+01  +0.00000e+00  +1.50000e-01
 +2.45000e+03  +3.13714e+02  +3.43750e-03  +1.00000e+01  +0.00000e+00  +1.50000e-01
 +2.47000e+03  +3.13828e+02  +3.26250e-03  +1.00000e+01  +0.00000e+00  +1.50000e-01
 +2.49000e+03  +3.13943e+02  +3.08750e-03  +1.00000e+01  +0.00000e+00  +1.50000e-01
 +2.51000e+03  +3.14097e+02  +3.00000e-03  +1.00000e+01  +0.00000e+00  +1.50000e-01
 +2.53000e+03  +3.14292e+02  +3.00000e-03  +1.00000e+01  +0.00000e+00  +1.50000e-01
 +2.55000e+03  +3.14487e+02  +3.00000e-03  +1.00000e+01  +0.00000e+00  +1.50000e-01
 +2.57000e+03  +3.14681e+02  +3.00000e-03  +1.00000e+01  +0.00000e+00  +1.50000e-01
 +2.59000e+03  +3.14876e+02  +3.00000e-03  +1.00000e+01  +0.00000e+00  +1.50000e-01
 +2.61000e+03  +3.15071e+02  +3.00000e-03  +1.00000e+01  +0.00000e+00  +1.50000e-01
 +2.63000e+03  +3.15265e+02  +3.00000e-03  +1.00000e+01  +0.00000e+00  +1.50000e-01
 +2.65000e+03  +3.15460e+02  +3.00000e-03  +1.00000e+01  +0.00000e+00  +1.50000e-01
 +2.67000e+03  +3.15655e+02  +3.00000e-03  +1.00000e+01  +0.00000e+00  +1.50000e-01
 +2.69000e+03  +3.15849e+02  +3.00000e-03  +1.00000e+01  +0.00000e+00  +1.50000e-01
 +2.71000e+03  +3.16044e+02  +3.00000e-03  +1.00000e+01  +0.00000e+00  +1.50000e-01
 +2.73000e+03  +3.16239e+02  +3.00000e-03  +1.00000e+01  +0.00000e+00  +1.50000e-01
 +2.75000e+03  +3.16433e+02  +3.00000e-03  +1.00000e+01  +0.00000e+00  +1.50000e-01
 +2.77000e+03  +3.16628e+02  +3.00000e-03  +1.00000e+01  +0.00000e+00  +1.50000e-01
 +2.79000e+03  +3.16823e+02  +3.00000e-03  +1.00000e+01  +0.00000e+00  +1.50000e-01
 +2.81000e+03  +3.17017e+02  +3.00000e-03  +1.00000e+01  +0.00000e+00  +1.50000e-01
 +2.83000e+03  +3.17212e+02  +3.00000e-03  +1.00000e+01  +0.00000e+00  +1.50000e-01
 +2.85000e+03  +3.17407e+02  +3.00000e-03  +1.00000e+01  +0.00000e+00  +1.50000e-01
 +2.87000e+03  +3.17601e+02  +3.00000e-03  +1.00000e+01  +0.00000e+00  +1.50000e-01
 +2.89000e+03  +3.17796e+02  +3.00000e-03  +1.00000e+01  +0.00000e+00  +1.50000e-01
 +2.91000e+03  +3.17991e+02  +3.00000e-03  +1.00000e+01  +0.00000e+00  +1.50000e-01
 +2.93000e+03  +3.18185e+02  +3.00000e-03  +1.00000e+01  +0.00000e+00  +1.50000e-01
 +2.95000e+03  +3.18380e+02  +3.00000e-03  +1.00000e+01  +0.00000e+00  +1.50000e-01
 +2.97000e+03  +3.18575e+02  +3.00000e-03  +1.00000e+01  +0.00000e+00  +1.50000e-01
 +2.99000e+03  +3.18770e+02  +3.00000e-03  +1.00000e+01  +0.00000e+00  +1.50000e-01
 +3.01000e+03  +3.18964e+02  +3.00000e-03  +1.00000e+01  +0.00000e+00  +1.50000e-01
 +3.03000e+03  +3.19159e+02  +3.00000e-03  +1.00000e+01  +0.00000e+00  +1.50000e-01
 +3.05000e+03  +3.19354e+02  +3.00000e-03  +1.00000e+01  +0.00000e+00  +1.50000e-01
 +3.07000e+03  +3.19548e+02  +3.00000e-03  +1.00000e+01  +0.00000e+00  +1.50000e-01
 +3.09000e+03  +3.19743e+02  +3.00000e-03  +1.00000e+01  +0.00000e+00  +1.50000e-01
 +3.11000e+03  +3.19938e+02  +3.00000e-03  +1.00000e+01  +0.00000e+00  +1.50000e-01
 +3.13000e+03  +3.20132e+02  +3.00000e-03  +1.00000e+01  +0.00000e+00  +1.50000e-01
 +3.15000e+03  +3.20327e+02  +3.00000e-03  +1.00000e+01  +0.00000e+00  +1.50000e-01
 +3.17000e+03  +3.20522e+02  +3.00000e-03  +1.00000e+01  +0.00000e+00  +1.50000e-01
 +3.19000e+03  +3.20716e+02  +3.00000e-03  +1.00000e+01  +0.00000e+00  +1.50000e-01
 +3.21000e+03  +3.20911e+02  +3.00000e-03  +1.00000e+01  +0.00000e+00  +1.50000e-01
 +3.23000e+03  +3.21106e+02  +3.00000e-03  +1.00000e+01  +0.00000e+00  +1.50000e-01
 +3.25000e+03  +3.21300e+02  +3.00000e-03  +1.00000e+01  +0.00000e+00  +1.50000e-01
 +3.27000e+03  +3.21495e+02  +3.00000e-03  +1.00000e+01  +0.00000e+00  +1.50000e-01
 +3.29000e+03  +3.21690e+02  +3.00000e-03  +1.00000e+01  +0.00000e+00  +1.50000e-01
 +3.31000e+03  +3.21884e+02  +3.00000e-03  +1.00000e+01  +0.00000e+00  +1.50000e-01
 +3.33000e+03  +3.22079e+02  +3.00000e-03  +1.00000e+01  +0.00000e+00  +1.50000e-01
 +3.35000e+03  +3.22274e+02  +3.00000e-03  +1.00000e+01  +0.00000e+00  +1.50000e-01
 +3.37000e+03  +3.22468e+02  +3.00000e-03  +1.00000e+01  +0.00000e+00  +1.50000e-01
 +3.39000e+03  +3.22663e+02  +3.00000e-03  +1.00000e+01  +0.00000e+00  +1.50000e-01
 +3.41000e+03  +3.22858e+02  +3.00000e-03  +1.00000e+01  +0.00000e+00  +1.50000e-01
 +3.43000e+03  +3.23052e+02  +3.00000e-03  +1.00000e+01  +0.00000e+00  +1.50000e-01
 +3.45000e+03  +3.23247e+02  +3.00000e-03  +1.00000e+01  +0.00000e+00  +1.50000e-01
 +3.47000e+03  +3.23442e+02  +3.00000e-03  +1.00000e+01  +0.00000e+00  +1.50000e-01
 +3.49000e+03  +3.23636e+02  +3.00000e-03  +1.00000e+01  +0.00000e+00  +1.50000e-01
 +3.51000e+03  +3.23831e+02  +3.00000e-03  +1.00000e+01  +0.00000e+00  +1.50000e-01
 +3.53000e+03  +3.24026e+02  +3.00000e-03  +1.00000e+01  +0.00000e+00  +1.50000e-01
 +3.55000e+03  +3.24220e+02  +3.00000e-03  +1.00000e+01  +0.00000e+00  +1.50000e-01
 +3.57000e+03  +3.24415e+02  +3.00000e-03  +1.00000e+01  +0.00000e+00  +1.50000e-01
 +3.59000e+03  +3.24610e+02  +3.00000e-03  +1.00000e+01  +0.00000e+00  +1.50000e-01
 +3.61000e+03  +3.24804e+02  +3.00000e-03  +1.00000e+01  +0.00000e+00  +1.50000e-01
 +3.63000e+03  +3.24999e+02  +3.00000e-03  +1.00000e+01  +0.00000e+00  +1.50000e-01
 +3.65000e+03  +3.25194e+02  +3.00000e-03  +1.00000e+01  +0.00000e+00  +1.50000e-01
 +3.67000e+03  +3.25388e+02  +3.00000e-03  +1.00000e+01  +0.00000e+00  +1.50000e-01
 +3.69000e+03  +3.25583e+02  +3.00000e-03  +1.00000e+01  +0.00000e+00  +1.50000e-01
 +3.71000e+03  +3.25778e+02  +3.00000e-03  +1.00000e+01  +0.00000e+00  +1.50000e-01
 +3.73000e+03  +3.25972e+02  +3.00000e-03  +1.00000e+01  +0.00000e+00  +1.50000e-01
 +3.75000e+03  +3.26167e+02  +3.00000e-03  +1.00000e+01  +0.00000e+00  +1.50000e-01
 +3.77000e+03  +3.26362e+02  +3.00000e-03  +1.00000e+01  +0.00000e+00  +1.50000e-01
 +3.79000e+03  +3.26556e+02  +3.00000e-03  +1.00000e+01  +0.00000e+00  +1.50000e-01
 +3.81000e+03  +3.26751e+02  +3.00000e-03  +1.00000e+01  +0.00000e+00  +1.50000e-01
 +3.83000e+03  +3.26946e+02  +3.00000e-03  +1.00000e+01  +0.00000e+00  +1.50000e-01
 +3.85000e+03  +3.27140e+02  +3.00000e-03  +1.00000e+01  +0.00000e+00  +1.50000e-01
 +3.87000e+03  +3.27335e+02  +3.00000e-03  +1.00000e+01  +0.00000e+00  +1.50000e-01
 +3.89000e+03  +3.27530e+02  +3.00000e-03  +1.00000e+01  +0.00000e+00  +1.50000e-01
 +3.91000e+03  +3.27724e+02  +3.00000e-03  +1.00000e+01  +0.00000e+00  +1.50000e-01
 +3.93000e+03  +3.27919e+02  +3.00000e-03  +1.00000e+01  +0.00000e+00  +1.50000e-01
 +3.95000e+03  +3.28114e+02  +3.00000e-03  +1.00000e+01  +0.00000e+00  +1.50000e-01
 +3.97000e+03  +3.28309e+02  +3.00000e-03  +1.00000e+01  +0.00000e+00  +1.50000e-01
 +3.99000e+03  +3.28503e+02  +3.00000e-03  +1.00000e+01  +0.00000e+00  +1.50000e-01
 +4.01000e+03  +3.28698e+02  +3.00000e-03  +1.00000e+01  +0.00000e+00  +1.50000e-01
 +4.03000e+03  +3.28893e+02  +3.00000e-03  +1.00000e+01  +0.00000e+00  +1.50000e-01
 +4.05000e+03  +3.29087e+02  +3.00000e-03  +1.00000e+01  +0.00000e+00  +1.50000e-01
 +4.07000e+03  +3.29282e+02  +3.00000e-03  +1.00000e+01  +0.00000e+00  +1.50000e-01
 +4.09000e+03  +3.29477e+02  +3.00000e-03  +1.00000e+01  +0.00000e+00  +1.50000e-01
 +4.11000e+03  +3.29671e+02  +3.00000e-03  +1.00000e+01  +0.00000e+00  +1.50000e-01
 +4.13000e+03  +3.29866e+02  +3.00000e-03  +1.00000e+01  +0.00000e+00  +1.50000e-01
 +4.15000e+03  +3.30061e+02  +3.00000e-03  +1.00000e+01  +0.00000e+00  +1.50000e-01
 +4.17000e+03  +3.30255e+02  +3.00000e-03  +1.00000e+01  +0.00000e+00  +1.50000e-01
 +4.19000e+03  +3.30450e+02  +3.00000e-03  +1.00000e+01  +0.00000e+00  +1.50000e-01
 +4.21000e+03  +3.30645e+02  +3.00000e-03  +1.00000e+01  +0.00000e+00  +1.50000e-01
 +4.23000e+03  +3.30839e+02  +3.00000e-03  +1.00000e+01  +0.00000e+00  +1.50000e-01
 +4.25000e+03  +3.31034e+02  +3.00000e-03  +1.00000e+01  +0.00000e+00  +1.50000e-01
 +4.27000e+03  +3.31229e+02  +3.00000e-03  +1.00000e+01  +0.00000e+00  +1.50000e-01
 +4.29000e+03  +3.31423e+02  +3.00000e-03  +1.00000e+01  +0.00000e+00  +1.50000e-01
 +4.31000e+03  +3.31618e+02  +3.00000e-03  +1.00000e+01  +0.00000e+00  +1.50000e-01
 +4.33000e+03  +3.31813e+02  +3.00000e-03  +1.00000e+01  +0.00000e+00  +1.50000e-01
 +4.35000e+03  +3.32007e+02  +3.00000e-03  +1.00000e+01  +0.00000e+00  +1.50000e-01
 +4.37000e+03  +3.32202e+02  +3.00000e-03  +1.00000e+01  +0.00000e+00  +1.50000e-01
 +4.39000e+03  +3.32397e+02  +3.00000e-03  +1.00000e+01  +0.00000e+00  +1.50000e-01

