# block location
#  il	  iu 	 jl	  ju	  kl	  ku	  top	 west	 east	 north	 south
9   	24  	9   	24  	1   	17  	1   	2   	3   	4   	5   	
9   	24  	41  	56  	1   	17  	6   	7   	8   	9   	10  	
41  	56  	9   	24  	1   	17  	11  	12  	13  	14  	15  	
41  	56  	41  	56  	1   	17  	16  	17  	18  	19  	20  	
1   	7   	1   	64  	0   	0   	21  	0   	0   	0   	0   	
8   	8   	1   	8   	0   	0   	22  	0   	0   	0   	0   	
9   	24  	1   	7   	0   	0   	23  	0   	0   	0   	0   	
25  	25  	1   	8   	0   	0   	24  	0   	0   	0   	0   	
26  	39  	1   	64  	0   	0   	25  	0   	0   	0   	0   	
40  	40  	1   	8   	0   	0   	26  	0   	0   	0   	0   	
41  	56  	1   	7   	0   	0   	27  	0   	0   	0   	0   	
57  	57  	1   	8   	0   	0   	28  	0   	0   	0   	0   	
58  	64  	1   	64  	0   	0   	29  	0   	0   	0   	0   	
9   	24  	8   	8   	0   	0   	30  	0   	0   	0   	0   	
41  	56  	8   	8   	0   	0   	31  	0   	0   	0   	0   	
8   	8   	9   	24  	0   	0   	32  	0   	0   	0   	0   	
25  	25  	9   	24  	0   	0   	33  	0   	0   	0   	0   	
40  	40  	9   	24  	0   	0   	34  	0   	0   	0   	0   	
57  	57  	9   	24  	0   	0   	35  	0   	0   	0   	0   	
8   	8   	25  	40  	0   	0   	36  	0   	0   	0   	0   	
9   	24  	25  	25  	0   	0   	37  	0   	0   	0   	0   	
25  	25  	25  	40  	0   	0   	38  	0   	0   	0   	0   	
40  	40  	25  	40  	0   	0   	39  	0   	0   	0   	0   	
41  	56  	25  	25  	0   	0   	40  	0   	0   	0   	0   	
57  	57  	25  	40  	0   	0   	41  	0   	0   	0   	0   	
9   	24  	26  	39  	0   	0   	42  	0   	0   	0   	0   	
41  	56  	26  	39  	0   	0   	43  	0   	0   	0   	0   	
9   	24  	40  	40  	0   	0   	44  	0   	0   	0   	0   	
41  	56  	40  	40  	0   	0   	45  	0   	0   	0   	0   	
8   	8   	41  	56  	0   	0   	46  	0   	0   	0   	0   	
25  	25  	41  	56  	0   	0   	47  	0   	0   	0   	0   	
40  	40  	41  	56  	0   	0   	48  	0   	0   	0   	0   	
57  	57  	41  	56  	0   	0   	49  	0   	0   	0   	0   	
8   	8   	57  	64  	0   	0   	50  	0   	0   	0   	0   	
9   	24  	57  	57  	0   	0   	51  	0   	0   	0   	0   	
25  	25  	57  	64  	0   	0   	52  	0   	0   	0   	0   	
40  	40  	57  	64  	0   	0   	53  	0   	0   	0   	0   	
41  	56  	57  	57  	0   	0   	54  	0   	0   	0   	0   	
57  	57  	57  	64  	0   	0   	55  	0   	0   	0   	0   	
9   	24  	58  	64  	0   	0   	56  	0   	0   	0   	0   	
41  	56  	58  	64  	0   	0   	57  	0   	0   	0   	0   	
