# SDBL flow
# z uq vq pqx pqy wfls dqtdxls dqtdyls dqtdtls dthlrad
1.000000000000000    0.000000     0.000000     0.000000     0.000000     0.000000000     0.000000     0.000000     0.000000     0.000000000000   
3.000000000000000    0.000000     0.000000     0.000000     0.000000     0.000000000     0.000000     0.000000     0.000000     0.000000000000   
5.000000000000000    0.000000     0.000000     0.000000     0.000000     0.000000000     0.000000     0.000000     0.000000     0.000000000000   
7.000000000000000    0.000000     0.000000     0.000000     0.000000     0.000000000     0.000000     0.000000     0.000000     0.000000000000   
9.000000000000000    0.000000     0.000000     0.000000     0.000000     0.000000000     0.000000     0.000000     0.000000     0.000000000000   
11.000000000000000   0.000000     0.000000     0.000000     0.000000     0.000000000     0.000000     0.000000     0.000000     0.000000000000   
13.000000000000000   0.000000     0.000000     0.000000     0.000000     0.000000000     0.000000     0.000000     0.000000     0.000000000000   
15.000000000000000   0.000000     0.000000     0.000000     0.000000     0.000000000     0.000000     0.000000     0.000000     0.000000000000   
17.000000000000000   0.000000     0.000000     0.000000     0.000000     0.000000000     0.000000     0.000000     0.000000     0.000000000000   
19.000000000000000   0.000000     0.000000     0.000000     0.000000     0.000000000     0.000000     0.000000     0.000000     0.000000000000   
21.000000000000000   0.000000     0.000000     0.000000     0.000000     0.000000000     0.000000     0.000000     0.000000     0.000000000000   
23.000000000000000   0.000000     0.000000     0.000000     0.000000     0.000000000     0.000000     0.000000     0.000000     0.000000000000   
25.000000000000000   0.000000     0.000000     0.000000     0.000000     0.000000000     0.000000     0.000000     0.000000     0.000000000000   
27.000000000000000   0.000000     0.000000     0.000000     0.000000     0.000000000     0.000000     0.000000     0.000000     0.000000000000   
29.000000000000000   0.000000     0.000000     0.000000     0.000000     0.000000000     0.000000     0.000000     0.000000     0.000000000000   
31.000000000000000   0.000000     0.000000     0.000000     0.000000     0.000000000     0.000000     0.000000     0.000000     0.000000000000   
33.000000000000000   0.000000     0.000000     0.000000     0.000000     0.000000000     0.000000     0.000000     0.000000     0.000000000000   
35.000000000000000   0.000000     0.000000     0.000000     0.000000     0.000000000     0.000000     0.000000     0.000000     0.000000000000   
37.000000000000000   0.000000     0.000000     0.000000     0.000000     0.000000000     0.000000     0.000000     0.000000     0.000000000000   
39.000000000000000   0.000000     0.000000     0.000000     0.000000     0.000000000     0.000000     0.000000     0.000000     0.000000000000   
41.000000000000000   0.000000     0.000000     0.000000     0.000000     0.000000000     0.000000     0.000000     0.000000     0.000000000000   
43.000000000000000   0.000000     0.000000     0.000000     0.000000     0.000000000     0.000000     0.000000     0.000000     0.000000000000   
45.000000000000000   0.000000     0.000000     0.000000     0.000000     0.000000000     0.000000     0.000000     0.000000     0.000000000000   
47.000000000000000   0.000000     0.000000     0.000000     0.000000     0.000000000     0.000000     0.000000     0.000000     0.000000000000   
49.000000000000000   0.000000     0.000000     0.000000     0.000000     0.000000000     0.000000     0.000000     0.000000     0.000000000000   
51.000000000000000   0.000000     0.000000     0.000000     0.000000     0.000000000     0.000000     0.000000     0.000000     0.000000000000   
53.000000000000000   0.000000     0.000000     0.000000     0.000000     0.000000000     0.000000     0.000000     0.000000     0.000000000000   
55.000000000000000   0.000000     0.000000     0.000000     0.000000     0.000000000     0.000000     0.000000     0.000000     0.000000000000   
57.000000000000000   0.000000     0.000000     0.000000     0.000000     0.000000000     0.000000     0.000000     0.000000     0.000000000000   
59.000000000000000   0.000000     0.000000     0.000000     0.000000     0.000000000     0.000000     0.000000     0.000000     0.000000000000   
61.000000000000000   0.000000     0.000000     0.000000     0.000000     0.000000000     0.000000     0.000000     0.000000     0.000000000000   
63.000000000000000   0.000000     0.000000     0.000000     0.000000     0.000000000     0.000000     0.000000     0.000000     0.000000000000   
65.000000000000000   0.000000     0.000000     0.000000     0.000000     0.000000000     0.000000     0.000000     0.000000     0.000000000000   
67.000000000000000   0.000000     0.000000     0.000000     0.000000     0.000000000     0.000000     0.000000     0.000000     0.000000000000   
69.000000000000000   0.000000     0.000000     0.000000     0.000000     0.000000000     0.000000     0.000000     0.000000     0.000000000000   
71.000000000000000   0.000000     0.000000     0.000000     0.000000     0.000000000     0.000000     0.000000     0.000000     0.000000000000   
73.000000000000000   0.000000     0.000000     0.000000     0.000000     0.000000000     0.000000     0.000000     0.000000     0.000000000000   
75.000000000000000   0.000000     0.000000     0.000000     0.000000     0.000000000     0.000000     0.000000     0.000000     0.000000000000   
77.000000000000000   0.000000     0.000000     0.000000     0.000000     0.000000000     0.000000     0.000000     0.000000     0.000000000000   
79.000000000000000   0.000000     0.000000     0.000000     0.000000     0.000000000     0.000000     0.000000     0.000000     0.000000000000   
81.000000000000000   0.000000     0.000000     0.000000     0.000000     0.000000000     0.000000     0.000000     0.000000     0.000000000000   
83.000000000000000   0.000000     0.000000     0.000000     0.000000     0.000000000     0.000000     0.000000     0.000000     0.000000000000   
85.000000000000000   0.000000     0.000000     0.000000     0.000000     0.000000000     0.000000     0.000000     0.000000     0.000000000000   
87.000000000000000   0.000000     0.000000     0.000000     0.000000     0.000000000     0.000000     0.000000     0.000000     0.000000000000   
89.000000000000000   0.000000     0.000000     0.000000     0.000000     0.000000000     0.000000     0.000000     0.000000     0.000000000000   
91.000000000000000   0.000000     0.000000     0.000000     0.000000     0.000000000     0.000000     0.000000     0.000000     0.000000000000   
93.000000000000000   0.000000     0.000000     0.000000     0.000000     0.000000000     0.000000     0.000000     0.000000     0.000000000000   
95.000000000000000   0.000000     0.000000     0.000000     0.000000     0.000000000     0.000000     0.000000     0.000000     0.000000000000   
97.000000000000000   0.000000     0.000000     0.000000     0.000000     0.000000000     0.000000     0.000000     0.000000     0.000000000000   
99.000000000000000   0.000000     0.000000     0.000000     0.000000     0.000000000     0.000000     0.000000     0.000000     0.000000000000   
101.000000000000000  0.000000     0.000000     0.000000     0.000000     0.000000000     0.000000     0.000000     0.000000     0.000000000000   
103.000000000000000  0.000000     0.000000     0.000000     0.000000     0.000000000     0.000000     0.000000     0.000000     0.000000000000   
105.000000000000000  0.000000     0.000000     0.000000     0.000000     0.000000000     0.000000     0.000000     0.000000     0.000000000000   
107.000000000000000  0.000000     0.000000     0.000000     0.000000     0.000000000     0.000000     0.000000     0.000000     0.000000000000   
109.000000000000000  0.000000     0.000000     0.000000     0.000000     0.000000000     0.000000     0.000000     0.000000     0.000000000000   
111.000000000000000  0.000000     0.000000     0.000000     0.000000     0.000000000     0.000000     0.000000     0.000000     0.000000000000   
113.000000000000000  0.000000     0.000000     0.000000     0.000000     0.000000000     0.000000     0.000000     0.000000     0.000000000000   
115.000000000000000  0.000000     0.000000     0.000000     0.000000     0.000000000     0.000000     0.000000     0.000000     0.000000000000   
117.000000000000000  0.000000     0.000000     0.000000     0.000000     0.000000000     0.000000     0.000000     0.000000     0.000000000000   
119.000000000000000  0.000000     0.000000     0.000000     0.000000     0.000000000     0.000000     0.000000     0.000000     0.000000000000   
121.000000000000000  0.000000     0.000000     0.000000     0.000000     0.000000000     0.000000     0.000000     0.000000     0.000000000000   
123.000000000000000  0.000000     0.000000     0.000000     0.000000     0.000000000     0.000000     0.000000     0.000000     0.000000000000   
125.000000000000000  0.000000     0.000000     0.000000     0.000000     0.000000000     0.000000     0.000000     0.000000     0.000000000000   
127.000000000000000  0.000000     0.000000     0.000000     0.000000     0.000000000     0.000000     0.000000     0.000000     0.000000000000   
