# Initial facet tempereatures in radiative equilibrium
288.000000000000000 
288.000000000000000 
288.000000000000000 
288.000000000000000 
288.000000000000000 
288.000000000000000 
288.000000000000000 
288.000000000000000 
288.000000000000000 
288.000000000000000 
288.000000000000000 
288.000000000000000 
288.000000000000000 
288.000000000000000 
288.000000000000000 
288.000000000000000 
288.000000000000000 
288.000000000000000 
288.000000000000000 
288.000000000000000 
288.000000000000000 
288.000000000000000 
288.000000000000000 
288.000000000000000 
288.000000000000000 
288.000000000000000 
288.000000000000000 
288.000000000000000 
288.000000000000000 
288.000000000000000 
288.000000000000000 
288.000000000000000 
288.000000000000000 
288.000000000000000 
288.000000000000000 
288.000000000000000 
288.000000000000000 
288.000000000000000 
288.000000000000000 
288.000000000000000 
288.000000000000000 
288.000000000000000 
288.000000000000000 
288.000000000000000 
288.000000000000000 
288.000000000000000 
288.000000000000000 
288.000000000000000 
288.000000000000000 
288.000000000000000 
288.000000000000000 
288.000000000000000 
288.000000000000000 
288.000000000000000 
288.000000000000000 
288.000000000000000 
288.000000000000000 
