# area of facets
1672.000000
792.000000
792.000000
684.000000
684.000000
1596.000000
756.000000
756.000000
684.000000
684.000000
1672.000000
792.000000
792.000000
684.000000
684.000000
1596.000000
756.000000
756.000000
684.000000
684.000000
1672.000000
792.000000
792.000000
684.000000
684.000000
1596.000000
756.000000
756.000000
684.000000
684.000000
1672.000000
792.000000
792.000000
684.000000
684.000000
1596.000000
756.000000
756.000000
684.000000
684.000000
1672.000000
792.000000
792.000000
684.000000
684.000000
1596.000000
756.000000
756.000000
684.000000
684.000000
1672.000000
792.000000
792.000000
684.000000
684.000000
1596.000000
756.000000
756.000000
684.000000
684.000000
1672.000000
792.000000
792.000000
684.000000
684.000000
1596.000000
756.000000
756.000000
684.000000
684.000000
1672.000000
792.000000
792.000000
684.000000
684.000000
1596.000000
756.000000
756.000000
684.000000
684.000000
1672.000000
792.000000
792.000000
684.000000
684.000000
1596.000000
756.000000
756.000000
684.000000
684.000000
1672.000000
792.000000
792.000000
684.000000
684.000000
1596.000000
756.000000
756.000000
684.000000
684.000000
1672.000000
792.000000
792.000000
684.000000
684.000000
1596.000000
756.000000
756.000000
684.000000
684.000000
1672.000000
792.000000
792.000000
684.000000
684.000000
1596.000000
756.000000
756.000000
684.000000
684.000000
1672.000000
792.000000
792.000000
684.000000
684.000000
1596.000000
756.000000
756.000000
684.000000
684.000000
1672.000000
792.000000
792.000000
684.000000
684.000000
1596.000000
756.000000
756.000000
684.000000
684.000000
1672.000000
792.000000
792.000000
684.000000
684.000000
1596.000000
756.000000
756.000000
684.000000
684.000000
1672.000000
792.000000
792.000000
684.000000
684.000000
1596.000000
756.000000
756.000000
684.000000
684.000000
40.000000
160.000000
40.000000
160.000000
40.000000
160.000000
40.000000
160.000000
40.000000
160.000000
40.000000
160.000000
40.000000
160.000000
40.000000
160.000000
40.000000
160.000000
40.000000
160.000000
40.000000
160.000000
40.000000
160.000000
40.000000
160.000000
40.000000
160.000000
40.000000
160.000000
40.000000
160.000000
40.000000
160.000000
40.000000
160.000000
40.000000
160.000000
40.000000
160.000000
40.000000
160.000000
40.000000
160.000000
40.000000
160.000000
40.000000
160.000000
40.000000
160.000000
40.000000
160.000000
40.000000
160.000000
40.000000
160.000000
40.000000
160.000000
40.000000
160.000000
40.000000
160.000000
40.000000
160.000000
40.000000
160.000000
40.000000
160.000000
40.000000
160.000000
40.000000
160.000000
40.000000
160.000000
40.000000
160.000000
40.000000
160.000000
40.000000
160.000000
40.000000
160.000000
40.000000
160.000000
40.000000
160.000000
40.000000
160.000000
40.000000
160.000000
40.000000
160.000000
40.000000
160.000000
40.000000
160.000000
40.000000
160.000000
40.000000
160.000000
40.000000
160.000000
40.000000
160.000000
40.000000
160.000000
40.000000
160.000000
40.000000
160.000000
40.000000
160.000000
40.000000
160.000000
40.000000
160.000000
40.000000
160.000000
40.000000
160.000000
40.000000
160.000000
40.000000
160.000000
40.000000
160.000000
40.000000
160.000000
40.000000
160.000000
40.000000
160.000000
40.000000
160.000000
40.000000
160.000000
40.000000
160.000000
40.000000
160.000000
40.000000
160.000000
40.000000
160.000000
88.000000
88.000000
320.000000
200.000000
84.000000
84.000000
360.000000
88.000000
88.000000
320.000000
84.000000
84.000000
160.000000
88.000000
88.000000
320.000000
200.000000
84.000000
84.000000
360.000000
88.000000
88.000000
320.000000
84.000000
84.000000
160.000000
88.000000
88.000000
320.000000
200.000000
84.000000
84.000000
360.000000
88.000000
88.000000
320.000000
84.000000
84.000000
160.000000
88.000000
88.000000
320.000000
200.000000
84.000000
84.000000
360.000000
88.000000
88.000000
320.000000
84.000000
84.000000
160.000000
88.000000
88.000000
320.000000
200.000000
84.000000
84.000000
360.000000
88.000000
88.000000
320.000000
84.000000
84.000000
160.000000
88.000000
88.000000
320.000000
200.000000
84.000000
84.000000
360.000000
88.000000
88.000000
320.000000
84.000000
84.000000
160.000000
88.000000
88.000000
320.000000
200.000000
84.000000
84.000000
360.000000
88.000000
88.000000
320.000000
84.000000
84.000000
160.000000
88.000000
88.000000
320.000000
200.000000
84.000000
84.000000
360.000000
88.000000
88.000000
320.000000
84.000000
84.000000
160.000000
160.000000
20.000000
20.000000
360.000000
20.000000
20.000000
360.000000
20.000000
20.000000
360.000000
20.000000
20.000000
360.000000
20.000000
20.000000
360.000000
20.000000
20.000000
360.000000
20.000000
20.000000
360.000000
20.000000
20.000000
200.000000
160.000000
32.000000
32.000000
360.000000
32.000000
32.000000
360.000000
32.000000
32.000000
360.000000
32.000000
32.000000
360.000000
32.000000
32.000000
360.000000
32.000000
32.000000
360.000000
32.000000
32.000000
360.000000
32.000000
32.000000
200.000000
160.000000
36.000000
36.000000
360.000000
36.000000
36.000000
360.000000
36.000000
36.000000
360.000000
36.000000
36.000000
360.000000
36.000000
36.000000
360.000000
36.000000
36.000000
360.000000
36.000000
36.000000
360.000000
36.000000
36.000000
200.000000
160.000000
32.000000
32.000000
360.000000
32.000000
32.000000
360.000000
32.000000
32.000000
360.000000
32.000000
32.000000
360.000000
32.000000
32.000000
360.000000
32.000000
32.000000
360.000000
32.000000
32.000000
360.000000
32.000000
32.000000
200.000000
160.000000
16.000000
16.000000
360.000000
16.000000
16.000000
360.000000
16.000000
16.000000
360.000000
16.000000
16.000000
360.000000
16.000000
16.000000
360.000000
16.000000
16.000000
360.000000
16.000000
16.000000
360.000000
16.000000
16.000000
200.000000
160.000000
360.000000
360.000000
360.000000
360.000000
360.000000
360.000000
360.000000
200.000000
160.000000
360.000000
360.000000
360.000000
360.000000
360.000000
360.000000
360.000000
200.000000
160.000000
360.000000
360.000000
360.000000
360.000000
360.000000
360.000000
360.000000
200.000000
160.000000
360.000000
360.000000
360.000000
360.000000
360.000000
360.000000
360.000000
200.000000
160.000000
360.000000
360.000000
360.000000
360.000000
360.000000
360.000000
360.000000
200.000000
160.000000
360.000000
360.000000
360.000000
360.000000
360.000000
360.000000
360.000000
200.000000
160.000000
360.000000
360.000000
360.000000
360.000000
360.000000
360.000000
360.000000
200.000000
288.000000
180.000000
324.000000
288.000000
144.000000
288.000000
180.000000
324.000000
288.000000
144.000000
288.000000
180.000000
324.000000
288.000000
144.000000
288.000000
180.000000
324.000000
288.000000
144.000000
288.000000
180.000000
324.000000
288.000000
144.000000
288.000000
180.000000
324.000000
288.000000
144.000000
288.000000
180.000000
324.000000
288.000000
144.000000
288.000000
180.000000
324.000000
288.000000
144.000000
