# net shortwave on facets [W/m2] (including reflections and diffusive)
2.907106e+02
1.405498e+02
1.607214e+02
1.274274e+02
1.702313e+02
2.907106e+02
1.420308e+02
1.623978e+02
1.318004e+02
1.533979e+02
2.907106e+02
1.419433e+02
1.639283e+02
1.267551e+02
1.585094e+02
2.907106e+02
1.423225e+02
1.647812e+02
1.419147e+02
1.524893e+02
2.907106e+02
1.324817e+02
1.605920e+02
1.269946e+02
1.705128e+02
2.907106e+02
1.336833e+02
1.623733e+02
1.328331e+02
1.534328e+02
2.907106e+02
1.345023e+02
1.638125e+02
1.292575e+02
1.596754e+02
2.907106e+02
1.350086e+02
1.646624e+02
1.420424e+02
1.551882e+02
2.907106e+02
1.320467e+02
1.605880e+02
1.268567e+02
1.704702e+02
2.907106e+02
1.335372e+02
1.623772e+02
1.333867e+02
1.531987e+02
2.907106e+02
1.340525e+02
1.638167e+02
1.291400e+02
1.603294e+02
2.907106e+02
1.346088e+02
1.646655e+02
1.425680e+02
1.549825e+02
2.907106e+02
1.320278e+02
1.605900e+02
1.267962e+02
1.704601e+02
2.907106e+02
1.335061e+02
1.623847e+02
1.341423e+02
1.531303e+02
2.907106e+02
1.340212e+02
1.638248e+02
1.290811e+02
1.611425e+02
2.907106e+02
1.346147e+02
1.646664e+02
1.425627e+02
1.549164e+02
2.907106e+02
1.320163e+02
1.605997e+02
1.268009e+02
1.704607e+02
2.907106e+02
1.334920e+02
1.624033e+02
1.341479e+02
1.531353e+02
2.907106e+02
1.340058e+02
1.638442e+02
1.290861e+02
1.611480e+02
2.907106e+02
1.346068e+02
1.646724e+02
1.425634e+02
1.549217e+02
2.907106e+02
1.320126e+02
1.606248e+02
1.268854e+02
1.704724e+02
2.907106e+02
1.334855e+02
1.624479e+02
1.342354e+02
1.532284e+02
2.907106e+02
1.339989e+02
1.638902e+02
1.291702e+02
1.612387e+02
2.907106e+02
1.346040e+02
1.646877e+02
1.425756e+02
1.550141e+02
2.907106e+02
1.320184e+02
1.606665e+02
1.271950e+02
1.705153e+02
2.907106e+02
1.334905e+02
1.625292e+02
1.345424e+02
1.535828e+02
2.907106e+02
1.340040e+02
1.639813e+02
1.294785e+02
1.615101e+02
2.907106e+02
1.346091e+02
1.647068e+02
1.426248e+02
1.553640e+02
2.907106e+02
1.320419e+02
1.708936e+02
1.267267e+02
1.700619e+02
2.907106e+02
1.335071e+02
1.718098e+02
1.325805e+02
1.527219e+02
2.907106e+02
1.340223e+02
1.715307e+02
1.288256e+02
1.593899e+02
2.907106e+02
1.346293e+02
1.716380e+02
1.419986e+02
1.546224e+02
1.291401e+02
1.484639e+02
1.164968e+02
1.482409e+02
1.243257e+02
1.537348e+02
1.348085e+02
1.571536e+02
1.167957e+02
1.482290e+02
1.309815e+02
1.569720e+02
1.389289e+02
1.584610e+02
1.163878e+02
1.480551e+02
1.242939e+02
1.537402e+02
1.350342e+02
1.574251e+02
1.174058e+02
1.490763e+02
1.342301e+02
1.588196e+02
1.040516e+02
1.292966e+02
9.720573e+01
1.297734e+02
1.028780e+02
1.328834e+02
1.055590e+02
1.338806e+02
9.786042e+01
1.298178e+02
1.055149e+02
1.335728e+02
1.067178e+02
1.345729e+02
9.735992e+01
1.294106e+02
1.027260e+02
1.327167e+02
1.058178e+02
1.342056e+02
9.831149e+01
1.305152e+02
1.050188e+02
1.295771e+02
1.442975e+02
1.579950e+02
1.167041e+02
1.430005e+02
1.408907e+02
1.619208e+02
1.459822e+02
1.580073e+02
1.164057e+02
1.421987e+02
1.403246e+02
1.613690e+02
1.456953e+02
1.576902e+02
1.179589e+02
1.423424e+02
1.413504e+02
1.614886e+02
1.456278e+02
1.576363e+02
1.179113e+02
1.422979e+02
1.413242e+02
1.614635e+02
1.456175e+02
1.576261e+02
1.179153e+02
1.423017e+02
1.413428e+02
1.614817e+02
1.456551e+02
1.576636e+02
1.179772e+02
1.423621e+02
1.414380e+02
1.615756e+02
1.458094e+02
1.578186e+02
1.182306e+02
1.426125e+02
1.418557e+02
1.619956e+02
1.462339e+02
1.583209e+02
1.183841e+02
1.434236e+02
1.377418e+02
1.506576e+02
1.168037e+02
1.286505e+02
9.784296e+01
1.261543e+02
1.122727e+02
1.365116e+02
1.198835e+02
1.339953e+02
9.755647e+01
1.251178e+02
1.118153e+02
1.359413e+02
1.195404e+02
1.335737e+02
9.735365e+01
1.248983e+02
1.116862e+02
1.358116e+02
1.194614e+02
1.334918e+02
9.730263e+01
1.248459e+02
1.116580e+02
1.357829e+02
1.194503e+02
1.334803e+02
9.730675e+01
1.248497e+02
1.116778e+02
1.358026e+02
1.194898e+02
1.335204e+02
9.737051e+01
1.249140e+02
1.117771e+02
1.359025e+02
1.196451e+02
1.336806e+02
9.761199e+01
1.251651e+02
1.121702e+02
1.363104e+02
1.201697e+02
1.342736e+02
9.726822e+01
1.251889e+02
1.146939e+02
1.305881e+02
1.402273e+02
2.146355e+02
1.910146e+02
1.728817e+02
1.418278e+02
2.168776e+02
1.962225e+02
1.547086e+02
2.173393e+02
1.908392e+02
1.537471e+02
2.152151e+02
1.681258e+02
1.536016e+02
2.146599e+02
1.947446e+02
1.754422e+02
1.432388e+02
2.169505e+02
2.001800e+02
1.563164e+02
2.173909e+02
1.952463e+02
1.544143e+02
2.152496e+02
1.697896e+02
1.408491e+02
2.146621e+02
1.946257e+02
1.753983e+02
1.432706e+02
2.169599e+02
2.002481e+02
1.435775e+02
2.173998e+02
1.951438e+02
1.416745e+02
2.152586e+02
1.698262e+02
1.408506e+02
2.146624e+02
1.945862e+02
1.753829e+02
1.432752e+02
2.169644e+02
2.004035e+02
1.435816e+02
2.174041e+02
1.951056e+02
1.416839e+02
2.152587e+02
1.698069e+02
1.408495e+02
2.146632e+02
1.945860e+02
1.753824e+02
1.432754e+02
2.169670e+02
2.004065e+02
1.435815e+02
2.174069e+02
1.951057e+02
1.416836e+02
2.152587e+02
1.698059e+02
1.408492e+02
2.146635e+02
1.946268e+02
1.753959e+02
1.432747e+02
2.169706e+02
2.004462e+02
1.435808e+02
2.174110e+02
1.951462e+02
1.416832e+02
2.152564e+02
1.698233e+02
1.408484e+02
2.146176e+02
1.947717e+02
1.754400e+02
1.432732e+02
2.169238e+02
2.005757e+02
1.435797e+02
2.173674e+02
1.952896e+02
1.416813e+02
2.152043e+02
1.698930e+02
1.407818e+02
2.152760e+02
1.944951e+02
1.751985e+02
1.431912e+02
2.165775e+02
1.995757e+02
1.434988e+02
2.167226e+02
1.949998e+02
1.416110e+02
2.150616e+02
1.700500e+02
1.892970e+02
1.820109e+02
1.843164e+02
1.961620e+02
1.847111e+02
1.843530e+02
1.959653e+02
1.846620e+02
1.843246e+02
1.959286e+02
1.846437e+02
1.843173e+02
1.959213e+02
1.846410e+02
1.843222e+02
1.959308e+02
1.846511e+02
1.843453e+02
1.959733e+02
1.846862e+02
1.844009e+02
1.961563e+02
1.846648e+02
1.820432e+02
1.638820e+02
1.601431e+02
2.078739e+02
2.370110e+02
1.961483e+02
2.119131e+02
2.369344e+02
1.960759e+02
2.117997e+02
2.368667e+02
1.960715e+02
2.117613e+02
2.368482e+02
1.960702e+02
2.117571e+02
2.368573e+02
1.960715e+02
2.117830e+02
2.369072e+02
1.960778e+02
2.118777e+02
2.370523e+02
1.960899e+02
2.119122e+02
2.334665e+02
1.682520e+02
1.691243e+02
2.107242e+02
2.399842e+02
2.072631e+02
2.152841e+02
2.402871e+02
2.070887e+02
2.152735e+02
2.403181e+02
2.070554e+02
2.153383e+02
2.403970e+02
2.070486e+02
2.153410e+02
2.404066e+02
2.070580e+02
2.153668e+02
2.404561e+02
2.070995e+02
2.154547e+02
2.405838e+02
2.072481e+02
2.151129e+02
2.363113e+02
1.750898e+02
2.033798e+02
2.078017e+02
2.370112e+02
2.113738e+02
2.122391e+02
2.372687e+02
2.112097e+02
2.121477e+02
2.372066e+02
2.111748e+02
2.121111e+02
2.371885e+02
2.111682e+02
2.121072e+02
2.371977e+02
2.111785e+02
2.121329e+02
2.372471e+02
2.112240e+02
2.122266e+02
2.373900e+02
2.113863e+02
2.122538e+02
2.337012e+02
1.775167e+02
1.618224e+02
1.802135e+02
2.379906e+02
1.986263e+02
1.822096e+02
2.378038e+02
1.986074e+02
1.821302e+02
2.378522e+02
1.986063e+02
1.821084e+02
2.378429e+02
1.986070e+02
1.821046e+02
2.378489e+02
1.986089e+02
1.821173e+02
2.378806e+02
1.986167e+02
1.821689e+02
2.380101e+02
1.986248e+02
1.823287e+02
2.355903e+02
1.697351e+02
1.857694e+02
2.243622e+02
2.243621e+02
2.243605e+02
2.243698e+02
2.243796e+02
2.244198e+02
2.244344e+02
1.779870e+02
2.174251e+02
2.257326e+02
2.257121e+02
2.257088e+02
2.257192e+02
2.257301e+02
2.257767e+02
2.257921e+02
1.785740e+02
1.609344e+02
1.979699e+02
1.979104e+02
1.979093e+02
1.979099e+02
1.979119e+02
1.979200e+02
1.979294e+02
1.690362e+02
1.693130e+02
2.078109e+02
2.076828e+02
2.076516e+02
2.076456e+02
2.076554e+02
2.076981e+02
2.078470e+02
1.752290e+02
2.033501e+02
2.115409e+02
2.114173e+02
2.113857e+02
2.113789e+02
2.113887e+02
2.114323e+02
2.115901e+02
1.775178e+02
1.614319e+02
1.977923e+02
1.977325e+02
1.977337e+02
1.977327e+02
1.977337e+02
1.977387e+02
1.977480e+02
1.691958e+02
1.837778e+02
2.200606e+02
2.198971e+02
2.198900e+02
2.198838e+02
2.198922e+02
2.199294e+02
2.200791e+02
1.759068e+02
1.986243e+02
1.641010e+02
2.033676e+02
1.857263e+02
1.555407e+02
1.859845e+02
1.643449e+02
2.041672e+02
1.865521e+02
1.553285e+02
1.985831e+02
1.643051e+02
2.042700e+02
1.991605e+02
1.681702e+02
1.985505e+02
1.642937e+02
2.044536e+02
1.991290e+02
1.681563e+02
1.985565e+02
1.642968e+02
2.044605e+02
1.991351e+02
1.681600e+02
1.986107e+02
1.643175e+02
2.045129e+02
1.991888e+02
1.681877e+02
1.987910e+02
1.643782e+02
2.046718e+02
1.993671e+02
1.683013e+02
1.949042e+02
1.619844e+02
2.010099e+02
1.954573e+02
1.655864e+02
