#     x-grid
#           
1.000000000000000   
3.000000000000000   
5.000000000000000   
7.000000000000000   
9.000000000000000   
11.000000000000000  
13.000000000000000  
15.000000000000000  
17.000000000000000  
19.000000000000000  
21.000000000000000  
23.000000000000000  
25.000000000000000  
27.000000000000000  
29.000000000000000  
31.000000000000000  
33.000000000000000  
35.000000000000000  
37.000000000000000  
39.000000000000000  
41.000000000000000  
43.000000000000000  
45.000000000000000  
47.000000000000000  
49.000000000000000  
51.000000000000000  
53.000000000000000  
55.000000000000000  
57.000000000000000  
59.000000000000000  
61.000000000000000  
63.000000000000000  
65.000000000000000  
67.000000000000000  
69.000000000000000  
71.000000000000000  
73.000000000000000  
75.000000000000000  
77.000000000000000  
79.000000000000000  
81.000000000000000  
83.000000000000000  
85.000000000000000  
87.000000000000000  
89.000000000000000  
91.000000000000000  
93.000000000000000  
95.000000000000000  
97.000000000000000  
99.000000000000000  
101.000000000000000 
103.000000000000000 
105.000000000000000 
107.000000000000000 
109.000000000000000 
111.000000000000000 
113.000000000000000 
115.000000000000000 
117.000000000000000 
119.000000000000000 
121.000000000000000 
123.000000000000000 
125.000000000000000 
127.000000000000000 
129.000000000000000 
131.000000000000000 
133.000000000000000 
135.000000000000000 
137.000000000000000 
139.000000000000000 
141.000000000000000 
143.000000000000000 
145.000000000000000 
147.000000000000000 
149.000000000000000 
151.000000000000000 
153.000000000000000 
155.000000000000000 
157.000000000000000 
159.000000000000000 
161.000000000000000 
163.000000000000000 
165.000000000000000 
167.000000000000000 
169.000000000000000 
171.000000000000000 
173.000000000000000 
175.000000000000000 
177.000000000000000 
179.000000000000000 
181.000000000000000 
183.000000000000000 
185.000000000000000 
187.000000000000000 
189.000000000000000 
191.000000000000000 
193.000000000000000 
195.000000000000000 
197.000000000000000 
199.000000000000000 
201.000000000000000 
203.000000000000000 
205.000000000000000 
207.000000000000000 
209.000000000000000 
211.000000000000000 
213.000000000000000 
215.000000000000000 
217.000000000000000 
219.000000000000000 
221.000000000000000 
223.000000000000000 
225.000000000000000 
227.000000000000000 
229.000000000000000 
231.000000000000000 
233.000000000000000 
235.000000000000000 
237.000000000000000 
239.000000000000000 
241.000000000000000 
243.000000000000000 
245.000000000000000 
247.000000000000000 
249.000000000000000 
251.000000000000000 
253.000000000000000 
255.000000000000000 
257.000000000000000 
259.000000000000000 
261.000000000000000 
263.000000000000000 
265.000000000000000 
267.000000000000000 
269.000000000000000 
271.000000000000000 
273.000000000000000 
275.000000000000000 
277.000000000000000 
279.000000000000000 
281.000000000000000 
283.000000000000000 
285.000000000000000 
287.000000000000000 
289.000000000000000 
291.000000000000000 
293.000000000000000 
295.000000000000000 
297.000000000000000 
299.000000000000000 
301.000000000000000 
303.000000000000000 
305.000000000000000 
307.000000000000000 
309.000000000000000 
311.000000000000000 
313.000000000000000 
315.000000000000000 
317.000000000000000 
319.000000000000000 
321.000000000000000 
323.000000000000000 
325.000000000000000 
327.000000000000000 
329.000000000000000 
331.000000000000000 
333.000000000000000 
335.000000000000000 
337.000000000000000 
339.000000000000000 
341.000000000000000 
343.000000000000000 
345.000000000000000 
347.000000000000000 
349.000000000000000 
351.000000000000000 
353.000000000000000 
355.000000000000000 
357.000000000000000 
359.000000000000000 
361.000000000000000 
363.000000000000000 
365.000000000000000 
367.000000000000000 
369.000000000000000 
371.000000000000000 
373.000000000000000 
375.000000000000000 
377.000000000000000 
379.000000000000000 
381.000000000000000 
383.000000000000000 
385.000000000000000 
387.000000000000000 
389.000000000000000 
391.000000000000000 
393.000000000000000 
395.000000000000000 
397.000000000000000 
399.000000000000000 
401.000000000000000 
403.000000000000000 
405.000000000000000 
407.000000000000000 
409.000000000000000 
411.000000000000000 
413.000000000000000 
415.000000000000000 
417.000000000000000 
419.000000000000000 
421.000000000000000 
423.000000000000000 
425.000000000000000 
427.000000000000000 
429.000000000000000 
431.000000000000000 
433.000000000000000 
435.000000000000000 
437.000000000000000 
439.000000000000000 
441.000000000000000 
443.000000000000000 
445.000000000000000 
447.000000000000000 
449.000000000000000 
451.000000000000000 
453.000000000000000 
455.000000000000000 
457.000000000000000 
459.000000000000000 
461.000000000000000 
463.000000000000000 
465.000000000000000 
467.000000000000000 
469.000000000000000 
471.000000000000000 
473.000000000000000 
475.000000000000000 
477.000000000000000 
479.000000000000000 
