# Block data
#  il	   iu	   jl	   ju	   kl	   ku	 dtop	 dwest	 deast	 dnor	 dsou
   6	  12	  16	  70	   1	  19	   1	   2	   0	   3	   4
  11	  48	 178	 202	   1	  23	   5	   6	   0	   7	   8
  11	  48	 205	 220	   1	  23	   9	  10	   0	  11	  12
  12	  12	 113	 157	   1	  19	  13	  14	   0	  15	  16
  13	  13	   6	  15	   1	  19	  17	  18	   0	   0	  19
  13	  13	  16	  70	   1	  19	  20	   0	   0	   0	   0
  13	  13	  71	 112	   1	  19	  21	  22	   0	   0	   0
  13	  13	 113	 157	   1	  19	  23	   0	   0	  24	   0
  14	  15	   6	 157	   1	  19	  25	   0	   0	  26	  27
  16	  16	   6	  67	   1	  19	  28	   0	  29	   0	  30
  16	  16	  68	 157	   1	  19	  31	   0	   0	  32	   0
  16	  77	 226	 251	   1	  23	  33	  34	   0	  35	  36
  17	  21	  68	 157	   1	  19	  37	   0	   0	  38	  39
  22	  22	  68	 155	   1	  19	  40	   0	   0	   0	  41
  22	  22	 156	 157	   1	  19	  42	   0	  43	  44	   0
  23	  58	  68	 155	   1	  19	  45	   0	   0	  46	  47
  40	  58	   6	  60	   1	  19	  48	  49	   0	  50	  51
  49	  49	 178	 202	   1	  23	  52	   0	   0	   0	  53
  49	  49	 203	 204	   1	  23	  54	  55	   0	   0	   0
  49	  49	 205	 220	   1	  23	  56	   0	   0	  57	   0
  50	  67	 178	 220	   1	  23	  58	   0	   0	  59	  60
  59	  59	   6	  44	   1	  19	  61	   0	   0	   0	  62
  59	  59	  45	  60	   1	  19	  63	   0	  64	  65	   0
  59	  59	  68	  95	   1	  19	  66	   0	   0	   0	  67
  59	  59	  96	 125	   1	  19	  68	   0	  69	   0	   0
  59	  59	 126	 155	   1	  19	  70	   0	   0	  71	   0
  60	  60	   6	  15	   1	  19	  72	   0	   0	   0	  73
  60	  60	  16	  25	   1	  19	  74	   0	  75	   0	   0
  60	  60	  26	  44	   1	  19	  76	   0	   0	  77	   0
  60	  74	  68	  95	   1	  19	  78	   0	   0	  79	  80
  60	  60	 126	 155	   1	  19	  81	   0	  82	  83	  84
  61	  67	   6	  15	   1	  19	  85	   0	  86	  87	  88
  61	  74	  26	  44	   1	  19	  89	   0	   0	  90	  91
  68	  68	 178	 205	   1	  23	  92	   0	   0	   0	  93
  68	  68	 206	 220	   1	  23	  94	   0	  95	  96	   0
  69	 129	 178	 205	   1	  23	  97	   0	   0	  98	  99
  75	  75	   6	  10	   1	  19	 100	 101	   0	 102	 103
  75	  75	  26	  44	   1	  19	 104	   0	   0	   0	 105
  75	  75	  45	  67	   1	  19	 106	 107	   0	   0	   0
  75	  75	  68	  95	   1	  19	 108	   0	   0	 109	   0
  76	  76	   6	  10	   1	  19	 110	   0	   0	   0	 111
  76	  76	  11	  25	   1	  19	 112	 113	   0	   0	   0
  76	  76	  26	  95	   1	  19	 114	   0	   0	 115	   0
  77	  91	   6	  95	   1	  19	 116	   0	   0	 117	 118
  78	  78	 226	 240	   1	  23	 119	   0	 120	   0	 121
  78	  78	 241	 251	   1	  23	 122	   0	   0	 123	   0
  79	  86	 241	 251	   1	  23	 124	   0	   0	 125	 126
  87	 129	 213	 232	   1	  23	 127	 128	   0	 129	 130
  87	  87	 240	 240	   1	  23	 131	 132	   0	   0	 133
  87	  87	 241	 251	   1	  23	 134	   0	   0	 135	   0
  88	  88	 240	 251	   1	  23	 136	   0	   0	 137	 138
  89	  89	 238	 239	   1	  23	 139	 140	   0	   0	 141
  89	  89	 240	 251	   1	  23	 142	   0	   0	 143	   0
  90	  91	 238	 251	   1	  23	 144	   0	   0	 145	 146
  92	  92	   6	  94	   1	  19	 147	   0	   0	   0	 148
  92	  92	  95	  95	   1	  19	 149	   0	 150	 151	   0
  92	  92	 238	 239	   1	  23	 152	   0	 153	   0	 154
  92	  92	 240	 251	   1	  23	 155	   0	   0	 156	   0
  93	  94	   6	  94	   1	  19	 157	   0	   0	 158	 159
  93	  93	 240	 240	   1	  23	 160	   0	 161	   0	 162
  93	  93	 241	 251	   1	  23	 163	   0	   0	 164	   0
  94	 223	 241	 251	   1	  23	 165	   0	   0	 166	 167
  95	  95	   6	  25	   1	  19	 168	   0	 169	   0	 170
  95	  95	  26	  94	   1	  19	 171	   0	   0	 172	   0
  96	  96	  26	  44	   1	  19	 173	   0	   0	   0	 174
  96	  96	  45	  70	   1	  19	 175	   0	 176	   0	   0
  96	  96	  71	  94	   1	  19	 177	   0	   0	 178	   0
  97	 108	  26	  44	   1	  19	 179	   0	   0	 180	 181
  97	 108	  71	  94	   1	  19	 182	   0	   0	 183	 184
  98	 118	   6	  20	   1	  19	 185	 186	   0	 187	 188
 109	 109	  26	  44	   1	  19	 189	   0	   0	   0	 190
 109	 109	  45	  70	   1	  19	 191	 192	   0	   0	   0
 109	 109	  71	  94	   1	  19	 193	   0	   0	 194	   0
 110	 118	  26	  94	   1	  19	 195	   0	   0	 196	 197
 119	 119	   6	  20	   1	  19	 198	   0	   0	   0	 199
 119	 119	  21	  25	   1	  19	 200	 201	   0	   0	   0
 119	 119	  26	  94	   1	  19	 202	   0	   0	 203	   0
 120	 136	   6	  94	   1	  19	 204	   0	   0	 205	 206
 123	 135	 118	 130	   1	  62	 207	 208	 209	 210	 211
 130	 130	 178	 205	   1	  23	 212	   0	   0	   0	 213
 130	 130	 206	 212	   1	  23	 214	 215	   0	   0	   0
 130	 130	 213	 232	   1	  23	 216	   0	   0	 217	   0
 131	 156	 178	 232	   1	  23	 218	   0	   0	 219	 220
 137	 137	   6	  10	   1	  19	 221	   0	 222	   0	 223
 137	 137	  11	  94	   1	  19	 224	   0	   0	 225	   0
 138	 138	  11	  49	   1	  19	 226	   0	   0	   0	 227
 138	 138	  50	  70	   1	  19	 228	   0	 229	   0	   0
 138	 138	  71	  94	   1	  19	 230	   0	   0	 231	   0
 139	 141	  11	  49	   1	  19	 232	   0	   0	 233	 234
 139	 163	  71	  94	   1	  19	 235	   0	   0	 236	 237
 142	 142	  11	  49	   1	  19	 238	   0	   0	   0	 239
 142	 142	  50	  60	   1	  19	 240	 241	   0	 242	   0
 143	 149	  11	  60	   1	  19	 243	   0	   0	 244	 245
 150	 150	   6	  10	   1	  19	 246	 247	   0	   0	 248
 150	 150	  11	  60	   1	  19	 249	   0	   0	 250	   0
 151	 156	   6	  60	   1	  19	 251	   0	   0	 252	 253
 157	 157	   6	  35	   1	  19	 254	   0	   0	   0	 255
 157	 157	  36	  60	   1	  19	 256	   0	 257	 258	   0
 157	 157	 176	 177	   1	  23	 259	 260	   0	   0	 261
 157	 157	 178	 232	   1	  23	 262	   0	   0	 263	   0
 158	 158	   6	  30	   1	  19	 264	   0	   0	   0	 265
 158	 158	  31	  35	   1	  19	 266	   0	 267	 268	   0
 158	 164	 138	 152	   1	  19	 269	 270	   0	 271	 272
 158	 174	 176	 232	   1	  23	 273	   0	   0	 274	 275
 159	 173	   6	  30	   1	  19	 276	   0	   0	 277	 278
 164	 164	  33	  70	   1	  19	 279	 280	   0	   0	 281
 164	 164	  71	  94	   1	  19	 282	   0	   0	 283	   0
 165	 165	  33	  94	   1	  19	 284	   0	   0	   0	 285
 165	 165	  95	 137	   1	  19	 286	 287	   0	   0	   0
 165	 165	 138	 152	   1	  19	 288	   0	   0	 289	   0
 166	 173	  33	 152	   1	  19	 290	   0	   0	 291	 292
 174	 174	   6	  30	   1	  19	 293	   0	   0	   0	 294
 174	 174	  31	  32	   1	  19	 295	 296	   0	   0	   0
 174	 174	  33	 152	   1	  19	 297	   0	   0	 298	   0
 175	 180	   6	 152	   1	  19	 299	   0	   0	 300	 301
 175	 175	 176	 190	   1	  23	 302	   0	 303	   0	 304
 175	 175	 191	 232	   1	  23	 305	   0	   0	 306	   0
 176	 177	 191	 232	   1	  23	 307	   0	   0	 308	 309
 178	 178	 191	 205	   1	  23	 310	   0	   0	   0	 311
 178	 178	 206	 232	   1	  23	 312	   0	 313	 314	   0
 179	 181	 191	 205	   1	  23	 315	   0	   0	 316	 317
 181	 181	   6	  72	   1	  19	 318	   0	   0	   0	 319
 181	 181	  73	 107	   1	  19	 320	   0	 321	   0	   0
 181	 181	 108	 152	   1	  19	 322	   0	   0	 323	   0
 181	 181	 231	 232	   1	  23	 324	 325	   0	 326	 327
 182	 185	   6	  72	   1	  19	 328	   0	   0	 329	 330
 182	 233	 108	 152	   1	  19	 331	   0	   0	 332	 333
 182	 182	 191	 205	   1	  23	 334	   0	   0	   0	 335
 182	 182	 206	 230	   1	  23	 336	 337	   0	   0	   0
 182	 182	 231	 232	   1	  23	 338	   0	   0	 339	   0
 183	 210	 191	 232	   1	  23	 340	   0	   0	 341	 342
 186	 186	   6	  72	   1	  19	 343	   0	   0	   0	 344
 186	 186	  73	  94	   1	  19	 345	 346	   0	 347	   0
 187	 187	   6	  94	   1	  19	 348	   0	   0	 349	 350
 188	 188	   6	  92	   1	  19	 351	   0	   0	   0	 352
 188	 188	  93	  94	   1	  19	 353	   0	 354	 355	   0
 189	 190	   6	  92	   1	  19	 356	   0	   0	 357	 358
 191	 191	   6	  90	   1	  19	 359	   0	   0	   0	 360
 191	 191	  91	  92	   1	  19	 361	   0	 362	 363	   0
 192	 194	   6	  90	   1	  19	 364	   0	   0	 365	 366
 195	 195	   6	  90	   1	  19	 367	   0	   0	   0	 368
 195	 195	  91	 102	   1	  19	 369	 370	   0	 371	   0
 196	 219	   6	 102	   1	  19	 372	   0	   0	 373	 374
 211	 211	 191	 204	   1	  23	 375	   0	   0	   0	 376
 211	 211	 205	 217	   1	  23	 377	   0	 378	   0	   0
 211	 211	 218	 232	   1	  23	 379	   0	   0	 380	   0
 212	 227	 191	 204	   1	  23	 381	   0	   0	 382	 383
 212	 212	 218	 232	   1	  23	 384	   0	 385	 386	 387
 220	 220	   6	  75	   1	  19	 388	   0	   0	   0	 389
 220	 220	  76	  77	   1	  19	 390	   0	 391	   0	   0
 220	 220	  78	 102	   1	  19	 392	   0	   0	 393	   0
 221	 223	   6	  75	   1	  19	 394	   0	   0	 395	 396
 221	 234	  78	 102	   1	  19	 397	   0	 398	 399	 400
 224	 224	   6	  74	   1	  19	 401	   0	   0	   0	 402
 224	 224	  75	  75	   1	  19	 403	   0	 404	 405	   0
 224	 224	 213	 240	   1	  23	 406	 407	   0	   0	 408
 224	 224	 241	 251	   1	  23	 409	   0	   0	 410	   0
 225	 225	   6	  72	   1	  19	 411	   0	   0	   0	 412
 225	 225	  73	  74	   1	  19	 413	   0	 414	 415	   0
 225	 242	 213	 251	   1	  23	 416	   0	   0	 417	 418
 226	 228	   6	  72	   1	  19	 419	   0	   0	 420	 421
 228	 228	 191	 202	   1	  23	 422	   0	   0	   0	 423
 228	 228	 203	 204	   1	  23	 424	   0	 425	 426	   0
 229	 229	   6	  70	   1	  19	 427	   0	   0	   0	 428
 229	 229	  71	  72	   1	  19	 429	   0	 430	 431	   0
 229	 239	 191	 202	   1	  23	 432	   0	   0	 433	 434
 230	 231	   6	  70	   1	  19	 435	   0	   0	 436	 437
 232	 232	   6	  69	   1	  19	 438	   0	   0	   0	 439
 232	 232	  70	  70	   1	  19	 440	   0	 441	 442	   0
 233	 233	   6	  69	   1	  19	 443	   0	   0	 444	 445
 234	 234	   6	  67	   1	  19	 446	   0	   0	   0	 447
 234	 234	  68	  69	   1	  19	 448	   0	 449	 450	   0
 234	 234	 108	 137	   1	  19	 451	   0	 452	   0	 453
 234	 234	 138	 152	   1	  19	 454	   0	   0	 455	   0
 235	 236	   6	  67	   1	  19	 456	   0	   0	 457	 458
 235	 248	 138	 152	   1	  19	 459	   0	   0	 460	 461
 237	 237	   6	  15	   1	  19	 462	   0	 463	   0	 464
 237	 237	  16	  65	   1	  19	 465	   0	   0	   0	   0
 237	 237	  66	  67	   1	  19	 466	   0	 467	 468	   0
 238	 239	  16	  65	   1	  19	 469	   0	   0	 470	 471
 240	 240	  16	  64	   1	  19	 472	   0	   0	   0	 473
 240	 240	  65	  65	   1	  19	 474	   0	 475	 476	   0
 240	 240	 180	 190	   1	  23	 477	 478	   0	   0	 479
 240	 240	 191	 202	   1	  23	 480	   0	   0	 481	   0
 241	 241	  16	  64	   1	  19	 482	   0	   0	 483	 484
 241	 242	 180	 202	   1	  23	 485	   0	   0	 486	 487
 242	 242	  16	  62	   1	  19	 488	   0	   0	   0	 489
 242	 242	  63	  64	   1	  19	 490	   0	 491	 492	   0
 243	 244	  16	  62	   1	  19	 493	   0	   0	 494	 495
 243	 243	 180	 202	   1	  23	 496	   0	   0	   0	 497
 243	 243	 203	 212	   1	  23	 498	 499	   0	   0	   0
 243	 243	 213	 251	   1	  23	 500	   0	   0	 501	   0
 244	 246	 180	 251	   1	  23	 502	   0	   0	 503	 504
 245	 245	  16	  60	   1	  19	 505	   0	   0	   0	 506
 245	 245	  61	  62	   1	  19	 507	   0	 508	 509	   0
 246	 247	  16	  60	   1	  19	 510	   0	   0	 511	 512
 247	 247	 180	 205	   1	  23	 513	   0	   0	   0	 514
 247	 247	 206	 212	   1	  23	 515	   0	 516	   0	   0
 247	 247	 213	 251	   1	  23	 517	   0	   0	 518	   0
 248	 248	  16	  60	   1	  19	 519	   0	   0	   0	 520
 248	 248	  61	  95	   1	  19	 521	 522	   0	 523	   0
 248	 251	 180	 205	   1	  23	 524	   0	 525	 526	 527
 248	 251	 213	 251	   1	  23	 528	   0	 529	 530	 531
 249	 249	  16	  95	   1	  19	 532	   0	   0	   0	 533
 249	 249	  96	 137	   1	  19	 534	 535	   0	   0	   0
 249	 249	 138	 152	   1	  19	 536	   0	   0	 537	   0
 250	 251	  16	 152	   1	  19	 538	   0	 539	 540	 541
   5	   5	   1	 256	   0	   0	 542	   0	   0	   0	   0
   6	  12	  71	  71	   0	   0	 543	   0	   0	   0	   0
   6	  12	  15	  15	   0	   0	 544	   0	   0	   0	   0
  10	  10	  72	 256	   0	   0	 545	   0	   0	   0	   0
  11	  48	 203	 203	   0	   0	 546	   0	   0	   0	   0
  11	  48	 177	 177	   0	   0	 547	   0	   0	   0	   0
  11	  48	 221	 221	   0	   0	 548	   0	   0	   0	   0
  11	  48	 204	 204	   0	   0	 549	   0	   0	   0	   0
  11	  11	  72	 176	   0	   0	 550	   0	   0	   0	   0
  12	  12	 158	 158	   0	   0	 551	   0	   0	   0	   0
  12	  12	   6	  15	   0	   0	 552	   0	   0	   0	   0
  13	  13	   5	   5	   0	   0	 553	   0	   0	   0	   0
  12	  12	  71	 112	   0	   0	 554	   0	   0	   0	   0
  13	  13	 158	 158	   0	   0	 555	   0	   0	   0	   0
  14	  15	 158	 158	   0	   0	 556	   0	   0	   0	   0
  14	  15	   5	   5	   0	   0	 557	   0	   0	   0	   0
  17	  17	   6	  67	   0	   0	 558	   0	   0	   0	   0
  16	  16	   5	   5	   0	   0	 559	   0	   0	   0	   0
  16	  16	 158	 158	   0	   0	 560	   0	   0	   0	   0
  15	  15	 222	 256	   0	   0	 561	   0	   0	   0	   0
  16	  77	 252	 252	   0	   0	 562	   0	   0	   0	   0
  16	  77	 225	 225	   0	   0	 563	   0	   0	   0	   0
  17	  21	 158	 158	   0	   0	 564	   0	   0	   0	   0
  17	  21	  67	  67	   0	   0	 565	   0	   0	   0	   0
  22	  22	  67	  67	   0	   0	 566	   0	   0	   0	   0
  23	  23	 156	 157	   0	   0	 567	   0	   0	   0	   0
  22	  22	 158	 158	   0	   0	 568	   0	   0	   0	   0
  23	  58	 156	 156	   0	   0	 569	   0	   0	   0	   0
  23	  58	  67	  67	   0	   0	 570	   0	   0	   0	   0
  39	  39	   1	  66	   0	   0	 571	   0	   0	   0	   0
  40	  58	  61	  61	   0	   0	 572	   0	   0	   0	   0
  40	  58	   5	   5	   0	   0	 573	   0	   0	   0	   0
  49	  49	 177	 177	   0	   0	 574	   0	   0	   0	   0
  48	  48	 203	 204	   0	   0	 575	   0	   0	   0	   0
  49	  49	 221	 221	   0	   0	 576	   0	   0	   0	   0
  50	  67	 221	 221	   0	   0	 577	   0	   0	   0	   0
  50	  67	 177	 177	   0	   0	 578	   0	   0	   0	   0
  59	  59	   5	   5	   0	   0	 579	   0	   0	   0	   0
  60	  60	  45	  60	   0	   0	 580	   0	   0	   0	   0
  59	  59	  61	  61	   0	   0	 581	   0	   0	   0	   0
  59	  59	  67	  67	   0	   0	 582	   0	   0	   0	   0
  60	  60	  96	 125	   0	   0	 583	   0	   0	   0	   0
  59	  59	 156	 156	   0	   0	 584	   0	   0	   0	   0
  60	  60	   5	   5	   0	   0	 585	   0	   0	   0	   0
  61	  61	  16	  25	   0	   0	 586	   0	   0	   0	   0
  60	  74	  96	  96	   0	   0	 587	   0	   0	   0	   0
  60	  74	  67	  67	   0	   0	 588	   0	   0	   0	   0
  61	  61	  97	 176	   0	   0	 589	   0	   0	   0	   0
  60	  60	 156	 156	   0	   0	 590	   0	   0	   0	   0
  68	  68	   1	  24	   0	   0	 591	   0	   0	   0	   0
  61	  67	  16	  16	   0	   0	 592	   0	   0	   0	   0
  61	  67	   5	   5	   0	   0	 593	   0	   0	   0	   0
  61	  74	  45	  45	   0	   0	 594	   0	   0	   0	   0
  61	  74	  25	  25	   0	   0	 595	   0	   0	   0	   0
  68	  68	 177	 177	   0	   0	 596	   0	   0	   0	   0
  69	  69	 206	 220	   0	   0	 597	   0	   0	   0	   0
  68	  68	 221	 221	   0	   0	 598	   0	   0	   0	   0
  69	 129	 206	 206	   0	   0	 599	   0	   0	   0	   0
  69	 129	 177	 177	   0	   0	 600	   0	   0	   0	   0
  74	  74	   1	  24	   0	   0	 601	   0	   0	   0	   0
  75	  75	   5	   5	   0	   0	 602	   0	   0	   0	   0
  74	  74	  45	  67	   0	   0	 603	   0	   0	   0	   0
  75	  75	  96	  96	   0	   0	 604	   0	   0	   0	   0
  76	  76	   5	   5	   0	   0	 605	   0	   0	   0	   0
  75	  75	  11	  25	   0	   0	 606	   0	   0	   0	   0
  76	  76	  96	  96	   0	   0	 607	   0	   0	   0	   0
  77	  91	  96	  96	   0	   0	 608	   0	   0	   0	   0
  77	  91	   5	   5	   0	   0	 609	   0	   0	   0	   0
  79	  79	 226	 240	   0	   0	 610	   0	   0	   0	   0
  78	  78	 225	 225	   0	   0	 611	   0	   0	   0	   0
  78	  78	 252	 252	   0	   0	 612	   0	   0	   0	   0
  79	  86	 252	 252	   0	   0	 613	   0	   0	   0	   0
  79	  86	 240	 240	   0	   0	 614	   0	   0	   0	   0
  86	  86	 207	 239	   0	   0	 615	   0	   0	   0	   0
  87	 129	 233	 233	   0	   0	 616	   0	   0	   0	   0
  87	 129	 212	 212	   0	   0	 617	   0	   0	   0	   0
  87	  87	 234	 239	   0	   0	 618	   0	   0	   0	   0
  87	  87	 252	 252	   0	   0	 619	   0	   0	   0	   0
  88	  88	 252	 252	   0	   0	 620	   0	   0	   0	   0
  88	  88	 238	 239	   0	   0	 621	   0	   0	   0	   0
  89	  89	 237	 237	   0	   0	 622	   0	   0	   0	   0
  89	  89	 252	 252	   0	   0	 623	   0	   0	   0	   0
  90	  91	 252	 252	   0	   0	 624	   0	   0	   0	   0
  90	  91	 237	 237	   0	   0	 625	   0	   0	   0	   0
  92	  92	   5	   5	   0	   0	 626	   0	   0	   0	   0
  92	  92	  96	  96	   0	   0	 627	   0	   0	   0	   0
  93	  93	 238	 239	   0	   0	 628	   0	   0	   0	   0
  92	  92	 237	 237	   0	   0	 629	   0	   0	   0	   0
  92	  92	 252	 252	   0	   0	 630	   0	   0	   0	   0
  93	  94	  95	  95	   0	   0	 631	   0	   0	   0	   0
  93	  94	   5	   5	   0	   0	 632	   0	   0	   0	   0
  93	  93	 252	 252	   0	   0	 633	   0	   0	   0	   0
  94	 223	 252	 252	   0	   0	 634	   0	   0	   0	   0
  94	 223	 240	 240	   0	   0	 635	   0	   0	   0	   0
  96	  96	   6	  25	   0	   0	 636	   0	   0	   0	   0
  95	  95	   5	   5	   0	   0	 637	   0	   0	   0	   0
  95	  95	  95	  95	   0	   0	 638	   0	   0	   0	   0
  97	  97	  45	  70	   0	   0	 639	   0	   0	   0	   0
  96	  96	  95	  95	   0	   0	 640	   0	   0	   0	   0
  97	 108	  45	  45	   0	   0	 641	   0	   0	   0	   0
  97	 108	  25	  25	   0	   0	 642	   0	   0	   0	   0
  97	 108	  95	  95	   0	   0	 643	   0	   0	   0	   0
  97	 108	  70	  70	   0	   0	 644	   0	   0	   0	   0
  97	  97	   6	  24	   0	   0	 645	   0	   0	   0	   0
  98	 118	  21	  21	   0	   0	 646	   0	   0	   0	   0
  98	 118	   5	   5	   0	   0	 647	   0	   0	   0	   0
 109	 109	  25	  25	   0	   0	 648	   0	   0	   0	   0
 108	 108	  45	  70	   0	   0	 649	   0	   0	   0	   0
 109	 109	  95	  95	   0	   0	 650	   0	   0	   0	   0
 110	 118	  95	  95	   0	   0	 651	   0	   0	   0	   0
 110	 118	  25	  25	   0	   0	 652	   0	   0	   0	   0
 119	 119	   5	   5	   0	   0	 653	   0	   0	   0	   0
 118	 118	  21	  25	   0	   0	 654	   0	   0	   0	   0
 119	 119	  95	  95	   0	   0	 655	   0	   0	   0	   0
 120	 136	  95	  95	   0	   0	 656	   0	   0	   0	   0
 120	 136	   5	   5	   0	   0	 657	   0	   0	   0	   0
 122	 122	  96	 176	   0	   0	 658	   0	   0	   0	   0
 136	 136	  96	 176	   0	   0	 659	   0	   0	   0	   0
 123	 135	 131	 176	   0	   0	 660	   0	   0	   0	   0
 123	 135	  96	 117	   0	   0	 661	   0	   0	   0	   0
 130	 130	 177	 177	   0	   0	 662	   0	   0	   0	   0
 129	 129	 206	 212	   0	   0	 663	   0	   0	   0	   0
 130	 130	 233	 233	   0	   0	 664	   0	   0	   0	   0
 131	 156	 233	 233	   0	   0	 665	   0	   0	   0	   0
 131	 156	 177	 177	   0	   0	 666	   0	   0	   0	   0
 138	 138	   6	  10	   0	   0	 667	   0	   0	   0	   0
 137	 137	   5	   5	   0	   0	 668	   0	   0	   0	   0
 137	 137	  95	  95	   0	   0	 669	   0	   0	   0	   0
 139	 139	  50	  70	   0	   0	 670	   0	   0	   0	   0
 138	 138	  95	  95	   0	   0	 671	   0	   0	   0	   0
 139	 141	  50	  50	   0	   0	 672	   0	   0	   0	   0
 139	 141	  10	  10	   0	   0	 673	   0	   0	   0	   0
 139	 163	  95	  95	   0	   0	 674	   0	   0	   0	   0
 139	 163	  70	  70	   0	   0	 675	   0	   0	   0	   0
 142	 142	  10	  10	   0	   0	 676	   0	   0	   0	   0
 141	 141	  50	  60	   0	   0	 677	   0	   0	   0	   0
 142	 142	  61	  61	   0	   0	 678	   0	   0	   0	   0
 143	 149	  61	  61	   0	   0	 679	   0	   0	   0	   0
 143	 149	  10	  10	   0	   0	 680	   0	   0	   0	   0
 149	 149	   6	  10	   0	   0	 681	   0	   0	   0	   0
 150	 150	   5	   5	   0	   0	 682	   0	   0	   0	   0
 150	 150	  61	  61	   0	   0	 683	   0	   0	   0	   0
 151	 156	  61	  61	   0	   0	 684	   0	   0	   0	   0
 151	 156	   5	   5	   0	   0	 685	   0	   0	   0	   0
 157	 157	   5	   5	   0	   0	 686	   0	   0	   0	   0
 158	 158	  36	  60	   0	   0	 687	   0	   0	   0	   0
 157	 157	  61	  61	   0	   0	 688	   0	   0	   0	   0
 156	 156	 176	 177	   0	   0	 689	   0	   0	   0	   0
 157	 157	  96	 175	   0	   0	 690	   0	   0	   0	   0
 157	 157	 233	 233	   0	   0	 691	   0	   0	   0	   0
 158	 158	   5	   5	   0	   0	 692	   0	   0	   0	   0
 159	 159	  31	  35	   0	   0	 693	   0	   0	   0	   0
 158	 164	 153	 153	   0	   0	 694	   0	   0	   0	   0
 158	 164	 137	 137	   0	   0	 695	   0	   0	   0	   0
 158	 174	 233	 233	   0	   0	 696	   0	   0	   0	   0
 158	 174	 175	 175	   0	   0	 697	   0	   0	   0	   0
 159	 173	  31	  31	   0	   0	 698	   0	   0	   0	   0
 159	 173	   5	   5	   0	   0	 699	   0	   0	   0	   0
 163	 163	  33	  70	   0	   0	 700	   0	   0	   0	   0
 164	 164	  32	  32	   0	   0	 701	   0	   0	   0	   0
 165	 165	  32	  32	   0	   0	 702	   0	   0	   0	   0
 164	 164	  95	 137	   0	   0	 703	   0	   0	   0	   0
 165	 165	 153	 153	   0	   0	 704	   0	   0	   0	   0
 166	 173	 153	 153	   0	   0	 705	   0	   0	   0	   0
 166	 173	  32	  32	   0	   0	 706	   0	   0	   0	   0
 174	 174	   5	   5	   0	   0	 707	   0	   0	   0	   0
 173	 173	  31	  32	   0	   0	 708	   0	   0	   0	   0
 174	 174	 153	 153	   0	   0	 709	   0	   0	   0	   0
 175	 180	 153	 153	   0	   0	 710	   0	   0	   0	   0
 175	 180	   5	   5	   0	   0	 711	   0	   0	   0	   0
 176	 176	 176	 190	   0	   0	 712	   0	   0	   0	   0
 175	 175	 175	 175	   0	   0	 713	   0	   0	   0	   0
 175	 175	 233	 233	   0	   0	 714	   0	   0	   0	   0
 176	 177	 233	 233	   0	   0	 715	   0	   0	   0	   0
 176	 177	 190	 190	   0	   0	 716	   0	   0	   0	   0
 178	 178	 190	 190	   0	   0	 717	   0	   0	   0	   0
 179	 179	 206	 232	   0	   0	 718	   0	   0	   0	   0
 178	 178	 233	 233	   0	   0	 719	   0	   0	   0	   0
 179	 181	 206	 206	   0	   0	 720	   0	   0	   0	   0
 179	 181	 190	 190	   0	   0	 721	   0	   0	   0	   0
 181	 181	   5	   5	   0	   0	 722	   0	   0	   0	   0
 182	 182	  73	 107	   0	   0	 723	   0	   0	   0	   0
 181	 181	 153	 153	   0	   0	 724	   0	   0	   0	   0
 180	 180	 207	 232	   0	   0	 725	   0	   0	   0	   0
 181	 181	 233	 233	   0	   0	 726	   0	   0	   0	   0
 182	 185	  73	  73	   0	   0	 727	   0	   0	   0	   0
 182	 185	   5	   5	   0	   0	 728	   0	   0	   0	   0
 182	 233	 153	 153	   0	   0	 729	   0	   0	   0	   0
 182	 233	 107	 107	   0	   0	 730	   0	   0	   0	   0
 182	 182	 190	 190	   0	   0	 731	   0	   0	   0	   0
 181	 181	 206	 230	   0	   0	 732	   0	   0	   0	   0
 182	 182	 233	 233	   0	   0	 733	   0	   0	   0	   0
 183	 210	 233	 233	   0	   0	 734	   0	   0	   0	   0
 183	 210	 190	 190	   0	   0	 735	   0	   0	   0	   0
 186	 186	   5	   5	   0	   0	 736	   0	   0	   0	   0
 185	 185	  73	  94	   0	   0	 737	   0	   0	   0	   0
 186	 186	  95	  95	   0	   0	 738	   0	   0	   0	   0
 187	 187	  95	  95	   0	   0	 739	   0	   0	   0	   0
 187	 187	   5	   5	   0	   0	 740	   0	   0	   0	   0
 188	 188	   5	   5	   0	   0	 741	   0	   0	   0	   0
 189	 189	  93	  94	   0	   0	 742	   0	   0	   0	   0
 188	 188	  95	  95	   0	   0	 743	   0	   0	   0	   0
 189	 190	  93	  93	   0	   0	 744	   0	   0	   0	   0
 189	 190	   5	   5	   0	   0	 745	   0	   0	   0	   0
 191	 191	   5	   5	   0	   0	 746	   0	   0	   0	   0
 192	 192	  91	  92	   0	   0	 747	   0	   0	   0	   0
 191	 191	  93	  93	   0	   0	 748	   0	   0	   0	   0
 192	 194	  91	  91	   0	   0	 749	   0	   0	   0	   0
 192	 194	   5	   5	   0	   0	 750	   0	   0	   0	   0
 195	 195	   5	   5	   0	   0	 751	   0	   0	   0	   0
 194	 194	  91	 102	   0	   0	 752	   0	   0	   0	   0
 195	 195	 103	 103	   0	   0	 753	   0	   0	   0	   0
 196	 219	 103	 103	   0	   0	 754	   0	   0	   0	   0
 196	 219	   5	   5	   0	   0	 755	   0	   0	   0	   0
 211	 211	 190	 190	   0	   0	 756	   0	   0	   0	   0
 212	 212	 205	 217	   0	   0	 757	   0	   0	   0	   0
 211	 211	 233	 233	   0	   0	 758	   0	   0	   0	   0
 212	 227	 205	 205	   0	   0	 759	   0	   0	   0	   0
 212	 227	 190	 190	   0	   0	 760	   0	   0	   0	   0
 213	 213	 206	 239	   0	   0	 761	   0	   0	   0	   0
 212	 212	 233	 233	   0	   0	 762	   0	   0	   0	   0
 220	 220	   5	   5	   0	   0	 763	   0	   0	   0	   0
 221	 221	  76	  77	   0	   0	 764	   0	   0	   0	   0
 220	 220	 103	 103	   0	   0	 765	   0	   0	   0	   0
 221	 223	  76	  76	   0	   0	 766	   0	   0	   0	   0
 221	 223	   5	   5	   0	   0	 767	   0	   0	   0	   0
 221	 234	 103	 103	   0	   0	 768	   0	   0	   0	   0
 221	 234	  77	  77	   0	   0	 769	   0	   0	   0	   0
 224	 224	   5	   5	   0	   0	 770	   0	   0	   0	   0
 225	 225	  75	  75	   0	   0	 771	   0	   0	   0	   0
 224	 224	  76	  76	   0	   0	 772	   0	   0	   0	   0
 223	 223	 213	 240	   0	   0	 773	   0	   0	   0	   0
 224	 224	 212	 212	   0	   0	 774	   0	   0	   0	   0
 224	 224	 252	 252	   0	   0	 775	   0	   0	   0	   0
 225	 225	   5	   5	   0	   0	 776	   0	   0	   0	   0
 226	 226	  73	  74	   0	   0	 777	   0	   0	   0	   0
 225	 242	 252	 252	   0	   0	 778	   0	   0	   0	   0
 225	 242	 212	 212	   0	   0	 779	   0	   0	   0	   0
 226	 228	  73	  73	   0	   0	 780	   0	   0	   0	   0
 226	 228	   5	   5	   0	   0	 781	   0	   0	   0	   0
 228	 228	 190	 190	   0	   0	 782	   0	   0	   0	   0
 229	 229	 203	 204	   0	   0	 783	   0	   0	   0	   0
 228	 228	 205	 205	   0	   0	 784	   0	   0	   0	   0
 229	 229	   5	   5	   0	   0	 785	   0	   0	   0	   0
 230	 230	  71	  72	   0	   0	 786	   0	   0	   0	   0
 229	 229	  73	  73	   0	   0	 787	   0	   0	   0	   0
 229	 239	 203	 203	   0	   0	 788	   0	   0	   0	   0
 229	 239	 190	 190	   0	   0	 789	   0	   0	   0	   0
 230	 231	  71	  71	   0	   0	 790	   0	   0	   0	   0
 230	 231	   5	   5	   0	   0	 791	   0	   0	   0	   0
 232	 232	   5	   5	   0	   0	 792	   0	   0	   0	   0
 233	 233	  70	  70	   0	   0	 793	   0	   0	   0	   0
 232	 232	  71	  71	   0	   0	 794	   0	   0	   0	   0
 233	 233	   5	   5	   0	   0	 795	   0	   0	   0	   0
 234	 234	   5	   5	   0	   0	 796	   0	   0	   0	   0
 235	 235	  68	  69	   0	   0	 797	   0	   0	   0	   0
 234	 234	  70	  70	   0	   0	 798	   0	   0	   0	   0
 235	 235	 108	 137	   0	   0	 799	   0	   0	   0	   0
 234	 234	 107	 107	   0	   0	 800	   0	   0	   0	   0
 234	 234	 153	 153	   0	   0	 801	   0	   0	   0	   0
 235	 236	  68	  68	   0	   0	 802	   0	   0	   0	   0
 235	 236	   5	   5	   0	   0	 803	   0	   0	   0	   0
 235	 248	 153	 153	   0	   0	 804	   0	   0	   0	   0
 235	 248	 137	 137	   0	   0	 805	   0	   0	   0	   0
 238	 238	   6	  15	   0	   0	 806	   0	   0	   0	   0
 237	 237	   5	   5	   0	   0	 807	   0	   0	   0	   0
 238	 238	  66	  67	   0	   0	 808	   0	   0	   0	   0
 237	 237	  68	  68	   0	   0	 809	   0	   0	   0	   0
 238	 239	  66	  66	   0	   0	 810	   0	   0	   0	   0
 238	 239	  15	  15	   0	   0	 811	   0	   0	   0	   0
 240	 240	  15	  15	   0	   0	 812	   0	   0	   0	   0
 241	 241	  65	  65	   0	   0	 813	   0	   0	   0	   0
 240	 240	  66	  66	   0	   0	 814	   0	   0	   0	   0
 239	 239	 180	 190	   0	   0	 815	   0	   0	   0	   0
 240	 240	 179	 179	   0	   0	 816	   0	   0	   0	   0
 240	 240	 203	 203	   0	   0	 817	   0	   0	   0	   0
 241	 241	  15	  15	   0	   0	 818	   0	   0	   0	   0
 241	 242	 203	 203	   0	   0	 819	   0	   0	   0	   0
 241	 242	 179	 179	   0	   0	 820	   0	   0	   0	   0
 242	 242	  15	  15	   0	   0	 821	   0	   0	   0	   0
 243	 243	  63	  64	   0	   0	 822	   0	   0	   0	   0
 242	 242	  65	  65	   0	   0	 823	   0	   0	   0	   0
 243	 244	  63	  63	   0	   0	 824	   0	   0	   0	   0
 243	 244	  15	  15	   0	   0	 825	   0	   0	   0	   0
 243	 243	 179	 179	   0	   0	 826	   0	   0	   0	   0
 242	 242	 203	 212	   0	   0	 827	   0	   0	   0	   0
 243	 243	 252	 252	   0	   0	 828	   0	   0	   0	   0
 244	 246	 252	 252	   0	   0	 829	   0	   0	   0	   0
 244	 246	 179	 179	   0	   0	 830	   0	   0	   0	   0
 245	 245	  15	  15	   0	   0	 831	   0	   0	   0	   0
 246	 246	  61	  62	   0	   0	 832	   0	   0	   0	   0
 245	 245	  63	  63	   0	   0	 833	   0	   0	   0	   0
 246	 247	  61	  61	   0	   0	 834	   0	   0	   0	   0
 246	 247	  15	  15	   0	   0	 835	   0	   0	   0	   0
 247	 247	 179	 179	   0	   0	 836	   0	   0	   0	   0
 248	 248	 206	 212	   0	   0	 837	   0	   0	   0	   0
 247	 247	 252	 252	   0	   0	 838	   0	   0	   0	   0
 248	 248	  15	  15	   0	   0	 839	   0	   0	   0	   0
 247	 247	  61	  95	   0	   0	 840	   0	   0	   0	   0
 252	 252	   1	 256	   0	   0	 841	   0	   0	   0	   0
 248	 251	 206	 206	   0	   0	 842	   0	   0	   0	   0
 248	 251	 179	 179	   0	   0	 843	   0	   0	   0	   0
 248	 251	 252	 252	   0	   0	 844	   0	   0	   0	   0
 248	 251	 212	 212	   0	   0	 845	   0	   0	   0	   0
 249	 249	  15	  15	   0	   0	 846	   0	   0	   0	   0
 248	 248	  96	 137	   0	   0	 847	   0	   0	   0	   0
 249	 249	 153	 153	   0	   0	 848	   0	   0	   0	   0
 250	 251	 153	 153	   0	   0	 849	   0	   0	   0	   0
 250	 251	  15	  15	   0	   0	 850	   0	   0	   0	   0
   1	   4	   1	 256	   0	   0	 851	   0	   0	   0	   0
   6	  11	   1	  14	   0	   0	 852	   0	   0	   0	   0
  12	  12	   1	   5	   0	   0	 853	   0	   0	   0	   0
  13	  16	   1	   4	   0	   0	 854	   0	   0	   0	   0
  17	  17	   1	   5	   0	   0	 855	   0	   0	   0	   0
  18	  38	   1	  66	   0	   0	 856	   0	   0	   0	   0
  40	  67	   1	   4	   0	   0	 857	   0	   0	   0	   0
  69	  73	   1	  24	   0	   0	 858	   0	   0	   0	   0
  75	  95	   1	   4	   0	   0	 859	   0	   0	   0	   0
  96	  97	   1	   5	   0	   0	 860	   0	   0	   0	   0
  98	 137	   1	   4	   0	   0	 861	   0	   0	   0	   0
 138	 138	   1	   5	   0	   0	 862	   0	   0	   0	   0
 139	 148	   1	   9	   0	   0	 863	   0	   0	   0	   0
 149	 149	   1	   5	   0	   0	 864	   0	   0	   0	   0
 150	 237	   1	   4	   0	   0	 865	   0	   0	   0	   0
 238	 238	   1	   5	   0	   0	 866	   0	   0	   0	   0
 239	 251	   1	  14	   0	   0	 867	   0	   0	   0	   0
 253	 256	   1	 256	   0	   0	 868	   0	   0	   0	   0
   6	   9	  72	 256	   0	   0	 869	   0	   0	   0	   0
  12	  22	 159	 176	   0	   0	 870	   0	   0	   0	   0
  23	  23	 158	 176	   0	   0	 871	   0	   0	   0	   0
  24	  60	 157	 176	   0	   0	 872	   0	   0	   0	   0
  40	  59	  62	  66	   0	   0	 873	   0	   0	   0	   0
  60	  60	  61	  66	   0	   0	 874	   0	   0	   0	   0
  61	  73	  46	  66	   0	   0	 875	   0	   0	   0	   0
  62	  67	  17	  24	   0	   0	 876	   0	   0	   0	   0
  93	 121	  96	 176	   0	   0	 877	   0	   0	   0	   0
  98	 117	  22	  24	   0	   0	 878	   0	   0	   0	   0
 137	 155	  96	 176	   0	   0	 879	   0	   0	   0	   0
 140	 140	  51	  69	   0	   0	 880	   0	   0	   0	   0
 141	 141	  61	  69	   0	   0	 881	   0	   0	   0	   0
 142	 157	  62	  69	   0	   0	 882	   0	   0	   0	   0
 158	 158	  61	  69	   0	   0	 883	   0	   0	   0	   0
 159	 159	  36	  69	   0	   0	 884	   0	   0	   0	   0
 160	 162	  32	  69	   0	   0	 885	   0	   0	   0	   0
 163	 163	  32	  32	   0	   0	 886	   0	   0	   0	   0
 176	 176	 154	 175	   0	   0	 887	   0	   0	   0	   0
 177	 238	 154	 189	   0	   0	 888	   0	   0	   0	   0
 183	 184	  74	 106	   0	   0	 889	   0	   0	   0	   0
 185	 185	  95	 106	   0	   0	 890	   0	   0	   0	   0
 186	 188	  96	 106	   0	   0	 891	   0	   0	   0	   0
 189	 189	  95	 106	   0	   0	 892	   0	   0	   0	   0
 190	 191	  94	 106	   0	   0	 893	   0	   0	   0	   0
 192	 192	  93	 106	   0	   0	 894	   0	   0	   0	   0
 193	 193	  92	 106	   0	   0	 895	   0	   0	   0	   0
 194	 194	 103	 106	   0	   0	 896	   0	   0	   0	   0
 195	 234	 104	 106	   0	   0	 897	   0	   0	   0	   0
 225	 225	  76	  76	   0	   0	 898	   0	   0	   0	   0
 226	 226	  75	  76	   0	   0	 899	   0	   0	   0	   0
 227	 229	  74	  76	   0	   0	 900	   0	   0	   0	   0
 230	 230	  73	  76	   0	   0	 901	   0	   0	   0	   0
 231	 232	  72	  76	   0	   0	 902	   0	   0	   0	   0
 233	 234	  71	  76	   0	   0	 903	   0	   0	   0	   0
 235	 235	  70	 107	   0	   0	 904	   0	   0	   0	   0
 236	 237	  69	 136	   0	   0	 905	   0	   0	   0	   0
 238	 238	  68	 136	   0	   0	 906	   0	   0	   0	   0
 239	 240	  67	 136	   0	   0	 907	   0	   0	   0	   0
 241	 242	  66	 136	   0	   0	 908	   0	   0	   0	   0
 243	 243	  65	 136	   0	   0	 909	   0	   0	   0	   0
 244	 245	  64	 136	   0	   0	 910	   0	   0	   0	   0
 246	 246	  63	 136	   0	   0	 911	   0	   0	   0	   0
 247	 247	  96	 136	   0	   0	 912	   0	   0	   0	   0
  16	  68	 222	 224	   0	   0	 913	   0	   0	   0	   0
  79	  79	 207	 225	   0	   0	 914	   0	   0	   0	   0
  80	  85	 207	 239	   0	   0	 915	   0	   0	   0	   0
  87	 128	 207	 211	   0	   0	 916	   0	   0	   0	   0
  98	 107	  46	  69	   0	   0	 917	   0	   0	   0	   0
 156	 156	  96	 175	   0	   0	 918	   0	   0	   0	   0
 158	 163	  96	 136	   0	   0	 919	   0	   0	   0	   0
 179	 180	 233	 239	   0	   0	 920	   0	   0	   0	   0
 181	 212	 234	 239	   0	   0	 921	   0	   0	   0	   0
 239	 239	 154	 179	   0	   0	 922	   0	   0	   0	   0
 240	 251	 154	 178	   0	   0	 923	   0	   0	   0	   0
 249	 251	 207	 211	   0	   0	 924	   0	   0	   0	   0
  11	  14	 222	 256	   0	   0	 925	   0	   0	   0	   0
  16	 251	 253	 256	   0	   0	 926	   0	   0	   0	   0
  62	  92	  97	 176	   0	   0	 927	   0	   0	   0	   0
  69	  69	 221	 224	   0	   0	 928	   0	   0	   0	   0
  70	  78	 207	 224	   0	   0	 929	   0	   0	   0	   0
  88	  88	 234	 237	   0	   0	 930	   0	   0	   0	   0
  89	  92	 234	 236	   0	   0	 931	   0	   0	   0	   0
  93	  93	 234	 237	   0	   0	 932	   0	   0	   0	   0
  94	 178	 234	 239	   0	   0	 933	   0	   0	   0	   0
 158	 175	 154	 174	   0	   0	 934	   0	   0	   0	   0
 214	 222	 206	 239	   0	   0	 935	   0	   0	   0	   0
 223	 223	 206	 212	   0	   0	 936	   0	   0	   0	   0
 224	 228	 206	 211	   0	   0	 937	   0	   0	   0	   0
 229	 229	 205	 211	   0	   0	 938	   0	   0	   0	   0
 230	 241	 204	 211	   0	   0	 939	   0	   0	   0	   0
