#   or     wl    blk    bld
     1      1      1      3
     2      1      1      3
     4      1      1      3
     5      1      1      3
     1      1      2      2
     2      1      2      2
     4      1      2      2
     5      1      2      2
     1      1      3      2
     2      1      3      2
     4      1      3      2
     5      1      3      2
     1      1      4      3
     2      1      4      3
     4      1      4      3
     5      1      4      3
     1      1      5      3
     2      1      5      3
     5      1      5      3
     1      1      6      3
     1      1      7      3
     2      1      7      3
     1      1      8      3
     4      1      8      3
     1      1      9      3
     4      1      9      3
     5      1      9      3
     1      1     10      3
     3      1     10      3
     5      1     10      3
     1      1     11      3
     4      1     11      3
     1      1     12      2
     2      1     12      2
     4      1     12      2
     5      1     12      2
     1      1     13      3
     4      1     13      3
     5      1     13      3
     1      1     14      3
     5      1     14      3
     1      1     15      3
     3      1     15      3
     4      1     15      3
     1      1     16      3
     4      1     16      3
     5      1     16      3
     1      1     17      3
     2      1     17      3
     4      1     17      3
     5      1     17      3
     1      1     18      2
     5      1     18      2
     1      1     19      2
     2      1     19      2
     1      1     20      2
     4      1     20      2
     1      1     21      2
     4      1     21      2
     5      1     21      2
     1      1     22      3
     5      1     22      3
     1      1     23      3
     3      1     23      3
     4      1     23      3
     1      1     24      3
     5      1     24      3
     1      1     25      3
     3      1     25      3
     1      1     26      3
     4      1     26      3
     1      1     27      3
     5      1     27      3
     1      1     28      3
     3      1     28      3
     1      1     29      3
     4      1     29      3
     1      1     30      3
     4      1     30      3
     5      1     30      3
     1      1     31      3
     3      1     31      3
     4      1     31      3
     5      1     31      3
     1      1     32      3
     3      1     32      3
     4      1     32      3
     5      1     32      3
     1      1     33      3
     4      1     33      3
     5      1     33      3
     1      1     34      2
     5      1     34      2
     1      1     35      2
     3      1     35      2
     4      1     35      2
     1      1     36      2
     4      1     36      2
     5      1     36      2
     1      1     37      3
     2      1     37      3
     4      1     37      3
     5      1     37      3
     1      1     38      3
     5      1     38      3
     1      1     39      3
     2      1     39      3
     1      1     40      3
     4      1     40      3
     1      1     41      3
     5      1     41      3
     1      1     42      3
     2      1     42      3
     1      1     43      3
     4      1     43      3
     1      1     44      3
     4      1     44      3
     5      1     44      3
     1      1     45      2
     3      1     45      2
     5      1     45      2
     1      1     46      2
     4      1     46      2
     1      1     47      2
     4      1     47      2
     5      1     47      2
     1      1     48      2
     2      1     48      2
     4      1     48      2
     5      1     48      2
     1      1     49      2
     2      1     49      2
     5      1     49      2
     1      1     50      2
     4      1     50      2
     1      1     51      2
     4      1     51      2
     5      1     51      2
     1      1     52      2
     2      1     52      2
     5      1     52      2
     1      1     53      2
     4      1     53      2
     1      1     54      2
     4      1     54      2
     5      1     54      2
     1      1     55      3
     5      1     55      3
     1      1     56      3
     3      1     56      3
     4      1     56      3
     1      1     57      2
     3      1     57      2
     5      1     57      2
     1      1     58      2
     4      1     58      2
     1      1     59      3
     4      1     59      3
     5      1     59      3
     1      1     60      2
     3      1     60      2
     5      1     60      2
     1      1     61      2
     4      1     61      2
     1      1     62      2
     4      1     62      2
     5      1     62      2
     1      1     63      3
     3      1     63      3
     5      1     63      3
     1      1     64      3
     4      1     64      3
     1      1     65      3
     5      1     65      3
     1      1     66      3
     3      1     66      3
     1      1     67      3
     4      1     67      3
     1      1     68      3
     4      1     68      3
     5      1     68      3
     1      1     69      3
     4      1     69      3
     5      1     69      3
     1      1     70      3
     2      1     70      3
     4      1     70      3
     5      1     70      3
     1      1     71      3
     5      1     71      3
     1      1     72      3
     2      1     72      3
     1      1     73      3
     4      1     73      3
     1      1     74      3
     4      1     74      3
     5      1     74      3
     1      1     75      3
     5      1     75      3
     1      1     76      3
     2      1     76      3
     1      1     77      3
     4      1     77      3
     1      1     78      3
     4      1     78      3
     5      1     78      3
     1      1     79      1
     2      1     79      1
     3      1     79      1
     4      1     79      1
     5      1     79      1
     1      1     80      2
     5      1     80      2
     1      1     81      2
     2      1     81      2
     1      1     82      2
     4      1     82      2
     1      1     83      2
     4      1     83      2
     5      1     83      2
     1      1     84      3
     3      1     84      3
     5      1     84      3
     1      1     85      3
     4      1     85      3
     1      1     86      3
     5      1     86      3
     1      1     87      3
     3      1     87      3
     1      1     88      3
     4      1     88      3
     1      1     89      3
     4      1     89      3
     5      1     89      3
     1      1     90      3
     4      1     90      3
     5      1     90      3
     1      1     91      3
     5      1     91      3
     1      1     92      3
     2      1     92      3
     4      1     92      3
     1      1     93      3
     4      1     93      3
     5      1     93      3
     1      1     94      3
     2      1     94      3
     5      1     94      3
     1      1     95      3
     4      1     95      3
     1      1     96      3
     4      1     96      3
     5      1     96      3
     1      1     97      3
     5      1     97      3
     1      1     98      3
     3      1     98      3
     4      1     98      3
     1      1     99      2
     2      1     99      2
     5      1     99      2
     1      1    100      2
     4      1    100      2
     1      1    101      3
     5      1    101      3
     1      1    102      3
     3      1    102      3
     4      1    102      3
     1      1    103      3
     2      1    103      3
     4      1    103      3
     5      1    103      3
     1      1    104      2
     4      1    104      2
     5      1    104      2
     1      1    105      3
     4      1    105      3
     5      1    105      3
     1      1    106      3
     2      1    106      3
     5      1    106      3
     1      1    107      3
     4      1    107      3
     1      1    108      3
     5      1    108      3
     1      1    109      3
     2      1    109      3
     1      1    110      3
     4      1    110      3
     1      1    111      3
     4      1    111      3
     5      1    111      3
     1      1    112      3
     5      1    112      3
     1      1    113      3
     2      1    113      3
     1      1    114      3
     4      1    114      3
     1      1    115      3
     4      1    115      3
     5      1    115      3
     1      1    116      2
     3      1    116      2
     5      1    116      2
     1      1    117      2
     4      1    117      2
     1      1    118      2
     4      1    118      2
     5      1    118      2
     1      1    119      2
     5      1    119      2
     1      1    120      2
     3      1    120      2
     4      1    120      2
     1      1    121      2
     4      1    121      2
     5      1    121      2
     1      1    122      3
     5      1    122      3
     1      1    123      3
     3      1    123      3
     1      1    124      3
     4      1    124      3
     1      1    125      2
     2      1    125      2
     4      1    125      2
     5      1    125      2
     1      1    126      3
     4      1    126      3
     5      1    126      3
     1      1    127      3
     4      1    127      3
     5      1    127      3
     1      1    128      2
     5      1    128      2
     1      1    129      2
     2      1    129      2
     1      1    130      2
     4      1    130      2
     1      1    131      2
     4      1    131      2
     5      1    131      2
     1      1    132      3
     5      1    132      3
     1      1    133      3
     2      1    133      3
     4      1    133      3
     1      1    134      3
     4      1    134      3
     5      1    134      3
     1      1    135      3
     5      1    135      3
     1      1    136      3
     3      1    136      3
     4      1    136      3
     1      1    137      3
     4      1    137      3
     5      1    137      3
     1      1    138      3
     5      1    138      3
     1      1    139      3
     3      1    139      3
     4      1    139      3
     1      1    140      3
     4      1    140      3
     5      1    140      3
     1      1    141      3
     5      1    141      3
     1      1    142      3
     2      1    142      3
     4      1    142      3
     1      1    143      3
     4      1    143      3
     5      1    143      3
     1      1    144      2
     5      1    144      2
     1      1    145      2
     3      1    145      2
     1      1    146      2
     4      1    146      2
     1      1    147      2
     4      1    147      2
     5      1    147      2
     1      1    148      2
     3      1    148      2
     4      1    148      2
     5      1    148      2
     1      1    149      3
     5      1    149      3
     1      1    150      3
     3      1    150      3
     1      1    151      3
     4      1    151      3
     1      1    152      3
     4      1    152      3
     5      1    152      3
     1      1    153      3
     3      1    153      3
     4      1    153      3
     5      1    153      3
     1      1    154      3
     5      1    154      3
     1      1    155      3
     3      1    155      3
     4      1    155      3
     1      1    156      2
     2      1    156      2
     5      1    156      2
     1      1    157      2
     4      1    157      2
     1      1    158      3
     5      1    158      3
     1      1    159      3
     3      1    159      3
     4      1    159      3
     1      1    160      2
     4      1    160      2
     5      1    160      2
     1      1    161      3
     4      1    161      3
     5      1    161      3
     1      1    162      2
     5      1    162      2
     1      1    163      2
     3      1    163      2
     4      1    163      2
     1      1    164      3
     5      1    164      3
     1      1    165      3
     3      1    165      3
     4      1    165      3
     1      1    166      2
     4      1    166      2
     5      1    166      2
     1      1    167      3
     4      1    167      3
     5      1    167      3
     1      1    168      3
     5      1    168      3
     1      1    169      3
     3      1    169      3
     4      1    169      3
     1      1    170      3
     4      1    170      3
     5      1    170      3
     1      1    171      3
     5      1    171      3
     1      1    172      3
     3      1    172      3
     4      1    172      3
     1      1    173      3
     3      1    173      3
     5      1    173      3
     1      1    174      3
     4      1    174      3
     1      1    175      3
     4      1    175      3
     5      1    175      3
     1      1    176      3
     4      1    176      3
     5      1    176      3
     1      1    177      3
     3      1    177      3
     5      1    177      3
     1      1    178      3
     1      1    179      3
     3      1    179      3
     4      1    179      3
     1      1    180      3
     4      1    180      3
     5      1    180      3
     1      1    181      3
     5      1    181      3
     1      1    182      3
     3      1    182      3
     4      1    182      3
     1      1    183      2
     2      1    183      2
     5      1    183      2
     1      1    184      2
     4      1    184      2
     1      1    185      3
     4      1    185      3
     5      1    185      3
     1      1    186      2
     4      1    186      2
     5      1    186      2
     1      1    187      3
     5      1    187      3
     1      1    188      3
     3      1    188      3
     4      1    188      3
     1      1    189      3
     4      1    189      3
     5      1    189      3
     1      1    190      2
     5      1    190      2
     1      1    191      2
     2      1    191      2
     1      1    192      2
     4      1    192      2
     1      1    193      2
     4      1    193      2
     5      1    193      2
     1      1    194      3
     5      1    194      3
     1      1    195      3
     3      1    195      3
     4      1    195      3
     1      1    196      3
     4      1    196      3
     5      1    196      3
     1      1    197      2
     5      1    197      2
     1      1    198      2
     3      1    198      2
     1      1    199      2
     4      1    199      2
     1      1    200      3
     5      1    200      3
     1      1    201      3
     2      1    201      3
     4      1    201      3
     1      1    202      2
     3      1    202      2
     4      1    202      2
     5      1    202      2
     1      1    203      2
     3      1    203      2
     4      1    203      2
     5      1    203      2
     1      1    204      3
     5      1    204      3
     1      1    205      3
     2      1    205      3
     1      1    206      3
     4      1    206      3
     1      1    207      3
     3      1    207      3
     4      1    207      3
     5      1    207      3
     1     -1      1     -1
     1     -1      2     -1
     1     -1      3     -1
     1     -1      4     -1
     1     -1      5     -1
     1     -1      6     -1
     1     -1      7     -1
     1     -1      8     -1
     1     -1      9     -1
     1     -1     10     -1
     1     -1     11     -1
     1     -1     12     -1
     1     -1     13     -1
     1     -1     14     -1
     1     -1     15     -1
     1     -1     16     -1
     1     -1     17     -1
     1     -1     18     -1
     1     -1     19     -1
     1     -1     20     -1
     1     -1     21     -1
     1     -1     22     -1
     1     -1     23     -1
     1     -1     24     -1
     1     -1     25     -1
     1     -1     26     -1
     1     -1     27     -1
     1     -1     28     -1
     1     -1     29     -1
     1     -1     30     -1
     1     -1     31     -1
     1     -1     32     -1
     1     -1     33     -1
     1     -1     34     -1
     1     -1     35     -1
     1     -1     36     -1
     1     -1     37     -1
     1     -1     38     -1
     1     -1     39     -1
     1     -1     40     -1
     1     -1     41     -1
     1     -1     42     -1
     1     -1     43     -1
     1     -1     44     -1
     1     -1     45     -1
     1     -1     46     -1
     1     -1     47     -1
     1     -1     48     -1
     1     -1     49     -1
     1     -1     50     -1
     1     -1     51     -1
     1     -1     52     -1
     1     -1     53     -1
     1     -1     54     -1
     1     -1     55     -1
     1     -1     56     -1
     1     -1     57     -1
     1     -1     58     -1
     1     -1     59     -1
     1     -1     60     -1
     1     -1     61     -1
     1     -1     62     -1
     1     -1     63     -1
     1     -1     64     -1
     1     -1     65     -1
     1     -1     66     -1
     1     -1     67     -1
     1     -1     68     -1
     1     -1     69     -1
     1     -1     70     -1
     1     -1     71     -1
     1     -1     72     -1
     1     -1     73     -1
     1     -1     74     -1
     1     -1     75     -1
     1     -1     76     -1
     1     -1     77     -1
     1     -1     78     -1
     1     -1     79     -1
     1     -1     80     -1
     1     -1     81     -1
     1     -1     82     -1
     1     -1     83     -1
     1     -1     84     -1
     1     -1     85     -1
     1     -1     86     -1
     1     -1     87     -1
     1     -1     88     -1
     1     -1     89     -1
     1     -1     90     -1
     1     -1     91     -1
     1     -1     92     -1
     1     -1     93     -1
     1     -1     94     -1
     1     -1     95     -1
     1     -1     96     -1
     1     -1     97     -1
     1     -1     98     -1
     1     -1     99     -1
     1     -1    100     -1
     1     -1    101     -1
     1     -1    102     -1
     1     -1    103     -1
     1     -1    104     -1
     1     -1    105     -1
     1     -1    106     -1
     1     -1    107     -1
     1     -1    108     -1
     1     -1    109     -1
     1     -1    110     -1
     1     -1    111     -1
     1     -1    112     -1
     1     -1    113     -1
     1     -1    114     -1
     1     -1    115     -1
     1     -1    116     -1
     1     -1    117     -1
     1     -1    118     -1
     1     -1    119     -1
     1     -1    120     -1
     1     -1    121     -1
     1     -1    122     -1
     1     -1    123     -1
     1     -1    124     -1
     1     -1    125     -1
     1     -1    126     -1
     1     -1    127     -1
     1     -1    128     -1
     1     -1    129     -1
     1     -1    130     -1
     1     -1    131     -1
     1     -1    132     -1
     1     -1    133     -1
     1     -1    134     -1
     1     -1    135     -1
     1     -1    136     -1
     1     -1    137     -1
     1     -1    138     -1
     1     -1    139     -1
     1     -1    140     -1
     1     -1    141     -1
     1     -1    142     -1
     1     -1    143     -1
     1     -1    144     -1
     1     -1    145     -1
     1     -1    146     -1
     1     -1    147     -1
     1     -1    148     -1
     1     -1    149     -1
     1     -1    150     -1
     1     -1    151     -1
     1     -1    152     -1
     1     -1    153     -1
     1     -1    154     -1
     1     -1    155     -1
     1     -1    156     -1
     1     -1    157     -1
     1     -1    158     -1
     1     -1    159     -1
     1     -1    160     -1
     1     -1    161     -1
     1     -1    162     -1
     1     -1    163     -1
     1     -1    164     -1
     1     -1    165     -1
     1     -1    166     -1
     1     -1    167     -1
     1     -1    168     -1
     1     -1    169     -1
     1     -1    170     -1
     1     -1    171     -1
     1     -1    172     -1
     1     -1    173     -1
     1     -1    174     -1
     1     -1    175     -1
     1     -1    176     -1
     1     -1    177     -1
     1     -1    178     -1
     1     -1    179     -1
     1     -1    180     -1
     1     -1    181     -1
     1     -1    182     -1
     1     -1    183     -1
     1     -1    184     -1
     1     -1    185     -1
     1     -1    186     -1
     1     -1    187     -1
     1     -1    188     -1
     1     -1    189     -1
     1     -1    190     -1
     1     -1    191     -1
     1     -1    192     -1
     1     -1    193     -1
     1     -1    194     -1
     1     -1    195     -1
     1     -1    196     -1
     1     -1    197     -1
     1     -1    198     -1
     1     -1    199     -1
     1     -1    200     -1
     1     -1    201     -1
     1     -1    202     -1
     1     -1    203     -1
     1     -1    204     -1
     1     -1    205     -1
     1     -1    206     -1
     1     -1    207     -1
     1     -1    208     -1
     1     -1    209     -1
     1     -1    210     -1
     1     -1    211     -1
     1     -1    212     -1
     1     -1    213     -1
     1     -1    214     -1
     1     -1    215     -1
     1     -1    216     -1
     1     -1    217     -1
     1     -1    218     -1
     1     -1    219     -1
     1     -1    220     -1
     1     -1    221     -1
     1     -1    222     -1
     1     -1    223     -1
     1     -1    224     -1
     1     -1    225     -1
     1     -1    226     -1
     1     -1    227     -1
     1     -1    228     -1
     1     -1    229     -1
     1     -1    230     -1
     1     -1    231     -1
     1     -1    232     -1
     1     -1    233     -1
     1     -1    234     -1
     1     -1    235     -1
     1     -1    236     -1
     1     -1    237     -1
     1     -1    238     -1
     1     -1    239     -1
     1     -1    240     -1
     1     -1    241     -1
     1     -1    242     -1
     1     -1    243     -1
     1     -1    244     -1
     1     -1    245     -1
     1     -1    246     -1
     1     -1    247     -1
     1     -1    248     -1
     1     -1    249     -1
     1     -1    250     -1
     1     -1    251     -1
     1     -1    252     -1
     1     -1    253     -1
     1     -1    254     -1
     1     -1    255     -1
     1     -1    256     -1
     1     -1    257     -1
     1     -1    258     -1
     1     -1    259     -1
     1     -1    260     -1
     1     -1    261     -1
     1     -1    262     -1
     1     -1    263     -1
     1     -1    264     -1
     1     -1    265     -1
     1     -1    266     -1
     1     -1    267     -1
     1     -1    268     -1
     1     -1    269     -1
     1     -1    270     -1
     1     -1    271     -1
     1     -1    272     -1
     1     -1    273     -1
     1     -1    274     -1
     1     -1    275     -1
     1     -1    276     -1
     1     -1    277     -1
     1     -1    278     -1
     1     -1    279     -1
     1     -1    280     -1
     1     -1    281     -1
     1     -1    282     -1
     1     -1    283     -1
     1     -1    284     -1
     1     -1    285     -1
     1     -1    286     -1
     1     -1    287     -1
     1     -1    288     -1
     1     -1    289     -1
     1     -1    290     -1
     1     -1    291     -1
     1     -1    292     -1
     1     -1    293     -1
     1     -1    294     -1
     1     -1    295     -1
     1     -1    296     -1
     1     -1    297     -1
     1     -1    298     -1
     1     -1    299     -1
     1     -1    300     -1
     1     -1    301     -1
     1     -1    302     -1
     1     -1    303     -1
     1     -1    304     -1
     1     -1    305     -1
     1     -1    306     -1
     1     -1    307     -1
     1     -1    308     -1
     1     -1    309     -1
     1     -1    310     -1
     1     -1    311     -1
     1     -1    312     -1
     1     -1    313     -1
     1     -1    314     -1
     1     -1    315     -1
     1     -1    316     -1
     1     -1    317     -1
     1     -1    318     -1
     1     -1    319     -1
     1     -1    320     -1
     1     -1    321     -1
     1     -1    322     -1
     1     -1    323     -1
     1     -1    324     -1
     1     -1    325     -1
     1     -1    326     -1
     1     -1    327     -1
     1     -1    328     -1
     1     -1    329     -1
     1     -1    330     -1
     1     -1    331     -1
     1     -1    332     -1
     1     -1    333     -1
     1     -1    334     -1
     1     -1    335     -1
     1     -1    336     -1
     1     -1    337     -1
     1     -1    338     -1
     1     -1    339     -1
     1     -1    340     -1
     1     -1    341     -1
     1     -1    342     -1
     1     -1    343     -1
     1     -1    344     -1
     1     -1    345     -1
     1     -1    346     -1
     1     -1    347     -1
     1     -1    348     -1
     1     -1    349     -1
     1     -1    350     -1
     1     -1    351     -1
     1     -1    352     -1
     1     -1    353     -1
     1     -1    354     -1
     1     -1    355     -1
     1     -1    356     -1
     1     -1    357     -1
     1     -1    358     -1
     1     -1    359     -1
     1     -1    360     -1
     1     -1    361     -1
     1     -1    362     -1
     1     -1    363     -1
     1     -1    364     -1
     1     -1    365     -1
     1     -1    366     -1
     1     -1    367     -1
     1     -1    368     -1
     1     -1    369     -1
     1     -1    370     -1
     1     -1    371     -1
     1     -1    372     -1
     1     -1    373     -1
     1     -1    374     -1
     1     -1    375     -1
     1     -1    376     -1
     1     -1    377     -1
     1     -1    378     -1
     1     -1    379     -1
     1     -1    380     -1
     1     -1    381     -1
     1     -1    382     -1
     1     -1    383     -1
     1     -1    384     -1
     1     -1    385     -1
     1     -1    386     -1
     1     -1    387     -1
     1     -1    388     -1
     1     -1    389     -1
     1     -1    390     -1
     1     -1    391     -1
     1     -1    392     -1
     1     -1    393     -1
     1     -1    394     -1
     1     -1    395     -1
     1     -1    396     -1
     1     -1    397     -1
     1     -1    398     -1
