# Block data
#  il	   iu	   jl	   ju	   kl	   ku	 dtop	 dwest	 deast	 dnor	 dsou
   6	  12	  16	  67	   1	  19	   1	   2	   0	   0	   3
  11	  48	 178	 190	   1	  23	   4	   5	   0	   0	   6
  11	  48	 205	 205	   1	  23	   7	   8	   0	   0	   9
  12	  12	 113	 125	   1	  19	  10	  11	   0	   0	  12
  13	  13	   6	  15	   1	  19	  13	  14	   0	   0	  15
  13	  13	  71	  72	   1	  19	  16	  17	   0	   0	   0
  14	  15	   6	  15	   1	  19	  18	   0	   0	   0	  19
  16	  16	   6	  15	   1	  19	  20	   0	  21	   0	  22
  16	  77	 226	 240	   1	  23	  23	  24	   0	   0	  25
  17	  21	  68	  70	   1	  19	  26	   0	   0	   0	  27
  22	  22	  68	  70	   1	  19	  28	   0	   0	   0	  29
  22	  22	 156	 157	   1	  19	  30	   0	  31	  32	   0
  23	  58	  68	  70	   1	  19	  33	   0	   0	   0	  34
  40	  58	   6	  15	   1	  19	  35	  36	   0	   0	  37
  49	  49	 178	 190	   1	  23	  38	   0	   0	   0	  39
  49	  49	 203	 204	   1	  23	  40	  41	   0	   0	   0
  49	  49	 205	 205	   1	  23	  42	   0	   0	   0	   0
  50	  67	 178	 190	   1	  23	  43	   0	   0	   0	  44
  59	  59	   6	  15	   1	  19	  45	   0	   0	   0	  46
  59	  59	  45	  60	   1	  19	  47	   0	  48	  49	   0
  59	  59	  68	  70	   1	  19	  50	   0	   0	   0	  51
  59	  59	  96	 112	   1	  19	  52	   0	  53	   0	   0
  59	  59	 126	 155	   1	  19	  54	   0	   0	  55	   0
  60	  60	   6	  15	   1	  19	  56	   0	   0	   0	  57
  60	  60	  16	  25	   1	  19	  58	   0	  59	   0	   0
  60	  74	  68	  70	   1	  19	  60	   0	   0	   0	  61
  60	  60	 126	 155	   1	  19	  62	   0	  63	  64	  65
  61	  67	   6	  15	   1	  19	  66	   0	  67	  68	  69
  61	  74	  26	  30	   1	  19	  70	   0	   0	   0	  71
  68	  68	 178	 190	   1	  23	  72	   0	   0	   0	  73
  68	  68	 206	 220	   1	  23	  74	   0	  75	  76	   0
  69	 129	 178	 190	   1	  23	  77	   0	   0	   0	  78
  75	  75	   6	  10	   1	  19	  79	  80	   0	  81	  82
  75	  75	  26	  30	   1	  19	  83	   0	   0	   0	  84
  75	  75	  45	  67	   1	  19	  85	  86	   0	   0	   0
  76	  76	   6	  10	   1	  19	  87	   0	   0	   0	  88
  76	  76	  11	  25	   1	  19	  89	  90	   0	   0	   0
  77	  91	   6	  10	   1	  19	  91	   0	   0	   0	  92
  78	  78	 226	 240	   1	  23	  93	   0	  94	   0	  95
  78	  78	 241	 251	   1	  23	  96	   0	   0	  97	   0
  79	  86	 241	 251	   1	  23	  98	   0	   0	  99	 100
  87	 129	 213	 232	   1	  23	 101	 102	   0	 103	 104
  87	  87	 240	 240	   1	  23	 105	 106	   0	   0	 107
  87	  87	 241	 251	   1	  23	 108	   0	   0	 109	   0
  88	  88	 240	 240	   1	  23	 110	   0	   0	   0	 111
  89	  89	 238	 239	   1	  23	 112	 113	   0	   0	 114
  89	  89	 240	 240	   1	  23	 115	   0	   0	   0	   0
  90	  91	 238	 239	   1	  23	 116	   0	   0	   0	 117
  92	  92	   6	  10	   1	  19	 118	   0	   0	   0	 119
  92	  92	  95	  95	   1	  19	 120	   0	 121	 122	   0
  92	  92	 238	 239	   1	  23	 123	   0	 124	   0	 125
  92	  92	 240	 240	   1	  23	 126	   0	   0	   0	   0
  93	  94	   6	  10	   1	  19	 127	   0	   0	   0	 128
  93	  93	 240	 240	   1	  23	 129	   0	 130	   0	 131
  93	  93	 241	 251	   1	  23	 132	   0	   0	 133	   0
  94	 223	 241	 251	   1	  23	 134	   0	   0	 135	 136
  95	  95	   6	  10	   1	  19	 137	   0	 138	   0	 139
  96	  96	  26	  30	   1	  19	 140	   0	   0	   0	 141
  96	  96	  45	  67	   1	  19	 142	   0	 143	   0	   0
  96	  96	  71	  72	   1	  19	 144	   0	   0	   0	   0
  97	 108	  26	  30	   1	  19	 145	   0	   0	   0	 146
  97	 108	  71	  72	   1	  19	 147	   0	   0	   0	 148
  98	 118	   6	  10	   1	  19	 149	 150	   0	   0	 151
 109	 109	  26	  30	   1	  19	 152	   0	   0	   0	 153
 109	 109	  45	  49	   1	  19	 154	 155	   0	   0	   0
 109	 109	  71	  72	   1	  19	 156	   0	   0	   0	   0
 110	 118	  26	  30	   1	  19	 157	   0	   0	   0	 158
 119	 119	   6	  10	   1	  19	 159	   0	   0	   0	 160
 119	 119	  21	  25	   1	  19	 161	 162	   0	   0	   0
 120	 136	   6	  10	   1	  19	 163	   0	   0	   0	 164
 123	 135	 118	 130	   1	  62	 165	 166	 167	 168	 169
 130	 130	 178	 190	   1	  23	 170	   0	   0	   0	 171
 130	 130	 206	 212	   1	  23	 172	 173	   0	   0	   0
 130	 130	 213	 232	   1	  23	 174	   0	   0	 175	   0
 131	 156	 178	 190	   1	  23	 176	   0	   0	   0	 177
 137	 137	   6	  10	   1	  19	 178	   0	 179	   0	 180
 138	 138	  11	  15	   1	  19	 181	   0	   0	   0	 182
 138	 138	  50	  70	   1	  19	 183	   0	 184	   0	   0
 138	 138	  71	  72	   1	  19	 185	   0	   0	   0	   0
 139	 141	  11	  15	   1	  19	 186	   0	   0	   0	 187
 139	 163	  71	  72	   1	  19	 188	   0	   0	   0	 189
 142	 142	  11	  15	   1	  19	 190	   0	   0	   0	 191
 142	 142	  50	  60	   1	  19	 192	 193	   0	 194	   0
 143	 149	  11	  15	   1	  19	 195	   0	   0	   0	 196
 150	 150	   6	  10	   1	  19	 197	 198	   0	   0	 199
 151	 156	   6	  10	   1	  19	 200	   0	   0	   0	 201
 157	 157	   6	  10	   1	  19	 202	   0	   0	   0	 203
 157	 157	  36	  44	   1	  19	 204	   0	 205	   0	   0
 157	 157	 176	 177	   1	  23	 206	 207	   0	   0	 208
 158	 158	   6	  10	   1	  19	 209	   0	   0	   0	 210
 158	 158	  31	  35	   1	  19	 211	   0	 212	 213	   0
 158	 164	 138	 152	   1	  19	 214	 215	   0	 216	 217
 158	 174	 176	 177	   1	  23	 218	   0	   0	   0	 219
 159	 173	   6	  10	   1	  19	 220	   0	   0	   0	 221
 164	 164	  33	  60	   1	  19	 222	 223	   0	   0	 224
 164	 164	  71	  72	   1	  19	 225	   0	   0	   0	   0
 165	 165	  33	  60	   1	  19	 226	   0	   0	   0	 227
 165	 165	  95	 107	   1	  19	 228	 229	   0	   0	   0
 165	 165	 138	 152	   1	  19	 230	   0	   0	 231	   0
 166	 173	  33	  60	   1	  19	 232	   0	   0	   0	 233
 174	 174	   6	  10	   1	  19	 234	   0	   0	   0	 235
 174	 174	  31	  32	   1	  19	 236	 237	   0	   0	   0
 175	 180	   6	  10	   1	  19	 238	   0	   0	   0	 239
 175	 175	 176	 177	   1	  23	 240	   0	 241	   0	 242
 176	 177	 191	 202	   1	  23	 243	   0	   0	   0	 244
 178	 178	 191	 202	   1	  23	 245	   0	   0	   0	 246
 178	 178	 206	 212	   1	  23	 247	   0	 248	   0	   0
 179	 181	 191	 202	   1	  23	 249	   0	   0	   0	 250
 181	 181	   6	  10	   1	  19	 251	   0	   0	   0	 252
 181	 181	  73	  94	   1	  19	 253	   0	 254	   0	   0
 181	 181	 108	 137	   1	  19	 255	   0	   0	   0	   0
 181	 181	 231	 232	   1	  23	 256	 257	   0	 258	 259
 182	 185	   6	  10	   1	  19	 260	   0	   0	   0	 261
 182	 233	 108	 137	   1	  19	 262	   0	   0	   0	 263
 182	 182	 191	 202	   1	  23	 264	   0	   0	   0	 265
 182	 182	 206	 217	   1	  23	 266	 267	   0	   0	   0
 182	 182	 231	 232	   1	  23	 268	   0	   0	 269	   0
 183	 210	 191	 202	   1	  23	 270	   0	   0	   0	 271
 186	 186	   6	  10	   1	  19	 272	   0	   0	   0	 273
 186	 186	  73	  74	   1	  19	 274	 275	   0	   0	   0
 187	 187	   6	  10	   1	  19	 276	   0	   0	   0	 277
 188	 188	   6	  10	   1	  19	 278	   0	   0	   0	 279
 188	 188	  93	  94	   1	  19	 280	   0	 281	 282	   0
 189	 190	   6	  10	   1	  19	 283	   0	   0	   0	 284
 191	 191	   6	  10	   1	  19	 285	   0	   0	   0	 286
 191	 191	  91	  92	   1	  19	 287	   0	 288	 289	   0
 192	 194	   6	  10	   1	  19	 290	   0	   0	   0	 291
 195	 195	   6	  10	   1	  19	 292	   0	   0	   0	 293
 195	 195	  91	 102	   1	  19	 294	 295	   0	 296	   0
 196	 219	   6	  10	   1	  19	 297	   0	   0	   0	 298
 211	 211	 191	 202	   1	  23	 299	   0	   0	   0	 300
 211	 211	 205	 205	   1	  23	 301	   0	 302	   0	   0
 211	 211	 218	 230	   1	  23	 303	   0	   0	   0	   0
 212	 227	 191	 202	   1	  23	 304	   0	   0	   0	 305
 212	 212	 218	 230	   1	  23	 306	   0	 307	   0	 308
 220	 220	   6	  10	   1	  19	 309	   0	   0	   0	 310
 220	 220	  76	  77	   1	  19	 311	   0	 312	   0	   0
 220	 220	  78	  90	   1	  19	 313	   0	   0	   0	   0
 221	 223	   6	  10	   1	  19	 314	   0	   0	   0	 315
 221	 234	  78	  90	   1	  19	 316	   0	 317	   0	 318
 224	 224	   6	  10	   1	  19	 319	   0	   0	   0	 320
 224	 224	  75	  75	   1	  19	 321	   0	 322	 323	   0
 224	 224	 213	 240	   1	  23	 324	 325	   0	   0	 326
 224	 224	 241	 251	   1	  23	 327	   0	   0	 328	   0
 225	 225	   6	  10	   1	  19	 329	   0	   0	   0	 330
 225	 225	  73	  74	   1	  19	 331	   0	 332	 333	   0
 225	 242	 213	 240	   1	  23	 334	   0	   0	   0	 335
 226	 228	   6	  10	   1	  19	 336	   0	   0	   0	 337
 228	 228	 191	 202	   1	  23	 338	   0	   0	   0	 339
 228	 228	 203	 204	   1	  23	 340	   0	 341	 342	   0
 229	 229	   6	  10	   1	  19	 343	   0	   0	   0	 344
 229	 229	  71	  72	   1	  19	 345	   0	 346	 347	   0
 229	 239	 191	 202	   1	  23	 348	   0	   0	 349	 350
 230	 231	   6	  10	   1	  19	 351	   0	   0	   0	 352
 232	 232	   6	  10	   1	  19	 353	   0	   0	   0	 354
 232	 232	  70	  70	   1	  19	 355	   0	 356	 357	   0
 233	 233	   6	  10	   1	  19	 358	   0	   0	   0	 359
 234	 234	   6	  10	   1	  19	 360	   0	   0	   0	 361
 234	 234	  68	  69	   1	  19	 362	   0	 363	 364	   0
 234	 234	 108	 137	   1	  19	 365	   0	 366	   0	 367
 234	 234	 138	 152	   1	  19	 368	   0	   0	 369	   0
 235	 236	   6	  10	   1	  19	 370	   0	   0	   0	 371
 235	 248	 138	 152	   1	  19	 372	   0	   0	 373	 374
 237	 237	   6	  10	   1	  19	 375	   0	 376	   0	 377
 237	 237	  66	  67	   1	  19	 378	   0	 379	 380	   0
 238	 239	  16	  20	   1	  19	 381	   0	   0	   0	 382
 240	 240	  16	  20	   1	  19	 383	   0	   0	   0	 384
 240	 240	  65	  65	   1	  19	 385	   0	 386	 387	   0
 240	 240	 180	 190	   1	  23	 388	 389	   0	   0	 390
 240	 240	 191	 202	   1	  23	 391	   0	   0	 392	   0
 241	 241	  16	  20	   1	  19	 393	   0	   0	   0	 394
 241	 242	 180	 190	   1	  23	 395	   0	   0	   0	 396
 242	 242	  16	  20	   1	  19	 397	   0	   0	   0	 398
 242	 242	  63	  64	   1	  19	 399	   0	 400	 401	   0
 243	 244	  16	  20	   1	  19	 402	   0	   0	   0	 403
 243	 243	 180	 190	   1	  23	 404	   0	   0	   0	 405
 243	 243	 203	 205	   1	  23	 406	 407	   0	   0	   0
 243	 243	 213	 240	   1	  23	 408	   0	   0	   0	   0
 244	 246	 180	 190	   1	  23	 409	   0	   0	   0	 410
 245	 245	  16	  20	   1	  19	 411	   0	   0	   0	 412
 245	 245	  61	  62	   1	  19	 413	   0	 414	 415	   0
 246	 247	  16	  20	   1	  19	 416	   0	   0	   0	 417
 247	 247	 180	 190	   1	  23	 418	   0	   0	   0	 419
 247	 247	 206	 212	   1	  23	 420	   0	 421	   0	   0
 247	 247	 213	 240	   1	  23	 422	   0	   0	   0	   0
 248	 248	  16	  20	   1	  19	 423	   0	   0	   0	 424
 248	 248	  61	  95	   1	  19	 425	 426	   0	 427	   0
 248	 251	 180	 190	   1	  23	 428	   0	 429	   0	 430
 248	 251	 213	 240	   1	  23	 431	   0	 432	   0	 433
 249	 249	  16	  20	   1	  19	 434	   0	   0	   0	 435
 249	 249	  96	 137	   1	  19	 436	 437	   0	   0	   0
 249	 249	 138	 152	   1	  19	 438	   0	   0	 439	   0
 250	 251	  16	  20	   1	  19	 440	   0	 441	   0	 442
  16	  16	  16	  67	   1	  19	 443	   0	 444	   0	   0
  16	  77	 241	 251	   1	  23	 445	 446	   0	 447	   0
  17	  21	 156	 157	   1	  19	 448	   0	   0	 449	   0
  16	  16	 156	 157	   1	  19	 450	   0	   0	 451	   0
  40	  58	  45	  60	   1	  19	 452	 453	   0	 454	   0
  40	  58	  16	  25	   1	  19	 455	 456	   0	   0	   0
  69	 129	 191	 204	   1	  23	 457	   0	   0	   0	   0
  88	  88	 241	 251	   1	  23	 458	   0	   0	 459	   0
  89	  89	 241	 251	   1	  23	 460	   0	   0	 461	   0
  90	  91	 240	 240	   1	  23	 462	   0	   0	   0	   0
  92	  92	 241	 251	   1	  23	 463	   0	   0	 464	   0
  95	  95	  11	  25	   1	  19	 465	   0	 466	   0	   0
  98	 118	  11	  15	   1	  19	 467	 468	   0	   0	   0
 175	 175	 178	 190	   1	  23	 469	   0	 470	   0	   0
 176	 177	 203	 212	   1	  23	 471	   0	   0	   0	   0
 175	 175	 191	 212	   1	  23	 472	   0	   0	   0	   0
 182	 233	 138	 152	   1	  19	 473	   0	   0	 474	   0
 181	 181	 138	 152	   1	  19	 475	   0	   0	 476	   0
 182	 182	 203	 205	   1	  23	 477	   0	   0	   0	   0
 179	 181	 205	 205	   1	  23	 478	   0	   0	 479	   0
 178	 178	 203	 205	   1	  23	 480	   0	   0	   0	   0
 211	 211	 206	 217	   1	  23	 481	   0	 482	   0	   0
 212	 227	 203	 204	   1	  23	 483	   0	   0	 484	   0
 211	 211	 203	 204	   1	  23	 485	   0	   0	   0	   0
 179	 181	 203	 204	   1	  23	 486	   0	   0	   0	   0
 225	 242	 241	 251	   1	  23	 487	   0	   0	 488	   0
 237	 237	  11	  15	   1	  19	 489	   0	 490	   0	   0
 238	 239	  65	  65	   1	  19	 491	   0	   0	 492	   0
 237	 237	  16	  65	   1	  19	 493	   0	   0	   0	   0
 241	 241	  63	  64	   1	  19	 494	   0	   0	 495	   0
 240	 240	  21	  64	   1	  19	 496	   0	   0	   0	   0
 238	 239	  21	  64	   1	  19	 497	   0	   0	   0	   0
 241	 242	 191	 202	   1	  23	 498	   0	   0	 499	   0
 243	 244	  61	  62	   1	  19	 500	   0	   0	 501	   0
 242	 242	  21	  62	   1	  19	 502	   0	   0	   0	   0
 241	 241	  21	  62	   1	  19	 503	   0	   0	   0	   0
 243	 243	 191	 202	   1	  23	 504	   0	   0	   0	   0
 243	 243	 241	 251	   1	  23	 505	   0	   0	 506	   0
 248	 251	 191	 202	   1	  23	 507	   0	 508	   0	   0
 249	 249	  21	  95	   1	  19	 509	   0	   0	   0	   0
 250	 251	  61	  95	   1	  19	 510	   0	 511	   0	   0
  13	  13	  16	  70	   1	  19	 512	   0	   0	   0	   0
   6	  12	  68	  70	   1	  19	 513	 514	   0	 515	   0
  23	  58	 126	 155	   1	  19	 516	   0	   0	 517	   0
  22	  22	  71	 155	   1	  19	 518	   0	   0	   0	   0
  17	  21	  71	 155	   1	  19	 519	   0	   0	   0	   0
  16	  16	  68	 155	   1	  19	 520	   0	   0	   0	   0
  50	  67	 191	 205	   1	  23	 521	   0	   0	   0	   0
  40	  58	  26	  30	   1	  19	 522	 523	   0	   0	   0
  68	  68	 191	 205	   1	  23	 524	   0	   0	   0	   0
  69	 129	 205	 205	   1	  23	 525	   0	   0	 526	   0
  90	  91	 241	 251	   1	  23	 527	   0	   0	 528	   0
  95	  95	  26	  72	   1	  19	 529	   0	   0	   0	   0
 110	 118	  31	  72	   1	  19	 530	   0	   0	   0	   0
 119	 119	  26	  72	   1	  19	 531	   0	   0	   0	   0
 130	 130	 191	 205	   1	  23	 532	   0	   0	   0	   0
  49	  49	 191	 202	   1	  23	 533	   0	   0	   0	   0
  11	  48	 191	 202	   1	  23	 534	 535	   0	 536	   0
 159	 173	  11	  25	   1	  19	 537	   0	   0	   0	   0
 183	 210	 231	 232	   1	  23	 538	   0	   0	 539	   0
 211	 211	 231	 232	   1	  23	 540	   0	   0	 541	   0
 212	 212	 231	 232	   1	  23	 542	   0	 543	 544	   0
 183	 210	 203	 230	   1	  23	 545	   0	   0	   0	   0
 182	 182	 218	 230	   1	  23	 546	 547	   0	   0	   0
 250	 251	  21	  25	   1	  19	 548	   0	 549	   0	   0
 119	 119	  11	  20	   1	  19	 550	   0	   0	   0	   0
  98	 118	  16	  20	   1	  19	 551	 552	   0	 553	   0
 247	 247	 191	 205	   1	  23	 554	   0	   0	   0	   0
 248	 251	 203	 205	   1	  23	 555	   0	 556	 557	   0
 250	 251	  96	 137	   1	  19	 558	   0	 559	   0	   0
  23	  58	  71	 125	   1	  19	 560	   0	   0	   0	   0
  59	  59	 113	 125	   1	  19	 561	   0	 562	   0	   0
  13	  13	  96	 112	   1	  19	 563	 564	   0	   0	   0
  50	  67	 206	 220	   1	  23	 565	   0	   0	 566	   0
  49	  49	 206	 220	   1	  23	 567	   0	   0	 568	   0
  11	  48	 206	 220	   1	  23	 569	 570	   0	 571	   0
 131	 156	 191	 212	   1	  23	 572	   0	   0	   0	   0
 138	 138	  16	  49	   1	  19	 573	   0	   0	   0	   0
 139	 141	  45	  49	   1	  19	 574	   0	   0	 575	   0
 142	 142	  16	  49	   1	  19	 576	   0	   0	   0	   0
 143	 149	  16	  49	   1	  19	 577	   0	   0	   0	   0
 150	 150	  11	  49	   1	  19	 578	   0	   0	   0	   0
 157	 157	 178	 212	   1	  23	 579	   0	   0	   0	   0
 158	 158	  11	  30	   1	  19	 580	   0	   0	   0	   0
 159	 173	  26	  30	   1	  19	 581	   0	   0	 582	   0
 166	 173	 138	 152	   1	  19	 583	   0	   0	 584	   0
 174	 174	  11	  30	   1	  19	 585	   0	   0	   0	   0
 174	 174	 138	 152	   1	  19	 586	   0	   0	 587	   0
 250	 251	  26	  30	   1	  19	 588	   0	 589	   0	   0
 244	 246	 191	 240	   1	  23	 590	   0	   0	   0	   0
 243	 243	 206	 212	   1	  23	 591	 592	   0	   0	   0
 250	 251	 138	 152	   1	  19	 593	   0	 594	 595	   0
  14	  15	  16	 155	   1	  19	 596	   0	   0	   0	   0
  13	  13	 113	 155	   1	  19	 597	   0	   0	   0	   0
  12	  12	 126	 155	   1	  19	 598	 599	   0	   0	   0
  96	  96	  68	  70	   1	  19	 600	   0	 601	   0	   0
 120	 136	  11	  72	   1	  19	 602	   0	   0	   0	   0
 131	 156	 213	 232	   1	  23	 603	   0	   0	 604	   0
 137	 137	  11	  72	   1	  19	 605	   0	   0	   0	   0
 109	 109	  50	  70	   1	  19	 606	 607	   0	   0	   0
 143	 149	  50	  60	   1	  19	 608	   0	   0	 609	   0
 150	 150	  50	  60	   1	  19	 610	   0	   0	 611	   0
 151	 156	  11	  49	   1	  19	 612	   0	   0	   0	   0
 157	 157	  45	  49	   1	  19	 613	   0	 614	   0	   0
 139	 141	  16	  44	   1	  19	 615	   0	   0	   0	   0
 109	 109	  31	  44	   1	  19	 616	   0	   0	   0	   0
  97	 108	  36	  44	   1	  19	 617	   0	   0	 618	   0
  96	  96	  31	  44	   1	  19	 619	   0	   0	   0	   0
  75	  75	  31	  44	   1	  19	 620	   0	   0	   0	   0
  61	  74	  36	  44	   1	  19	 621	   0	   0	 622	   0
  60	  60	  36	  44	   1	  19	 623	   0	   0	 624	   0
  59	  59	  16	  44	   1	  19	 625	   0	   0	   0	   0
  40	  58	  36	  44	   1	  19	 626	 627	   0	   0	   0
 157	 157	  11	  35	   1	  19	 628	   0	   0	   0	   0
  97	 108	  31	  35	   1	  19	 629	   0	   0	   0	   0
  61	  74	  31	  35	   1	  19	 630	   0	   0	   0	   0
  60	  60	  26	  35	   1	  19	 631	   0	   0	   0	   0
  40	  58	  31	  35	   1	  19	 632	 633	   0	   0	   0
 157	 157	 213	 232	   1	  23	 634	   0	   0	 635	   0
 158	 174	 178	 212	   1	  23	 636	   0	   0	   0	   0
 246	 247	  21	  32	   1	  19	 637	   0	   0	   0	   0
 250	 251	  31	  32	   1	  19	 638	   0	 639	   0	   0
 244	 246	 241	 251	   1	  23	 640	   0	   0	 641	   0
 247	 247	 241	 251	   1	  23	 642	   0	   0	 643	   0
 248	 251	 241	 251	   1	  23	 644	   0	 645	 646	   0
  14	  15	 156	 157	   1	  19	 647	   0	   0	 648	   0
  13	  13	 156	 157	   1	  19	 649	   0	   0	 650	   0
  12	  12	 156	 157	   1	  19	 651	 652	   0	 653	   0
  93	  94	  11	  72	   1	  19	 654	   0	   0	   0	   0
 151	 156	  50	  60	   1	  19	 655	   0	   0	 656	   0
 157	 157	  50	  60	   1	  19	 657	   0	 658	 659	   0
 158	 174	 213	 232	   1	  23	 660	   0	   0	 661	   0
 175	 175	 213	 232	   1	  23	 662	   0	   0	 663	   0
 176	 177	 213	 232	   1	  23	 664	   0	   0	 665	   0
 178	 178	 213	 232	   1	  23	 666	   0	 667	 668	   0
 243	 244	  21	  60	   1	  19	 669	   0	   0	   0	   0
 245	 245	  21	  60	   1	  19	 670	   0	   0	   0	   0
 246	 247	  33	  60	   1	  19	 671	   0	   0	 672	   0
 248	 248	  21	  60	   1	  19	 673	   0	   0	   0	   0
 250	 251	  33	  60	   1	  19	 674	   0	 675	   0	   0
  77	  91	  95	  95	   1	  19	 676	   0	   0	 677	   0
  76	  76	  95	  95	   1	  19	 678	   0	   0	 679	   0
  75	  75	  95	  95	   1	  19	 680	   0	   0	 681	   0
  60	  74	  95	  95	   1	  19	 682	   0	   0	 683	   0
  59	  59	  71	  95	   1	  19	 684	   0	   0	   0	   0
  13	  13	  95	  95	   1	  19	 685	 686	   0	   0	   0
 181	 181	  11	  72	   1	  19	 687	   0	   0	   0	   0
 182	 185	  71	  72	   1	  19	 688	   0	   0	 689	   0
 186	 186	  11	  72	   1	  19	 690	   0	   0	   0	   0
 225	 225	  11	  72	   1	  19	 691	   0	   0	   0	   0
 226	 228	  71	  72	   1	  19	 692	   0	   0	 693	   0
 230	 231	  70	  70	   1	  19	 694	   0	   0	 695	   0
 229	 229	  11	  70	   1	  19	 696	   0	   0	   0	   0
 226	 228	  11	  70	   1	  19	 697	   0	   0	   0	   0
 182	 185	  11	  70	   1	  19	 698	   0	   0	   0	   0
 164	 164	  70	  70	   1	  19	 699	 700	   0	   0	   0
 233	 233	  68	  69	   1	  19	 701	   0	   0	 702	   0
 232	 232	  11	  69	   1	  19	 703	   0	   0	   0	   0
 230	 231	  11	  69	   1	  19	 704	   0	   0	   0	   0
 164	 164	  68	  69	   1	  19	 705	 706	   0	   0	   0
 164	 164	  61	  62	   1	  19	 707	 708	   0	   0	   0
 181	 181	  95	 107	   1	  19	 709	   0	 710	   0	   0
 165	 165	  61	  94	   1	  19	 711	   0	   0	   0	   0
 164	 164	  73	  94	   1	  19	 712	   0	   0	 713	   0
 139	 163	  73	  94	   1	  19	 714	   0	   0	 715	   0
 138	 138	  73	  94	   1	  19	 716	   0	   0	 717	   0
 137	 137	  73	  94	   1	  19	 718	   0	   0	 719	   0
 120	 136	  73	  94	   1	  19	 720	   0	   0	 721	   0
 119	 119	  73	  94	   1	  19	 722	   0	   0	 723	   0
 110	 118	  73	  94	   1	  19	 724	   0	   0	 725	   0
 109	 109	  73	  94	   1	  19	 726	   0	   0	 727	   0
  97	 108	  73	  94	   1	  19	 728	   0	   0	 729	   0
  96	  96	  73	  94	   1	  19	 730	   0	   0	 731	   0
  95	  95	  73	  94	   1	  19	 732	   0	   0	 733	   0
  93	  94	  73	  94	   1	  19	 734	   0	   0	 735	   0
  92	  92	  11	  94	   1	  19	 736	   0	   0	   0	   0
  77	  91	  11	  94	   1	  19	 737	   0	   0	   0	   0
  76	  76	  26	  94	   1	  19	 738	   0	   0	   0	   0
  75	  75	  68	  94	   1	  19	 739	   0	   0	   0	   0
  60	  74	  71	  94	   1	  19	 740	   0	   0	   0	   0
  13	  13	  73	  94	   1	  19	 741	 742	   0	   0	   0
 221	 223	  11	  74	   1	  19	 743	   0	   0	   0	   0
 224	 224	  11	  74	   1	  19	 744	   0	   0	   0	   0
 164	 164	  63	  64	   1	  19	 745	 746	   0	   0	   0
 175	 180	 138	 152	   1	  19	 747	   0	   0	 748	   0
 175	 180	  11	 137	   1	  19	 749	   0	   0	   0	   0
 174	 174	  33	 137	   1	  19	 750	   0	   0	   0	   0
 166	 173	  61	 137	   1	  19	 751	   0	   0	   0	   0
 165	 165	 108	 137	   1	  19	 752	 753	   0	   0	   0
 187	 187	  93	  94	   1	  19	 754	   0	   0	 755	   0
 186	 186	  93	  94	   1	  19	 756	 757	   0	 758	   0
 189	 190	  91	  92	   1	  19	 759	   0	   0	 760	   0
 188	 188	  11	  92	   1	  19	 761	   0	   0	   0	   0
 187	 187	  11	  92	   1	  19	 762	   0	   0	   0	   0
 186	 186	  91	  92	   1	  19	 763	 764	   0	   0	   0
 196	 219	  91	 102	   1	  19	 765	   0	   0	 766	   0
 220	 220	  91	 102	   1	  19	 767	   0	   0	 768	   0
 221	 234	  91	 102	   1	  19	 769	   0	 770	 771	   0
 192	 194	  11	  77	   1	  19	 772	   0	   0	   0	   0
 186	 186	  76	  77	   1	  19	 773	 774	   0	   0	   0
 221	 223	  75	  75	   1	  19	 775	   0	   0	 776	   0
 220	 220	  11	  75	   1	  19	 777	   0	   0	   0	   0
 186	 186	  75	  75	   1	  19	 778	 779	   0	   0	   0
 235	 236	  11	  65	   1	  19	 780	   0	   0	   0	   0
 164	 164	  65	  65	   1	  19	 781	 782	   0	   0	   0
 196	 219	  11	  90	   1	  19	 783	   0	   0	   0	   0
 195	 195	  11	  90	   1	  19	 784	   0	   0	   0	   0
 192	 194	  78	  90	   1	  19	 785	   0	   0	 786	   0
 191	 191	  11	  90	   1	  19	 787	   0	   0	   0	   0
 189	 190	  11	  90	   1	  19	 788	   0	   0	   0	   0
 186	 186	  78	  90	   1	  19	 789	 790	   0	   0	   0
 235	 236	  66	  67	   1	  19	 791	   0	   0	 792	   0
 234	 234	  11	  67	   1	  19	 793	   0	   0	   0	   0
 233	 233	  11	  67	   1	  19	 794	   0	   0	   0	   0
 164	 164	  66	  67	   1	  19	 795	 796	   0	   0	   0
   5	   5	  16	  67	   0	   0	1005	   0	   0	   0	   0
   6	  12	  15	  15	   0	   0	1006	   0	   0	   0	   0
  10	  10	 178	 190	   0	   0	1007	   0	   0	   0	   0
  11	  20	 177	 177	   0	   0	1008	   0	   0	   0	   0
  11	  20	 203	 204	   0	   0	1009	   0	   0	   0	   0
  11	  11	 113	 125	   0	   0	1010	   0	   0	   0	   0
  12	  12	   6	  15	   0	   0	1011	   0	   0	   0	   0
  13	  13	   5	   5	   0	   0	1012	   0	   0	   0	   0
  12	  12	  71	  72	   0	   0	1013	   0	   0	   0	   0
  14	  15	   5	   5	   0	   0	1014	   0	   0	   0	   0
  17	  17	   6	  15	   0	   0	1015	   0	   0	   0	   0
  16	  16	   5	   5	   0	   0	1016	   0	   0	   0	   0
  15	  15	 226	 240	   0	   0	1017	   0	   0	   0	   0
  16	  25	 222	 225	   0	   0	1018	   0	   0	   0	   0
  17	  21	  67	  67	   0	   0	1019	   0	   0	   0	   0
  22	  22	  67	  67	   0	   0	1020	   0	   0	   0	   0
  23	  23	 156	 157	   0	   0	1021	   0	   0	   0	   0
  22	  22	 158	 158	   0	   0	1022	   0	   0	   0	   0
  23	  32	  67	  67	   0	   0	1023	   0	   0	   0	   0
  39	  39	   6	  15	   0	   0	1024	   0	   0	   0	   0
  40	  49	   1	   5	   0	   0	1025	   0	   0	   0	   0
  49	  49	 177	 177	   0	   0	1026	   0	   0	   0	   0
  48	  48	 203	 204	   0	   0	1027	   0	   0	   0	   0
  50	  59	 177	 177	   0	   0	1028	   0	   0	   0	   0
  59	  59	   5	   5	   0	   0	1029	   0	   0	   0	   0
  60	  60	  45	  60	   0	   0	1030	   0	   0	   0	   0
  59	  59	  61	  61	   0	   0	1031	   0	   0	   0	   0
  59	  59	  67	  67	   0	   0	1032	   0	   0	   0	   0
  60	  60	  96	 112	   0	   0	1033	   0	   0	   0	   0
  59	  59	 156	 156	   0	   0	1034	   0	   0	   0	   0
  60	  60	   5	   5	   0	   0	1035	   0	   0	   0	   0
  61	  61	  16	  25	   0	   0	1036	   0	   0	   0	   0
  60	  69	  67	  67	   0	   0	1037	   0	   0	   0	   0
  61	  61	 126	 155	   0	   0	1038	   0	   0	   0	   0
  60	  60	 156	 156	   0	   0	1039	   0	   0	   0	   0
  68	  68	   6	  15	   0	   0	1040	   0	   0	   0	   0
  61	  67	  16	  16	   0	   0	1041	   0	   0	   0	   0
  61	  67	   5	   5	   0	   0	1042	   0	   0	   0	   0
  61	  70	  25	  25	   0	   0	1043	   0	   0	   0	   0
  68	  68	 177	 177	   0	   0	1044	   0	   0	   0	   0
  69	  69	 206	 220	   0	   0	1045	   0	   0	   0	   0
  68	  68	 221	 221	   0	   0	1046	   0	   0	   0	   0
  69	  78	 177	 177	   0	   0	1047	   0	   0	   0	   0
  74	  74	   6	  10	   0	   0	1048	   0	   0	   0	   0
  75	  75	   5	   5	   0	   0	1049	   0	   0	   0	   0
  74	  74	  45	  67	   0	   0	1050	   0	   0	   0	   0
  76	  76	   5	   5	   0	   0	1051	   0	   0	   0	   0
  75	  75	  11	  25	   0	   0	1052	   0	   0	   0	   0
  77	  86	   5	   5	   0	   0	1053	   0	   0	   0	   0
  79	  79	 226	 240	   0	   0	1054	   0	   0	   0	   0
  78	  78	 225	 225	   0	   0	1055	   0	   0	   0	   0
  78	  78	 252	 252	   0	   0	1056	   0	   0	   0	   0
  79	  86	 252	 252	   0	   0	1057	   0	   0	   0	   0
  79	  86	 240	 240	   0	   0	1058	   0	   0	   0	   0
  86	  86	 213	 232	   0	   0	1059	   0	   0	   0	   0
  87	  96	 233	 233	   0	   0	1060	   0	   0	   0	   0
  87	  96	 207	 212	   0	   0	1061	   0	   0	   0	   0
  87	  87	 234	 239	   0	   0	1062	   0	   0	   0	   0
  87	  87	 252	 252	   0	   0	1063	   0	   0	   0	   0
  88	  88	 238	 239	   0	   0	1064	   0	   0	   0	   0
  89	  89	 237	 237	   0	   0	1065	   0	   0	   0	   0
  90	  91	 237	 237	   0	   0	1066	   0	   0	   0	   0
  92	  92	   5	   5	   0	   0	1067	   0	   0	   0	   0
  92	  92	  96	  96	   0	   0	1068	   0	   0	   0	   0
  93	  93	 238	 239	   0	   0	1069	   0	   0	   0	   0
  92	  92	 237	 237	   0	   0	1070	   0	   0	   0	   0
  93	  94	   5	   5	   0	   0	1071	   0	   0	   0	   0
  93	  93	 252	 252	   0	   0	1072	   0	   0	   0	   0
  94	 103	 252	 252	   0	   0	1073	   0	   0	   0	   0
  94	 103	 240	 240	   0	   0	1074	   0	   0	   0	   0
  96	  96	   6	  10	   0	   0	1075	   0	   0	   0	   0
  95	  95	   5	   5	   0	   0	1076	   0	   0	   0	   0
  97	  97	  45	  67	   0	   0	1077	   0	   0	   0	   0
  97	 106	  25	  25	   0	   0	1078	   0	   0	   0	   0
  97	 106	  70	  70	   0	   0	1079	   0	   0	   0	   0
  97	  97	   6	  10	   0	   0	1080	   0	   0	   0	   0
  98	 107	   1	   5	   0	   0	1081	   0	   0	   0	   0
 109	 109	  25	  25	   0	   0	1082	   0	   0	   0	   0
 108	 108	  45	  49	   0	   0	1083	   0	   0	   0	   0
 110	 118	  25	  25	   0	   0	1084	   0	   0	   0	   0
 119	 119	   5	   5	   0	   0	1085	   0	   0	   0	   0
 118	 118	  21	  25	   0	   0	1086	   0	   0	   0	   0
 120	 129	   5	   5	   0	   0	1087	   0	   0	   0	   0
 122	 122	 118	 130	   0	   0	1088	   0	   0	   0	   0
 136	 136	 118	 130	   0	   0	1089	   0	   0	   0	   0
 123	 132	 131	 131	   0	   0	1090	   0	   0	   0	   0
 123	 132	 116	 117	   0	   0	1091	   0	   0	   0	   0
 130	 130	 177	 177	   0	   0	1092	   0	   0	   0	   0
 129	 129	 206	 212	   0	   0	1093	   0	   0	   0	   0
 130	 130	 233	 233	   0	   0	1094	   0	   0	   0	   0
 131	 140	 177	 177	   0	   0	1095	   0	   0	   0	   0
 138	 138	   6	  10	   0	   0	1096	   0	   0	   0	   0
 137	 137	   5	   5	   0	   0	1097	   0	   0	   0	   0
 139	 139	  50	  70	   0	   0	1098	   0	   0	   0	   0
 139	 141	  10	  10	   0	   0	1099	   0	   0	   0	   0
 139	 148	  70	  70	   0	   0	1100	   0	   0	   0	   0
 142	 142	  10	  10	   0	   0	1101	   0	   0	   0	   0
 141	 141	  50	  60	   0	   0	1102	   0	   0	   0	   0
 142	 142	  61	  61	   0	   0	1103	   0	   0	   0	   0
 143	 149	  10	  10	   0	   0	1104	   0	   0	   0	   0
 149	 149	   6	  10	   0	   0	1105	   0	   0	   0	   0
 150	 150	   5	   5	   0	   0	1106	   0	   0	   0	   0
 151	 156	   5	   5	   0	   0	1107	   0	   0	   0	   0
 157	 157	   5	   5	   0	   0	1108	   0	   0	   0	   0
 158	 158	  36	  44	   0	   0	1109	   0	   0	   0	   0
 156	 156	 176	 177	   0	   0	1110	   0	   0	   0	   0
 157	 157	 173	 175	   0	   0	1111	   0	   0	   0	   0
 158	 158	   5	   5	   0	   0	1112	   0	   0	   0	   0
 159	 159	  31	  35	   0	   0	1113	   0	   0	   0	   0
 157	 157	 138	 152	   0	   0	1114	   0	   0	   0	   0
 158	 164	 153	 153	   0	   0	1115	   0	   0	   0	   0
 158	 164	 137	 137	   0	   0	1116	   0	   0	   0	   0
 158	 167	 174	 175	   0	   0	1117	   0	   0	   0	   0
 159	 168	   5	   5	   0	   0	1118	   0	   0	   0	   0
 163	 163	  33	  60	   0	   0	1119	   0	   0	   0	   0
 164	 164	  32	  32	   0	   0	1120	   0	   0	   0	   0
 165	 165	  32	  32	   0	   0	1121	   0	   0	   0	   0
 164	 164	  95	 107	   0	   0	1122	   0	   0	   0	   0
 165	 165	 153	 153	   0	   0	1123	   0	   0	   0	   0
 166	 173	  32	  32	   0	   0	1124	   0	   0	   0	   0
 174	 174	   5	   5	   0	   0	1125	   0	   0	   0	   0
 173	 173	  31	  32	   0	   0	1126	   0	   0	   0	   0
 175	 180	   5	   5	   0	   0	1127	   0	   0	   0	   0
 175	 175	 175	 175	   0	   0	1128	   0	   0	   0	   0
 176	 177	 190	 190	   0	   0	1129	   0	   0	   0	   0
 178	 178	 190	 190	   0	   0	1130	   0	   0	   0	   0
 179	 179	 206	 212	   0	   0	1131	   0	   0	   0	   0
 179	 181	 190	 190	   0	   0	1132	   0	   0	   0	   0
 181	 181	   5	   5	   0	   0	1133	   0	   0	   0	   0
 182	 182	  73	  94	   0	   0	1134	   0	   0	   0	   0
 180	 180	 227	 232	   0	   0	1135	   0	   0	   0	   0
 181	 181	 233	 233	   0	   0	1136	   0	   0	   0	   0
 182	 185	   5	   5	   0	   0	1137	   0	   0	   0	   0
 182	 191	 107	 107	   0	   0	1138	   0	   0	   0	   0
 182	 182	 190	 190	   0	   0	1139	   0	   0	   0	   0
 181	 181	 206	 217	   0	   0	1140	   0	   0	   0	   0
 182	 182	 233	 233	   0	   0	1141	   0	   0	   0	   0
 183	 192	 190	 190	   0	   0	1142	   0	   0	   0	   0
 186	 186	   5	   5	   0	   0	1143	   0	   0	   0	   0
 185	 185	  73	  74	   0	   0	1144	   0	   0	   0	   0
 187	 187	   5	   5	   0	   0	1145	   0	   0	   0	   0
 188	 188	   5	   5	   0	   0	1146	   0	   0	   0	   0
 189	 189	  93	  94	   0	   0	1147	   0	   0	   0	   0
 188	 188	  95	  95	   0	   0	1148	   0	   0	   0	   0
 189	 190	   5	   5	   0	   0	1149	   0	   0	   0	   0
 191	 191	   5	   5	   0	   0	1150	   0	   0	   0	   0
 192	 192	  91	  92	   0	   0	1151	   0	   0	   0	   0
 191	 191	  93	  93	   0	   0	1152	   0	   0	   0	   0
 192	 194	   5	   5	   0	   0	1153	   0	   0	   0	   0
 195	 195	   5	   5	   0	   0	1154	   0	   0	   0	   0
 194	 194	  91	 102	   0	   0	1155	   0	   0	   0	   0
 195	 195	 103	 103	   0	   0	1156	   0	   0	   0	   0
 196	 205	   5	   5	   0	   0	1157	   0	   0	   0	   0
 211	 211	 190	 190	   0	   0	1158	   0	   0	   0	   0
 212	 221	 190	 190	   0	   0	1159	   0	   0	   0	   0
 213	 213	 218	 230	   0	   0	1160	   0	   0	   0	   0
 220	 220	   5	   5	   0	   0	1161	   0	   0	   0	   0
 221	 221	  76	  77	   0	   0	1162	   0	   0	   0	   0
 221	 223	   5	   5	   0	   0	1163	   0	   0	   0	   0
 235	 235	  78	  90	   0	   0	1164	   0	   0	   0	   0
 221	 230	  77	  77	   0	   0	1165	   0	   0	   0	   0
 224	 224	   5	   5	   0	   0	1166	   0	   0	   0	   0
 225	 225	  75	  75	   0	   0	1167	   0	   0	   0	   0
 224	 224	  76	  76	   0	   0	1168	   0	   0	   0	   0
 223	 223	 213	 240	   0	   0	1169	   0	   0	   0	   0
 224	 224	 212	 212	   0	   0	1170	   0	   0	   0	   0
 224	 224	 252	 252	   0	   0	1171	   0	   0	   0	   0
 225	 225	   5	   5	   0	   0	1172	   0	   0	   0	   0
 226	 226	  73	  74	   0	   0	1173	   0	   0	   0	   0
 225	 234	 212	 212	   0	   0	1174	   0	   0	   0	   0
 226	 228	   5	   5	   0	   0	1175	   0	   0	   0	   0
 228	 228	 190	 190	   0	   0	1176	   0	   0	   0	   0
 229	 229	 203	 204	   0	   0	1177	   0	   0	   0	   0
 228	 228	 205	 205	   0	   0	1178	   0	   0	   0	   0
 229	 229	   5	   5	   0	   0	1179	   0	   0	   0	   0
 230	 230	  71	  72	   0	   0	1180	   0	   0	   0	   0
 229	 229	  73	  73	   0	   0	1181	   0	   0	   0	   0
 229	 239	 203	 203	   0	   0	1182	   0	   0	   0	   0
 229	 239	 190	 190	   0	   0	1183	   0	   0	   0	   0
 230	 231	   5	   5	   0	   0	1184	   0	   0	   0	   0
 232	 232	   5	   5	   0	   0	1185	   0	   0	   0	   0
 233	 233	  70	  70	   0	   0	1186	   0	   0	   0	   0
 232	 232	  71	  71	   0	   0	1187	   0	   0	   0	   0
 233	 233	   5	   5	   0	   0	1188	   0	   0	   0	   0
 234	 234	   5	   5	   0	   0	1189	   0	   0	   0	   0
 235	 235	  68	  69	   0	   0	1190	   0	   0	   0	   0
 234	 234	  70	  70	   0	   0	1191	   0	   0	   0	   0
 235	 235	 108	 137	   0	   0	1192	   0	   0	   0	   0
 234	 234	 107	 107	   0	   0	1193	   0	   0	   0	   0
 234	 234	 153	 153	   0	   0	1194	   0	   0	   0	   0
 235	 236	   5	   5	   0	   0	1195	   0	   0	   0	   0
 235	 244	 153	 153	   0	   0	1196	   0	   0	   0	   0
 235	 244	 137	 137	   0	   0	1197	   0	   0	   0	   0
 238	 238	   6	  10	   0	   0	1198	   0	   0	   0	   0
 237	 237	   5	   5	   0	   0	1199	   0	   0	   0	   0
 238	 238	  66	  67	   0	   0	1200	   0	   0	   0	   0
 237	 237	  68	  68	   0	   0	1201	   0	   0	   0	   0
 238	 239	  15	  15	   0	   0	1202	   0	   0	   0	   0
 240	 240	  15	  15	   0	   0	1203	   0	   0	   0	   0
 241	 241	  65	  65	   0	   0	1204	   0	   0	   0	   0
 240	 240	  66	  66	   0	   0	1205	   0	   0	   0	   0
 239	 239	 180	 190	   0	   0	1206	   0	   0	   0	   0
 240	 240	 179	 179	   0	   0	1207	   0	   0	   0	   0
 240	 240	 203	 203	   0	   0	1208	   0	   0	   0	   0
 241	 241	  15	  15	   0	   0	1209	   0	   0	   0	   0
 241	 242	 179	 179	   0	   0	1210	   0	   0	   0	   0
 242	 242	  15	  15	   0	   0	1211	   0	   0	   0	   0
 243	 243	  63	  64	   0	   0	1212	   0	   0	   0	   0
 242	 242	  65	  65	   0	   0	1213	   0	   0	   0	   0
 243	 244	  15	  15	   0	   0	1214	   0	   0	   0	   0
 243	 243	 179	 179	   0	   0	1215	   0	   0	   0	   0
 242	 242	 203	 205	   0	   0	1216	   0	   0	   0	   0
 244	 246	 179	 179	   0	   0	1217	   0	   0	   0	   0
 245	 245	  15	  15	   0	   0	1218	   0	   0	   0	   0
 246	 246	  61	  62	   0	   0	1219	   0	   0	   0	   0
 245	 245	  63	  63	   0	   0	1220	   0	   0	   0	   0
 246	 247	  15	  15	   0	   0	1221	   0	   0	   0	   0
 247	 247	 179	 179	   0	   0	1222	   0	   0	   0	   0
 248	 248	 206	 212	   0	   0	1223	   0	   0	   0	   0
 248	 248	  15	  15	   0	   0	1224	   0	   0	   0	   0
 247	 247	  61	  95	   0	   0	1225	   0	   0	   0	   0
 252	 252	 180	 190	   0	   0	1226	   0	   0	   0	   0
 248	 251	 179	 179	   0	   0	1227	   0	   0	   0	   0
 252	 252	 213	 240	   0	   0	1228	   0	   0	   0	   0
 248	 251	 212	 212	   0	   0	1229	   0	   0	   0	   0
 249	 249	  15	  15	   0	   0	1230	   0	   0	   0	   0
 248	 248	  96	 137	   0	   0	1231	   0	   0	   0	   0
 249	 249	 153	 153	   0	   0	1232	   0	   0	   0	   0
 252	 252	  16	  20	   0	   0	1233	   0	   0	   0	   0
 250	 251	  15	  15	   0	   0	1234	   0	   0	   0	   0
  17	  17	  16	  67	   0	   0	1235	   0	   0	   0	   0
  15	  15	 241	 251	   0	   0	1236	   0	   0	   0	   0
  16	  25	 252	 256	   0	   0	1237	   0	   0	   0	   0
  17	  21	 158	 158	   0	   0	1238	   0	   0	   0	   0
  16	  16	 158	 158	   0	   0	1239	   0	   0	   0	   0
  39	  39	  45	  60	   0	   0	1240	   0	   0	   0	   0
  40	  49	  61	  66	   0	   0	1241	   0	   0	   0	   0
  39	  39	  16	  25	   0	   0	1242	   0	   0	   0	   0
  88	  88	 252	 252	   0	   0	1243	   0	   0	   0	   0
  89	  89	 252	 252	   0	   0	1244	   0	   0	   0	   0
  92	  92	 252	 252	   0	   0	1245	   0	   0	   0	   0
  96	  96	  11	  25	   0	   0	1246	   0	   0	   0	   0
  97	  97	  11	  15	   0	   0	1247	   0	   0	   0	   0
 176	 176	 178	 190	   0	   0	1248	   0	   0	   0	   0
 182	 191	 153	 153	   0	   0	1249	   0	   0	   0	   0
 181	 181	 153	 153	   0	   0	1250	   0	   0	   0	   0
 179	 181	 206	 206	   0	   0	1251	   0	   0	   0	   0
 212	 212	 206	 217	   0	   0	1252	   0	   0	   0	   0
 212	 221	 205	 205	   0	   0	1253	   0	   0	   0	   0
 225	 234	 252	 252	   0	   0	1254	   0	   0	   0	   0
 238	 238	  11	  15	   0	   0	1255	   0	   0	   0	   0
 238	 239	  66	  66	   0	   0	1256	   0	   0	   0	   0
 241	 242	 203	 203	   0	   0	1257	   0	   0	   0	   0
 243	 244	  63	  63	   0	   0	1258	   0	   0	   0	   0
 243	 243	 252	 252	   0	   0	1259	   0	   0	   0	   0
 252	 252	 191	 202	   0	   0	1260	   0	   0	   0	   0
 252	 252	  61	  95	   0	   0	1261	   0	   0	   0	   0
   5	   5	  68	  70	   0	   0	1262	   0	   0	   0	   0
   6	  12	  71	  71	   0	   0	1263	   0	   0	   0	   0
  23	  32	 156	 156	   0	   0	1264	   0	   0	   0	   0
  39	  39	  26	  30	   0	   0	1265	   0	   0	   0	   0
  69	  78	 206	 206	   0	   0	1266	   0	   0	   0	   0
  90	  91	 252	 252	   0	   0	1267	   0	   0	   0	   0
  10	  10	 191	 202	   0	   0	1268	   0	   0	   0	   0
 183	 192	 233	 233	   0	   0	1269	   0	   0	   0	   0
 211	 211	 233	 233	   0	   0	1270	   0	   0	   0	   0
 213	 213	 231	 239	   0	   0	1271	   0	   0	   0	   0
 212	 212	 233	 233	   0	   0	1272	   0	   0	   0	   0
 181	 181	 218	 230	   0	   0	1273	   0	   0	   0	   0
 252	 252	  21	  25	   0	   0	1274	   0	   0	   0	   0
  97	  97	  16	  24	   0	   0	1275	   0	   0	   0	   0
  98	 107	  21	  24	   0	   0	1276	   0	   0	   0	   0
 252	 252	 203	 205	   0	   0	1277	   0	   0	   0	   0
 248	 251	 206	 206	   0	   0	1278	   0	   0	   0	   0
 252	 252	  96	 137	   0	   0	1279	   0	   0	   0	   0
  60	  60	 113	 125	   0	   0	1280	   0	   0	   0	   0
  12	  12	  96	 112	   0	   0	1281	   0	   0	   0	   0
  50	  59	 221	 221	   0	   0	1282	   0	   0	   0	   0
  49	  49	 221	 221	   0	   0	1283	   0	   0	   0	   0
  10	  10	 206	 220	   0	   0	1284	   0	   0	   0	   0
  11	  20	 221	 221	   0	   0	1285	   0	   0	   0	   0
 139	 141	  50	  50	   0	   0	1286	   0	   0	   0	   0
 159	 168	  31	  31	   0	   0	1287	   0	   0	   0	   0
 166	 173	 153	 153	   0	   0	1288	   0	   0	   0	   0
 174	 174	 153	 153	   0	   0	1289	   0	   0	   0	   0
 252	 252	  26	  32	   0	   0	1290	   0	   0	   0	   0
 242	 242	 206	 212	   0	   0	1291	   0	   0	   0	   0
 252	 252	 138	 152	   0	   0	1292	   0	   0	   0	   0
 250	 251	 153	 153	   0	   0	1293	   0	   0	   0	   0
  11	  11	 126	 155	   0	   0	1294	   0	   0	   0	   0
  97	  97	  68	  70	   0	   0	1295	   0	   0	   0	   0
 131	 140	 233	 233	   0	   0	1296	   0	   0	   0	   0
 108	 108	  50	  70	   0	   0	1297	   0	   0	   0	   0
 143	 149	  61	  61	   0	   0	1298	   0	   0	   0	   0
 150	 150	  61	  61	   0	   0	1299	   0	   0	   0	   0
 158	 158	  45	  49	   0	   0	1300	   0	   0	   0	   0
  97	 106	  45	  45	   0	   0	1301	   0	   0	   0	   0
  61	  70	  45	  45	   0	   0	1302	   0	   0	   0	   0
  39	  39	  36	  44	   0	   0	1303	   0	   0	   0	   0
  39	  39	  31	  35	   0	   0	1304	   0	   0	   0	   0
 157	 157	 233	 233	   0	   0	1305	   0	   0	   0	   0
 244	 246	 252	 252	   0	   0	1306	   0	   0	   0	   0
 247	 247	 252	 252	   0	   0	1307	   0	   0	   0	   0
 252	 252	 241	 251	   0	   0	1308	   0	   0	   0	   0
 248	 251	 252	 252	   0	   0	1309	   0	   0	   0	   0
  14	  15	 158	 158	   0	   0	1310	   0	   0	   0	   0
  13	  13	 158	 158	   0	   0	1311	   0	   0	   0	   0
  11	  11	 156	 157	   0	   0	1312	   0	   0	   0	   0
  12	  12	 158	 158	   0	   0	1313	   0	   0	   0	   0
 151	 156	  61	  61	   0	   0	1314	   0	   0	   0	   0
 158	 158	  50	  60	   0	   0	1315	   0	   0	   0	   0
 157	 157	  61	  61	   0	   0	1316	   0	   0	   0	   0
 158	 167	 233	 233	   0	   0	1317	   0	   0	   0	   0
 175	 175	 233	 233	   0	   0	1318	   0	   0	   0	   0
 176	 177	 233	 233	   0	   0	1319	   0	   0	   0	   0
 179	 179	 213	 232	   0	   0	1320	   0	   0	   0	   0
 178	 178	 233	 233	   0	   0	1321	   0	   0	   0	   0
 246	 247	  61	  61	   0	   0	1322	   0	   0	   0	   0
 252	 252	  33	  60	   0	   0	1323	   0	   0	   0	   0
  77	  86	  96	  96	   0	   0	1324	   0	   0	   0	   0
  76	  76	  96	  96	   0	   0	1325	   0	   0	   0	   0
  75	  75	  96	  96	   0	   0	1326	   0	   0	   0	   0
  60	  69	  96	  96	   0	   0	1327	   0	   0	   0	   0
  12	  12	  95	  95	   0	   0	1328	   0	   0	   0	   0
 182	 185	  73	  73	   0	   0	1329	   0	   0	   0	   0
 226	 228	  73	  73	   0	   0	1330	   0	   0	   0	   0
 230	 231	  71	  71	   0	   0	1331	   0	   0	   0	   0
 163	 163	  61	  69	   0	   0	1332	   0	   0	   0	   0
 182	 182	  95	 107	   0	   0	1333	   0	   0	   0	   0
 139	 148	  95	  95	   0	   0	1334	   0	   0	   0	   0
 138	 138	  95	  95	   0	   0	1335	   0	   0	   0	   0
 137	 137	  95	  95	   0	   0	1336	   0	   0	   0	   0
 120	 129	  95	  95	   0	   0	1337	   0	   0	   0	   0
 119	 119	  95	  95	   0	   0	1338	   0	   0	   0	   0
 110	 118	  95	  95	   0	   0	1339	   0	   0	   0	   0
 109	 109	  95	  95	   0	   0	1340	   0	   0	   0	   0
  97	 106	  95	  95	   0	   0	1341	   0	   0	   0	   0
  96	  96	  95	  95	   0	   0	1342	   0	   0	   0	   0
  95	  95	  95	  95	   0	   0	1343	   0	   0	   0	   0
  93	  94	  95	  95	   0	   0	1344	   0	   0	   0	   0
  12	  12	  73	  94	   0	   0	1345	   0	   0	   0	   0
 175	 180	 153	 153	   0	   0	1346	   0	   0	   0	   0
 164	 164	 108	 137	   0	   0	1347	   0	   0	   0	   0
 187	 187	  95	  95	   0	   0	1348	   0	   0	   0	   0
 186	 186	  95	  95	   0	   0	1349	   0	   0	   0	   0
 189	 190	  93	  93	   0	   0	1350	   0	   0	   0	   0
 185	 185	  91	  94	   0	   0	1351	   0	   0	   0	   0
 196	 205	 103	 103	   0	   0	1352	   0	   0	   0	   0
 220	 220	 103	 103	   0	   0	1353	   0	   0	   0	   0
 235	 235	  91	 102	   0	   0	1354	   0	   0	   0	   0
 221	 230	 103	 103	   0	   0	1355	   0	   0	   0	   0
 221	 223	  76	  76	   0	   0	1356	   0	   0	   0	   0
 185	 185	  75	  77	   0	   0	1357	   0	   0	   0	   0
 192	 194	  91	  91	   0	   0	1358	   0	   0	   0	   0
 185	 185	  78	  90	   0	   0	1359	   0	   0	   0	   0
 235	 236	  68	  68	   0	   0	1360	   0	   0	   0	   0
   1	  11	   1	  10	   0	   0	1361	   0	   0	   0	   0
  12	  12	   1	   5	   0	   0	1362	   0	   0	   0	   0
  13	  16	   1	   4	   0	   0	1363	   0	   0	   0	   0
  17	  17	   1	   5	   0	   0	1364	   0	   0	   0	   0
  18	  27	   1	  10	   0	   0	1365	   0	   0	   0	   0
  39	  39	   1	   5	   0	   0	1366	   0	   0	   0	   0
  68	  68	   1	   5	   0	   0	1367	   0	   0	   0	   0
  69	  73	   1	  10	   0	   0	1368	   0	   0	   0	   0
  74	  74	   1	   5	   0	   0	1369	   0	   0	   0	   0
  75	  84	   1	   4	   0	   0	1370	   0	   0	   0	   0
  96	  97	   1	   5	   0	   0	1371	   0	   0	   0	   0
 138	 138	   1	   5	   0	   0	1372	   0	   0	   0	   0
 139	 148	   1	   9	   0	   0	1373	   0	   0	   0	   0
 149	 149	   1	   5	   0	   0	1374	   0	   0	   0	   0
 150	 159	   1	   4	   0	   0	1375	   0	   0	   0	   0
 238	 238	   1	   5	   0	   0	1376	   0	   0	   0	   0
 239	 248	   1	  10	   0	   0	1377	   0	   0	   0	   0
   1	   4	  11	  20	   0	   0	1378	   0	   0	   0	   0
   5	   5	  11	  15	   0	   0	1379	   0	   0	   0	   0
   6	  11	  11	  14	   0	   0	1380	   0	   0	   0	   0
  12	  22	 159	 168	   0	   0	1381	   0	   0	   0	   0
  18	  27	  11	  20	   0	   0	1382	   0	   0	   0	   0
  60	  60	  61	  66	   0	   0	1383	   0	   0	   0	   0
  61	  70	  46	  55	   0	   0	1384	   0	   0	   0	   0
  62	  67	  17	  24	   0	   0	1385	   0	   0	   0	   0
  68	  68	  16	  24	   0	   0	1386	   0	   0	   0	   0
  69	  74	  11	  20	   0	   0	1387	   0	   0	   0	   0
  93	 102	  96	 105	   0	   0	1388	   0	   0	   0	   0
 140	 140	  51	  60	   0	   0	1389	   0	   0	   0	   0
 142	 151	  62	  69	   0	   0	1390	   0	   0	   0	   0
 158	 158	  61	  69	   0	   0	1391	   0	   0	   0	   0
 159	 159	  36	  45	   0	   0	1392	   0	   0	   0	   0
 160	 162	  32	  41	   0	   0	1393	   0	   0	   0	   0
 163	 163	  32	  32	   0	   0	1394	   0	   0	   0	   0
 183	 184	  74	  83	   0	   0	1395	   0	   0	   0	   0
 185	 185	  95	 104	   0	   0	1396	   0	   0	   0	   0
 186	 188	  96	 105	   0	   0	1397	   0	   0	   0	   0
 189	 189	  95	 104	   0	   0	1398	   0	   0	   0	   0
 190	 191	  94	 103	   0	   0	1399	   0	   0	   0	   0
 192	 192	  93	 102	   0	   0	1400	   0	   0	   0	   0
 193	 193	  92	 101	   0	   0	1401	   0	   0	   0	   0
 194	 194	 103	 106	   0	   0	1402	   0	   0	   0	   0
 195	 204	 104	 106	   0	   0	1403	   0	   0	   0	   0
 225	 225	  76	  76	   0	   0	1404	   0	   0	   0	   0
 226	 226	  75	  76	   0	   0	1405	   0	   0	   0	   0
 227	 229	  74	  76	   0	   0	1406	   0	   0	   0	   0
 230	 230	  73	  76	   0	   0	1407	   0	   0	   0	   0
 231	 232	  72	  76	   0	   0	1408	   0	   0	   0	   0
 233	 234	  71	  76	   0	   0	1409	   0	   0	   0	   0
 235	 235	  70	  77	   0	   0	1410	   0	   0	   0	   0
 236	 237	  69	  78	   0	   0	1411	   0	   0	   0	   0
 238	 238	  68	  77	   0	   0	1412	   0	   0	   0	   0
 239	 248	  11	  14	   0	   0	1413	   0	   0	   0	   0
 252	 252	  11	  15	   0	   0	1414	   0	   0	   0	   0
 253	 256	  11	  20	   0	   0	1415	   0	   0	   0	   0
   1	   4	  21	  30	   0	   0	1416	   0	   0	   0	   0
   6	  11	  72	  81	   0	   0	1417	   0	   0	   0	   0
  12	  22	 169	 176	   0	   0	1418	   0	   0	   0	   0
  18	  27	  21	  30	   0	   0	1419	   0	   0	   0	   0
  61	  70	  56	  65	   0	   0	1420	   0	   0	   0	   0
  69	  74	  21	  24	   0	   0	1421	   0	   0	   0	   0
  93	 102	 106	 115	   0	   0	1422	   0	   0	   0	   0
  98	 107	  46	  55	   0	   0	1423	   0	   0	   0	   0
 140	 141	  61	  69	   0	   0	1424	   0	   0	   0	   0
 159	 159	  46	  55	   0	   0	1425	   0	   0	   0	   0
 160	 162	  42	  51	   0	   0	1426	   0	   0	   0	   0
 183	 184	  84	  93	   0	   0	1427	   0	   0	   0	   0
 185	 185	 105	 106	   0	   0	1428	   0	   0	   0	   0
 186	 188	 106	 106	   0	   0	1429	   0	   0	   0	   0
 189	 189	 105	 106	   0	   0	1430	   0	   0	   0	   0
 190	 191	 104	 106	   0	   0	1431	   0	   0	   0	   0
 192	 192	 103	 106	   0	   0	1432	   0	   0	   0	   0
 193	 193	 102	 106	   0	   0	1433	   0	   0	   0	   0
 235	 235	 103	 107	   0	   0	1434	   0	   0	   0	   0
 236	 237	  79	  88	   0	   0	1435	   0	   0	   0	   0
 238	 238	  78	  87	   0	   0	1436	   0	   0	   0	   0
 239	 240	  67	  76	   0	   0	1437	   0	   0	   0	   0
 241	 242	  66	  75	   0	   0	1438	   0	   0	   0	   0
 243	 243	  65	  74	   0	   0	1439	   0	   0	   0	   0
 244	 245	  64	  73	   0	   0	1440	   0	   0	   0	   0
 246	 246	  63	  72	   0	   0	1441	   0	   0	   0	   0
 247	 247	  96	 105	   0	   0	1442	   0	   0	   0	   0
 252	 252	 153	 162	   0	   0	1443	   0	   0	   0	   0
 253	 256	  21	  30	   0	   0	1444	   0	   0	   0	   0
   1	   4	  31	  40	   0	   0	1445	   0	   0	   0	   0
   6	  11	  82	  91	   0	   0	1446	   0	   0	   0	   0
  15	  15	 222	 225	   0	   0	1447	   0	   0	   0	   0
  18	  27	  31	  40	   0	   0	1448	   0	   0	   0	   0
  61	  70	  66	  66	   0	   0	1449	   0	   0	   0	   0
  93	 102	 116	 125	   0	   0	1450	   0	   0	   0	   0
  98	 107	  56	  65	   0	   0	1451	   0	   0	   0	   0
 122	 122	 116	 117	   0	   0	1452	   0	   0	   0	   0
 136	 136	 116	 117	   0	   0	1453	   0	   0	   0	   0
 137	 146	 116	 125	   0	   0	1454	   0	   0	   0	   0
 159	 159	  56	  65	   0	   0	1455	   0	   0	   0	   0
 160	 162	  52	  61	   0	   0	1456	   0	   0	   0	   0
 176	 176	 174	 177	   0	   0	1457	   0	   0	   0	   0
 177	 186	 174	 183	   0	   0	1458	   0	   0	   0	   0
 183	 184	  94	 103	   0	   0	1459	   0	   0	   0	   0
 236	 237	  89	  98	   0	   0	1460	   0	   0	   0	   0
 238	 238	  88	  97	   0	   0	1461	   0	   0	   0	   0
 239	 240	  77	  86	   0	   0	1462	   0	   0	   0	   0
 241	 242	  76	  85	   0	   0	1463	   0	   0	   0	   0
 243	 243	  75	  84	   0	   0	1464	   0	   0	   0	   0
 244	 245	  74	  83	   0	   0	1465	   0	   0	   0	   0
 246	 246	  73	  82	   0	   0	1466	   0	   0	   0	   0
 247	 247	 106	 115	   0	   0	1467	   0	   0	   0	   0
 252	 252	 163	 172	   0	   0	1468	   0	   0	   0	   0
 253	 256	  31	  40	   0	   0	1469	   0	   0	   0	   0
   1	   4	  41	  50	   0	   0	1470	   0	   0	   0	   0
   6	  11	  92	 101	   0	   0	1471	   0	   0	   0	   0
  18	  27	  41	  50	   0	   0	1472	   0	   0	   0	   0
  61	  70	  97	 106	   0	   0	1473	   0	   0	   0	   0
  93	 102	 126	 135	   0	   0	1474	   0	   0	   0	   0
  98	 107	  66	  69	   0	   0	1475	   0	   0	   0	   0
 122	 122	 131	 140	   0	   0	1476	   0	   0	   0	   0
 123	 132	 132	 141	   0	   0	1477	   0	   0	   0	   0
 136	 136	 131	 140	   0	   0	1478	   0	   0	   0	   0
 137	 146	 126	 135	   0	   0	1479	   0	   0	   0	   0
 159	 159	  66	  69	   0	   0	1480	   0	   0	   0	   0
 160	 162	  62	  69	   0	   0	1481	   0	   0	   0	   0
 177	 186	 184	 189	   0	   0	1482	   0	   0	   0	   0
 183	 184	 104	 106	   0	   0	1483	   0	   0	   0	   0
 236	 237	  99	 108	   0	   0	1484	   0	   0	   0	   0
 238	 238	  98	 107	   0	   0	1485	   0	   0	   0	   0
 239	 240	  87	  96	   0	   0	1486	   0	   0	   0	   0
 241	 242	  86	  95	   0	   0	1487	   0	   0	   0	   0
 243	 243	  85	  94	   0	   0	1488	   0	   0	   0	   0
 244	 245	  84	  93	   0	   0	1489	   0	   0	   0	   0
 246	 246	  83	  92	   0	   0	1490	   0	   0	   0	   0
 247	 247	 116	 125	   0	   0	1491	   0	   0	   0	   0
 252	 252	 173	 179	   0	   0	1492	   0	   0	   0	   0
 253	 256	  41	  50	   0	   0	1493	   0	   0	   0	   0
   1	   4	  51	  60	   0	   0	1494	   0	   0	   0	   0
   6	  11	 102	 111	   0	   0	1495	   0	   0	   0	   0
  18	  27	  51	  60	   0	   0	1496	   0	   0	   0	   0
  61	  70	 107	 116	   0	   0	1497	   0	   0	   0	   0
  93	 102	 136	 145	   0	   0	1498	   0	   0	   0	   0
 122	 122	 141	 150	   0	   0	1499	   0	   0	   0	   0
 123	 132	 142	 151	   0	   0	1500	   0	   0	   0	   0
 136	 136	 141	 150	   0	   0	1501	   0	   0	   0	   0
 137	 146	 136	 145	   0	   0	1502	   0	   0	   0	   0
 179	 180	 233	 239	   0	   0	1503	   0	   0	   0	   0
 180	 180	 207	 216	   0	   0	1504	   0	   0	   0	   0
 181	 190	 234	 239	   0	   0	1505	   0	   0	   0	   0
 236	 237	 109	 118	   0	   0	1506	   0	   0	   0	   0
 238	 238	 108	 117	   0	   0	1507	   0	   0	   0	   0
 239	 240	  97	 106	   0	   0	1508	   0	   0	   0	   0
 241	 242	  96	 105	   0	   0	1509	   0	   0	   0	   0
 243	 243	  95	 104	   0	   0	1510	   0	   0	   0	   0
 244	 245	  94	 103	   0	   0	1511	   0	   0	   0	   0
 246	 246	  93	 102	   0	   0	1512	   0	   0	   0	   0
 247	 247	 126	 135	   0	   0	1513	   0	   0	   0	   0
 249	 251	 207	 211	   0	   0	1514	   0	   0	   0	   0
 252	 252	 206	 212	   0	   0	1515	   0	   0	   0	   0
 253	 256	  51	  60	   0	   0	1516	   0	   0	   0	   0
   1	   4	  61	  70	   0	   0	1517	   0	   0	   0	   0
   6	  10	 112	 121	   0	   0	1518	   0	   0	   0	   0
  11	  11	 112	 112	   0	   0	1519	   0	   0	   0	   0
  18	  27	  61	  66	   0	   0	1520	   0	   0	   0	   0
  61	  61	 117	 125	   0	   0	1521	   0	   0	   0	   0
  93	 102	 146	 155	   0	   0	1522	   0	   0	   0	   0
 122	 122	 151	 160	   0	   0	1523	   0	   0	   0	   0
 123	 132	 152	 161	   0	   0	1524	   0	   0	   0	   0
 136	 136	 151	 160	   0	   0	1525	   0	   0	   0	   0
 137	 146	 146	 155	   0	   0	1526	   0	   0	   0	   0
 157	 157	 136	 137	   0	   0	1527	   0	   0	   0	   0
 158	 163	 136	 136	   0	   0	1528	   0	   0	   0	   0
 180	 180	 217	 226	   0	   0	1529	   0	   0	   0	   0
 213	 222	 206	 215	   0	   0	1530	   0	   0	   0	   0
 223	 223	 206	 212	   0	   0	1531	   0	   0	   0	   0
 224	 228	 206	 211	   0	   0	1532	   0	   0	   0	   0
 236	 237	 119	 128	   0	   0	1533	   0	   0	   0	   0
 238	 238	 118	 127	   0	   0	1534	   0	   0	   0	   0
 239	 240	 107	 116	   0	   0	1535	   0	   0	   0	   0
 241	 242	 106	 115	   0	   0	1536	   0	   0	   0	   0
 243	 243	 105	 114	   0	   0	1537	   0	   0	   0	   0
 244	 245	 104	 113	   0	   0	1538	   0	   0	   0	   0
 246	 246	 103	 112	   0	   0	1539	   0	   0	   0	   0
 247	 247	 136	 136	   0	   0	1540	   0	   0	   0	   0
 252	 252	 252	 256	   0	   0	1541	   0	   0	   0	   0
 253	 256	  61	  70	   0	   0	1542	   0	   0	   0	   0
   1	   5	  71	  80	   0	   0	1543	   0	   0	   0	   0
   6	  10	 122	 131	   0	   0	1544	   0	   0	   0	   0
  11	  11	 158	 167	   0	   0	1545	   0	   0	   0	   0
  23	  23	 158	 167	   0	   0	1546	   0	   0	   0	   0
  24	  33	 157	 166	   0	   0	1547	   0	   0	   0	   0
  61	  61	 156	 165	   0	   0	1548	   0	   0	   0	   0
  62	  71	 117	 126	   0	   0	1549	   0	   0	   0	   0
  93	 102	 156	 165	   0	   0	1550	   0	   0	   0	   0
 122	 122	 161	 170	   0	   0	1551	   0	   0	   0	   0
 123	 132	 162	 171	   0	   0	1552	   0	   0	   0	   0
 136	 136	 161	 170	   0	   0	1553	   0	   0	   0	   0
 137	 146	 156	 165	   0	   0	1554	   0	   0	   0	   0
 157	 157	 153	 162	   0	   0	1555	   0	   0	   0	   0
 158	 167	 154	 163	   0	   0	1556	   0	   0	   0	   0
 213	 213	 216	 217	   0	   0	1557	   0	   0	   0	   0
 214	 222	 216	 225	   0	   0	1558	   0	   0	   0	   0
 229	 229	 205	 211	   0	   0	1559	   0	   0	   0	   0
 230	 239	 204	 211	   0	   0	1560	   0	   0	   0	   0
 236	 237	 129	 136	   0	   0	1561	   0	   0	   0	   0
 238	 238	 128	 136	   0	   0	1562	   0	   0	   0	   0
 239	 240	 117	 126	   0	   0	1563	   0	   0	   0	   0
 241	 242	 116	 125	   0	   0	1564	   0	   0	   0	   0
 243	 243	 115	 124	   0	   0	1565	   0	   0	   0	   0
 244	 245	 114	 123	   0	   0	1566	   0	   0	   0	   0
 246	 246	 113	 122	   0	   0	1567	   0	   0	   0	   0
 253	 256	  71	  80	   0	   0	1568	   0	   0	   0	   0
   1	   5	  81	  90	   0	   0	1569	   0	   0	   0	   0
   6	  10	 132	 141	   0	   0	1570	   0	   0	   0	   0
  11	  11	 168	 176	   0	   0	1571	   0	   0	   0	   0
  23	  23	 168	 176	   0	   0	1572	   0	   0	   0	   0
  24	  33	 167	 176	   0	   0	1573	   0	   0	   0	   0
  61	  61	 166	 175	   0	   0	1574	   0	   0	   0	   0
  62	  71	 127	 136	   0	   0	1575	   0	   0	   0	   0
  93	 102	 166	 175	   0	   0	1576	   0	   0	   0	   0
 122	 122	 171	 176	   0	   0	1577	   0	   0	   0	   0
 123	 132	 172	 176	   0	   0	1578	   0	   0	   0	   0
 136	 136	 171	 176	   0	   0	1579	   0	   0	   0	   0
 137	 146	 166	 175	   0	   0	1580	   0	   0	   0	   0
 157	 157	 163	 172	   0	   0	1581	   0	   0	   0	   0
 158	 167	 164	 173	   0	   0	1582	   0	   0	   0	   0
 214	 222	 226	 235	   0	   0	1583	   0	   0	   0	   0
 239	 240	 127	 136	   0	   0	1584	   0	   0	   0	   0
 241	 242	 126	 135	   0	   0	1585	   0	   0	   0	   0
 243	 243	 125	 134	   0	   0	1586	   0	   0	   0	   0
 244	 245	 124	 133	   0	   0	1587	   0	   0	   0	   0
 246	 246	 123	 132	   0	   0	1588	   0	   0	   0	   0
 253	 256	  81	  90	   0	   0	1589	   0	   0	   0	   0
   1	   5	  91	 100	   0	   0	1590	   0	   0	   0	   0
   6	  10	 142	 151	   0	   0	1591	   0	   0	   0	   0
  11	  14	 222	 231	   0	   0	1592	   0	   0	   0	   0
  61	  61	 176	 176	   0	   0	1593	   0	   0	   0	   0
  62	  71	 137	 146	   0	   0	1594	   0	   0	   0	   0
  86	  86	 207	 212	   0	   0	1595	   0	   0	   0	   0
  93	 102	 176	 176	   0	   0	1596	   0	   0	   0	   0
 137	 146	 176	 176	   0	   0	1597	   0	   0	   0	   0
 214	 222	 236	 239	   0	   0	1598	   0	   0	   0	   0
 241	 242	 136	 136	   0	   0	1599	   0	   0	   0	   0
 243	 243	 135	 136	   0	   0	1600	   0	   0	   0	   0
 244	 245	 134	 136	   0	   0	1601	   0	   0	   0	   0
 246	 246	 133	 136	   0	   0	1602	   0	   0	   0	   0
 253	 256	  91	 100	   0	   0	1603	   0	   0	   0	   0
   1	   5	 101	 110	   0	   0	1604	   0	   0	   0	   0
   6	  10	 152	 161	   0	   0	1605	   0	   0	   0	   0
  11	  14	 232	 241	   0	   0	1606	   0	   0	   0	   0
  62	  71	 147	 156	   0	   0	1607	   0	   0	   0	   0
  79	  79	 217	 225	   0	   0	1608	   0	   0	   0	   0
  80	  85	 217	 226	   0	   0	1609	   0	   0	   0	   0
  86	  86	 233	 239	   0	   0	1610	   0	   0	   0	   0
  88	  88	 234	 237	   0	   0	1611	   0	   0	   0	   0
  89	  92	 234	 236	   0	   0	1612	   0	   0	   0	   0
 253	 256	 101	 110	   0	   0	1613	   0	   0	   0	   0
   1	   5	 111	 120	   0	   0	1614	   0	   0	   0	   0
   6	  10	 162	 171	   0	   0	1615	   0	   0	   0	   0
  11	  14	 242	 251	   0	   0	1616	   0	   0	   0	   0
  62	  71	 157	 166	   0	   0	1617	   0	   0	   0	   0
  80	  85	 227	 236	   0	   0	1618	   0	   0	   0	   0
  93	  93	 234	 237	   0	   0	1619	   0	   0	   0	   0
  94	 103	 234	 239	   0	   0	1620	   0	   0	   0	   0
 239	 239	 174	 179	   0	   0	1621	   0	   0	   0	   0
 240	 249	 174	 178	   0	   0	1622	   0	   0	   0	   0
 253	 256	 111	 120	   0	   0	1623	   0	   0	   0	   0
   1	   5	 121	 130	   0	   0	1624	   0	   0	   0	   0
   6	   9	 172	 181	   0	   0	1625	   0	   0	   0	   0
  10	  10	 172	 177	   0	   0	1626	   0	   0	   0	   0
  11	  15	 252	 256	   0	   0	1627	   0	   0	   0	   0
  62	  71	 167	 176	   0	   0	1628	   0	   0	   0	   0
  80	  85	 237	 239	   0	   0	1629	   0	   0	   0	   0
 253	 256	 121	 130	   0	   0	1630	   0	   0	   0	   0
   1	   5	 131	 140	   0	   0	1631	   0	   0	   0	   0
   6	   9	 182	 191	   0	   0	1632	   0	   0	   0	   0
  10	  10	 203	 205	   0	   0	1633	   0	   0	   0	   0
 253	 256	 131	 140	   0	   0	1634	   0	   0	   0	   0
   1	   5	 141	 150	   0	   0	1635	   0	   0	   0	   0
   6	   9	 192	 201	   0	   0	1636	   0	   0	   0	   0
  10	  10	 221	 230	   0	   0	1637	   0	   0	   0	   0
  69	  69	 221	 224	   0	   0	1638	   0	   0	   0	   0
  70	  79	 207	 216	   0	   0	1639	   0	   0	   0	   0
 253	 256	 141	 150	   0	   0	1640	   0	   0	   0	   0
   1	   5	 151	 160	   0	   0	1641	   0	   0	   0	   0
   6	   9	 202	 211	   0	   0	1642	   0	   0	   0	   0
  10	  10	 231	 240	   0	   0	1643	   0	   0	   0	   0
  70	  78	 217	 224	   0	   0	1644	   0	   0	   0	   0
 253	 256	 151	 160	   0	   0	1645	   0	   0	   0	   0
   1	   5	 161	 170	   0	   0	1646	   0	   0	   0	   0
   6	   9	 212	 221	   0	   0	1647	   0	   0	   0	   0
  10	  10	 241	 250	   0	   0	1648	   0	   0	   0	   0
 253	 256	 161	 170	   0	   0	1649	   0	   0	   0	   0
   1	   5	 171	 180	   0	   0	1650	   0	   0	   0	   0
   6	   9	 222	 231	   0	   0	1651	   0	   0	   0	   0
  10	  10	 251	 256	   0	   0	1652	   0	   0	   0	   0
 253	 256	 171	 180	   0	   0	1653	   0	   0	   0	   0
   1	   5	 181	 190	   0	   0	1654	   0	   0	   0	   0
   6	   9	 232	 241	   0	   0	1655	   0	   0	   0	   0
 253	 256	 181	 190	   0	   0	1656	   0	   0	   0	   0
   1	   5	 191	 200	   0	   0	1657	   0	   0	   0	   0
   6	   9	 242	 251	   0	   0	1658	   0	   0	   0	   0
 253	 256	 191	 200	   0	   0	1659	   0	   0	   0	   0
   1	   5	 201	 210	   0	   0	1660	   0	   0	   0	   0
   6	   9	 252	 256	   0	   0	1661	   0	   0	   0	   0
 253	 256	 201	 210	   0	   0	1662	   0	   0	   0	   0
   1	   5	 211	 220	   0	   0	1663	   0	   0	   0	   0
 253	 256	 211	 220	   0	   0	1664	   0	   0	   0	   0
   1	   5	 221	 230	   0	   0	1665	   0	   0	   0	   0
 253	 256	 221	 230	   0	   0	1666	   0	   0	   0	   0
   1	   5	 231	 240	   0	   0	1667	   0	   0	   0	   0
 253	 256	 231	 240	   0	   0	1668	   0	   0	   0	   0
   1	   5	 241	 250	   0	   0	1669	   0	   0	   0	   0
 253	 256	 241	 250	   0	   0	1670	   0	   0	   0	   0
   1	   5	 251	 256	   0	   0	1671	   0	   0	   0	   0
 253	 256	 251	 256	   0	   0	1672	   0	   0	   0	   0
  21	  30	 177	 177	   0	   0	1673	   0	   0	   0	   0
  21	  30	 203	 204	   0	   0	1674	   0	   0	   0	   0
  26	  35	 222	 225	   0	   0	1675	   0	   0	   0	   0
  33	  42	  67	  67	   0	   0	1676	   0	   0	   0	   0
  50	  58	   5	   5	   0	   0	1677	   0	   0	   0	   0
  60	  67	 177	 177	   0	   0	1678	   0	   0	   0	   0
  70	  74	  67	  67	   0	   0	1679	   0	   0	   0	   0
  71	  74	  25	  25	   0	   0	1680	   0	   0	   0	   0
  79	  88	 177	 177	   0	   0	1681	   0	   0	   0	   0
  87	  91	   5	   5	   0	   0	1682	   0	   0	   0	   0
  97	 106	 233	 233	   0	   0	1683	   0	   0	   0	   0
  97	 106	 207	 212	   0	   0	1684	   0	   0	   0	   0
 104	 113	 252	 252	   0	   0	1685	   0	   0	   0	   0
 104	 113	 234	 240	   0	   0	1686	   0	   0	   0	   0
 107	 108	  25	  25	   0	   0	1687	   0	   0	   0	   0
 107	 108	  70	  70	   0	   0	1688	   0	   0	   0	   0
 108	 118	   5	   5	   0	   0	1689	   0	   0	   0	   0
 130	 136	   5	   5	   0	   0	1690	   0	   0	   0	   0
 133	 135	 131	 131	   0	   0	1691	   0	   0	   0	   0
 133	 135	 116	 117	   0	   0	1692	   0	   0	   0	   0
 141	 150	 177	 177	   0	   0	1693	   0	   0	   0	   0
 149	 158	  70	  70	   0	   0	1694	   0	   0	   0	   0
 168	 174	 175	 175	   0	   0	1695	   0	   0	   0	   0
 169	 173	   5	   5	   0	   0	1696	   0	   0	   0	   0
 192	 201	 107	 107	   0	   0	1697	   0	   0	   0	   0
 193	 202	 190	 190	   0	   0	1698	   0	   0	   0	   0
 206	 215	   5	   5	   0	   0	1699	   0	   0	   0	   0
 222	 227	 190	 190	   0	   0	1700	   0	   0	   0	   0
 231	 234	  77	  77	   0	   0	1701	   0	   0	   0	   0
 235	 242	 212	 212	   0	   0	1702	   0	   0	   0	   0
 245	 248	 153	 153	   0	   0	1703	   0	   0	   0	   0
 245	 248	 137	 137	   0	   0	1704	   0	   0	   0	   0
  26	  35	 252	 256	   0	   0	1705	   0	   0	   0	   0
  50	  58	  61	  61	   0	   0	1706	   0	   0	   0	   0
 192	 201	 153	 153	   0	   0	1707	   0	   0	   0	   0
 222	 227	 205	 205	   0	   0	1708	   0	   0	   0	   0
 235	 242	 252	 252	   0	   0	1709	   0	   0	   0	   0
  33	  42	 156	 156	   0	   0	1710	   0	   0	   0	   0
  79	  88	 206	 206	   0	   0	1711	   0	   0	   0	   0
 193	 202	 233	 233	   0	   0	1712	   0	   0	   0	   0
 108	 118	  21	  21	   0	   0	1713	   0	   0	   0	   0
  60	  67	 221	 221	   0	   0	1714	   0	   0	   0	   0
  21	  30	 221	 221	   0	   0	1715	   0	   0	   0	   0
 169	 173	  31	  31	   0	   0	1716	   0	   0	   0	   0
 141	 150	 233	 233	   0	   0	1717	   0	   0	   0	   0
 107	 108	  45	  45	   0	   0	1718	   0	   0	   0	   0
  71	  74	  45	  45	   0	   0	1719	   0	   0	   0	   0
 168	 174	 233	 233	   0	   0	1720	   0	   0	   0	   0
  87	  91	  96	  96	   0	   0	1721	   0	   0	   0	   0
  70	  74	  96	  96	   0	   0	1722	   0	   0	   0	   0
 149	 158	  95	  95	   0	   0	1723	   0	   0	   0	   0
 130	 136	  95	  95	   0	   0	1724	   0	   0	   0	   0
 107	 108	  95	  95	   0	   0	1725	   0	   0	   0	   0
 206	 215	 103	 103	   0	   0	1726	   0	   0	   0	   0
 231	 234	 103	 103	   0	   0	1727	   0	   0	   0	   0
  28	  38	   1	  10	   0	   0	1728	   0	   0	   0	   0
  50	  59	   1	   4	   0	   0	1729	   0	   0	   0	   0
  85	  95	   1	   4	   0	   0	1730	   0	   0	   0	   0
 108	 117	   1	   4	   0	   0	1731	   0	   0	   0	   0
 160	 169	   1	   4	   0	   0	1732	   0	   0	   0	   0
 249	 256	   1	  10	   0	   0	1733	   0	   0	   0	   0
  28	  38	  11	  20	   0	   0	1734	   0	   0	   0	   0
  50	  59	  62	  66	   0	   0	1735	   0	   0	   0	   0
  71	  73	  46	  55	   0	   0	1736	   0	   0	   0	   0
 103	 112	  96	 105	   0	   0	1737	   0	   0	   0	   0
 108	 117	  22	  24	   0	   0	1738	   0	   0	   0	   0
 152	 157	  62	  69	   0	   0	1739	   0	   0	   0	   0
 205	 214	 104	 106	   0	   0	1740	   0	   0	   0	   0
 249	 251	  11	  14	   0	   0	1741	   0	   0	   0	   0
  28	  38	  21	  30	   0	   0	1742	   0	   0	   0	   0
  71	  73	  56	  65	   0	   0	1743	   0	   0	   0	   0
 103	 112	 106	 115	   0	   0	1744	   0	   0	   0	   0
  28	  38	  31	  40	   0	   0	1745	   0	   0	   0	   0
  71	  73	  66	  66	   0	   0	1746	   0	   0	   0	   0
 103	 112	 116	 125	   0	   0	1747	   0	   0	   0	   0
 147	 156	 116	 125	   0	   0	1748	   0	   0	   0	   0
 187	 196	 174	 183	   0	   0	1749	   0	   0	   0	   0
  28	  38	  41	  50	   0	   0	1750	   0	   0	   0	   0
  71	  80	  97	 106	   0	   0	1751	   0	   0	   0	   0
 103	 112	 126	 135	   0	   0	1752	   0	   0	   0	   0
 133	 135	 132	 141	   0	   0	1753	   0	   0	   0	   0
 147	 156	 126	 135	   0	   0	1754	   0	   0	   0	   0
 187	 196	 184	 189	   0	   0	1755	   0	   0	   0	   0
  28	  38	  51	  60	   0	   0	1756	   0	   0	   0	   0
  71	  80	 107	 116	   0	   0	1757	   0	   0	   0	   0
 103	 112	 136	 145	   0	   0	1758	   0	   0	   0	   0
 133	 135	 142	 151	   0	   0	1759	   0	   0	   0	   0
 147	 156	 136	 145	   0	   0	1760	   0	   0	   0	   0
 191	 200	 234	 239	   0	   0	1761	   0	   0	   0	   0
  28	  37	  61	  66	   0	   0	1762	   0	   0	   0	   0
 103	 112	 146	 155	   0	   0	1763	   0	   0	   0	   0
 133	 135	 152	 161	   0	   0	1764	   0	   0	   0	   0
 147	 156	 146	 155	   0	   0	1765	   0	   0	   0	   0
  34	  43	 157	 166	   0	   0	1766	   0	   0	   0	   0
  72	  81	 117	 126	   0	   0	1767	   0	   0	   0	   0
 103	 112	 156	 165	   0	   0	1768	   0	   0	   0	   0
 133	 135	 162	 171	   0	   0	1769	   0	   0	   0	   0
 147	 156	 156	 165	   0	   0	1770	   0	   0	   0	   0
 168	 177	 154	 163	   0	   0	1771	   0	   0	   0	   0
 240	 241	 204	 211	   0	   0	1772	   0	   0	   0	   0
  34	  43	 167	 176	   0	   0	1773	   0	   0	   0	   0
  72	  81	 127	 136	   0	   0	1774	   0	   0	   0	   0
 103	 112	 166	 175	   0	   0	1775	   0	   0	   0	   0
 133	 135	 172	 176	   0	   0	1776	   0	   0	   0	   0
 147	 156	 166	 175	   0	   0	1777	   0	   0	   0	   0
 168	 177	 164	 173	   0	   0	1778	   0	   0	   0	   0
  72	  81	 137	 146	   0	   0	1779	   0	   0	   0	   0
 103	 112	 176	 176	   0	   0	1780	   0	   0	   0	   0
 147	 155	 176	 176	   0	   0	1781	   0	   0	   0	   0
 168	 175	 174	 174	   0	   0	1782	   0	   0	   0	   0
  72	  81	 147	 156	   0	   0	1783	   0	   0	   0	   0
  72	  81	 157	 166	   0	   0	1784	   0	   0	   0	   0
 250	 251	 174	 178	   0	   0	1785	   0	   0	   0	   0
  72	  81	 167	 176	   0	   0	1786	   0	   0	   0	   0
  80	  85	 207	 216	   0	   0	1787	   0	   0	   0	   0
  31	  40	 177	 177	   0	   0	1788	   0	   0	   0	   0
  31	  40	 203	 204	   0	   0	1789	   0	   0	   0	   0
  36	  45	 222	 225	   0	   0	1790	   0	   0	   0	   0
  43	  52	  67	  67	   0	   0	1791	   0	   0	   0	   0
  89	  98	 177	 177	   0	   0	1792	   0	   0	   0	   0
 107	 116	 233	 233	   0	   0	1793	   0	   0	   0	   0
 107	 116	 207	 212	   0	   0	1794	   0	   0	   0	   0
 114	 123	 252	 252	   0	   0	1795	   0	   0	   0	   0
 114	 123	 234	 240	   0	   0	1796	   0	   0	   0	   0
 151	 156	 177	 177	   0	   0	1797	   0	   0	   0	   0
 159	 163	  70	  70	   0	   0	1798	   0	   0	   0	   0
 202	 211	 107	 107	   0	   0	1799	   0	   0	   0	   0
 203	 210	 190	 190	   0	   0	1800	   0	   0	   0	   0
 216	 219	   5	   5	   0	   0	1801	   0	   0	   0	   0
  36	  45	 252	 256	   0	   0	1802	   0	   0	   0	   0
 202	 211	 153	 153	   0	   0	1803	   0	   0	   0	   0
  43	  52	 156	 156	   0	   0	1804	   0	   0	   0	   0
  89	  98	 206	 206	   0	   0	1805	   0	   0	   0	   0
 203	 210	 233	 233	   0	   0	1806	   0	   0	   0	   0
  31	  40	 221	 221	   0	   0	1807	   0	   0	   0	   0
 151	 156	 233	 233	   0	   0	1808	   0	   0	   0	   0
 159	 163	  95	  95	   0	   0	1809	   0	   0	   0	   0
 216	 219	 103	 103	   0	   0	1810	   0	   0	   0	   0
  60	  67	   1	   4	   0	   0	1811	   0	   0	   0	   0
 118	 127	   1	   4	   0	   0	1812	   0	   0	   0	   0
 170	 179	   1	   4	   0	   0	1813	   0	   0	   0	   0
 113	 122	  96	 105	   0	   0	1814	   0	   0	   0	   0
 215	 224	 104	 106	   0	   0	1815	   0	   0	   0	   0
 113	 122	 106	 115	   0	   0	1816	   0	   0	   0	   0
 113	 121	 116	 125	   0	   0	1817	   0	   0	   0	   0
 157	 163	 116	 125	   0	   0	1818	   0	   0	   0	   0
 197	 206	 174	 183	   0	   0	1819	   0	   0	   0	   0
  81	  90	  97	 106	   0	   0	1820	   0	   0	   0	   0
 113	 121	 126	 135	   0	   0	1821	   0	   0	   0	   0
 157	 163	 126	 135	   0	   0	1822	   0	   0	   0	   0
 197	 206	 184	 189	   0	   0	1823	   0	   0	   0	   0
  81	  90	 107	 116	   0	   0	1824	   0	   0	   0	   0
 113	 121	 136	 145	   0	   0	1825	   0	   0	   0	   0
 201	 210	 234	 239	   0	   0	1826	   0	   0	   0	   0
  38	  39	  61	  66	   0	   0	1827	   0	   0	   0	   0
 113	 121	 146	 155	   0	   0	1828	   0	   0	   0	   0
  44	  53	 157	 166	   0	   0	1829	   0	   0	   0	   0
  82	  92	 117	 126	   0	   0	1830	   0	   0	   0	   0
 113	 121	 156	 165	   0	   0	1831	   0	   0	   0	   0
 178	 187	 154	 163	   0	   0	1832	   0	   0	   0	   0
  44	  53	 167	 176	   0	   0	1833	   0	   0	   0	   0
  82	  92	 127	 136	   0	   0	1834	   0	   0	   0	   0
 113	 121	 166	 175	   0	   0	1835	   0	   0	   0	   0
 178	 187	 164	 173	   0	   0	1836	   0	   0	   0	   0
  82	  92	 137	 146	   0	   0	1837	   0	   0	   0	   0
 113	 121	 176	 176	   0	   0	1838	   0	   0	   0	   0
  82	  92	 147	 156	   0	   0	1839	   0	   0	   0	   0
  82	  92	 157	 166	   0	   0	1840	   0	   0	   0	   0
  82	  92	 167	 176	   0	   0	1841	   0	   0	   0	   0
  41	  48	 177	 177	   0	   0	1842	   0	   0	   0	   0
  41	  48	 204	 204	   0	   0	1843	   0	   0	   0	   0
  46	  55	 222	 225	   0	   0	1844	   0	   0	   0	   0
  53	  58	  67	  67	   0	   0	1845	   0	   0	   0	   0
  99	 108	 177	 177	   0	   0	1846	   0	   0	   0	   0
 117	 126	 233	 233	   0	   0	1847	   0	   0	   0	   0
 117	 126	 207	 212	   0	   0	1848	   0	   0	   0	   0
 124	 133	 252	 252	   0	   0	1849	   0	   0	   0	   0
 124	 133	 234	 240	   0	   0	1850	   0	   0	   0	   0
 212	 221	 107	 107	   0	   0	1851	   0	   0	   0	   0
  46	  55	 252	 256	   0	   0	1852	   0	   0	   0	   0
 212	 221	 153	 153	   0	   0	1853	   0	   0	   0	   0
  53	  58	 156	 156	   0	   0	1854	   0	   0	   0	   0
  99	 108	 206	 206	   0	   0	1855	   0	   0	   0	   0
  41	  48	 203	 203	   0	   0	1856	   0	   0	   0	   0
  41	  48	 221	 221	   0	   0	1857	   0	   0	   0	   0
 128	 137	   1	   4	   0	   0	1858	   0	   0	   0	   0
 180	 189	   1	   4	   0	   0	1859	   0	   0	   0	   0
 123	 132	  96	 105	   0	   0	1860	   0	   0	   0	   0
 225	 234	 104	 106	   0	   0	1861	   0	   0	   0	   0
 123	 132	 106	 115	   0	   0	1862	   0	   0	   0	   0
 207	 216	 174	 183	   0	   0	1863	   0	   0	   0	   0
  91	  92	  97	 106	   0	   0	1864	   0	   0	   0	   0
 207	 216	 184	 189	   0	   0	1865	   0	   0	   0	   0
  91	  92	 107	 116	   0	   0	1866	   0	   0	   0	   0
 211	 212	 234	 239	   0	   0	1867	   0	   0	   0	   0
  54	  60	 157	 166	   0	   0	1868	   0	   0	   0	   0
 188	 197	 154	 163	   0	   0	1869	   0	   0	   0	   0
  54	  60	 167	 176	   0	   0	1870	   0	   0	   0	   0
 188	 197	 164	 173	   0	   0	1871	   0	   0	   0	   0
  56	  65	 222	 225	   0	   0	1872	   0	   0	   0	   0
 109	 118	 177	 177	   0	   0	1873	   0	   0	   0	   0
 127	 129	 233	 233	   0	   0	1874	   0	   0	   0	   0
 127	 129	 212	 212	   0	   0	1875	   0	   0	   0	   0
 134	 143	 252	 252	   0	   0	1876	   0	   0	   0	   0
 134	 143	 234	 240	   0	   0	1877	   0	   0	   0	   0
 222	 231	 107	 107	   0	   0	1878	   0	   0	   0	   0
  56	  65	 252	 256	   0	   0	1879	   0	   0	   0	   0
 222	 231	 153	 153	   0	   0	1880	   0	   0	   0	   0
 109	 118	 206	 206	   0	   0	1881	   0	   0	   0	   0
 190	 199	   1	   4	   0	   0	1882	   0	   0	   0	   0
 133	 142	  96	 105	   0	   0	1883	   0	   0	   0	   0
 133	 142	 106	 115	   0	   0	1884	   0	   0	   0	   0
 217	 226	 174	 183	   0	   0	1885	   0	   0	   0	   0
 217	 226	 184	 189	   0	   0	1886	   0	   0	   0	   0
 198	 207	 154	 163	   0	   0	1887	   0	   0	   0	   0
 198	 207	 164	 173	   0	   0	1888	   0	   0	   0	   0
 127	 128	 207	 211	   0	   0	1889	   0	   0	   0	   0
  66	  75	 225	 225	   0	   0	1890	   0	   0	   0	   0
 119	 129	 177	 177	   0	   0	1891	   0	   0	   0	   0
 144	 153	 252	 252	   0	   0	1892	   0	   0	   0	   0
 144	 153	 234	 240	   0	   0	1893	   0	   0	   0	   0
 232	 233	 107	 107	   0	   0	1894	   0	   0	   0	   0
  66	  75	 252	 256	   0	   0	1895	   0	   0	   0	   0
 232	 233	 153	 153	   0	   0	1896	   0	   0	   0	   0
 119	 129	 206	 206	   0	   0	1897	   0	   0	   0	   0
 200	 209	   1	   4	   0	   0	1898	   0	   0	   0	   0
 143	 152	  96	 105	   0	   0	1899	   0	   0	   0	   0
 143	 152	 106	 115	   0	   0	1900	   0	   0	   0	   0
  66	  68	 222	 224	   0	   0	1901	   0	   0	   0	   0
 227	 236	 174	 183	   0	   0	1902	   0	   0	   0	   0
 227	 236	 184	 189	   0	   0	1903	   0	   0	   0	   0
 208	 217	 154	 163	   0	   0	1904	   0	   0	   0	   0
 208	 217	 164	 173	   0	   0	1905	   0	   0	   0	   0
  76	  77	 225	 225	   0	   0	1906	   0	   0	   0	   0
 154	 163	 252	 252	   0	   0	1907	   0	   0	   0	   0
 154	 163	 234	 240	   0	   0	1908	   0	   0	   0	   0
  76	  77	 252	 252	   0	   0	1909	   0	   0	   0	   0
 210	 219	   1	   4	   0	   0	1910	   0	   0	   0	   0
 153	 163	  96	 105	   0	   0	1911	   0	   0	   0	   0
 153	 163	 106	 115	   0	   0	1912	   0	   0	   0	   0
 237	 238	 174	 183	   0	   0	1913	   0	   0	   0	   0
  76	  85	 253	 256	   0	   0	1914	   0	   0	   0	   0
 237	 238	 184	 189	   0	   0	1915	   0	   0	   0	   0
 218	 227	 154	 163	   0	   0	1916	   0	   0	   0	   0
 218	 227	 164	 173	   0	   0	1917	   0	   0	   0	   0
 164	 173	 252	 252	   0	   0	1918	   0	   0	   0	   0
 164	 173	 234	 240	   0	   0	1919	   0	   0	   0	   0
 220	 229	   1	   4	   0	   0	1920	   0	   0	   0	   0
  86	  95	 253	 256	   0	   0	1921	   0	   0	   0	   0
 228	 237	 154	 163	   0	   0	1922	   0	   0	   0	   0
 228	 237	 164	 173	   0	   0	1923	   0	   0	   0	   0
 174	 183	 252	 252	   0	   0	1924	   0	   0	   0	   0
 174	 183	 240	 240	   0	   0	1925	   0	   0	   0	   0
 230	 237	   1	   4	   0	   0	1926	   0	   0	   0	   0
  96	 105	 253	 256	   0	   0	1927	   0	   0	   0	   0
 238	 247	 154	 163	   0	   0	1928	   0	   0	   0	   0
 238	 247	 164	 173	   0	   0	1929	   0	   0	   0	   0
 174	 178	 234	 239	   0	   0	1930	   0	   0	   0	   0
 184	 193	 252	 252	   0	   0	1931	   0	   0	   0	   0
 184	 193	 240	 240	   0	   0	1932	   0	   0	   0	   0
 106	 115	 253	 256	   0	   0	1933	   0	   0	   0	   0
 248	 251	 154	 163	   0	   0	1934	   0	   0	   0	   0
 248	 251	 164	 173	   0	   0	1935	   0	   0	   0	   0
 194	 203	 252	 252	   0	   0	1936	   0	   0	   0	   0
 194	 203	 240	 240	   0	   0	1937	   0	   0	   0	   0
 116	 125	 253	 256	   0	   0	1938	   0	   0	   0	   0
 204	 213	 252	 252	   0	   0	1939	   0	   0	   0	   0
 204	 213	 240	 240	   0	   0	1940	   0	   0	   0	   0
 126	 135	 253	 256	   0	   0	1941	   0	   0	   0	   0
 214	 223	 252	 252	   0	   0	1942	   0	   0	   0	   0
 214	 223	 240	 240	   0	   0	1943	   0	   0	   0	   0
 136	 145	 253	 256	   0	   0	1944	   0	   0	   0	   0
 146	 155	 253	 256	   0	   0	1945	   0	   0	   0	   0
 156	 165	 253	 256	   0	   0	1946	   0	   0	   0	   0
 166	 175	 253	 256	   0	   0	1947	   0	   0	   0	   0
 176	 185	 253	 256	   0	   0	1948	   0	   0	   0	   0
 186	 195	 253	 256	   0	   0	1949	   0	   0	   0	   0
 196	 205	 253	 256	   0	   0	1950	   0	   0	   0	   0
 206	 215	 253	 256	   0	   0	1951	   0	   0	   0	   0
 216	 225	 253	 256	   0	   0	1952	   0	   0	   0	   0
 226	 235	 253	 256	   0	   0	1953	   0	   0	   0	   0
 236	 245	 253	 256	   0	   0	1954	   0	   0	   0	   0
 246	 251	 253	 256	   0	   0	1955	   0	   0	   0	   0
