# area of facets
364.000000
988.000000
133.000000
494.000000
299.000000
874.000000
38.000000
23.000000
874.000000
13.000000
247.000000
19.000000
10.000000
190.000000
19.000000
2.000000
38.000000
20.000000
38.000000
10.000000
190.000000
19.000000
930.000000
345.000000
1426.000000
15.000000
95.000000
3.000000
19.000000
2.000000
38.000000
19.000000
108.000000
684.000000
190.000000
190.000000
361.000000
13.000000
23.000000
2.000000
46.000000
1.000000
234.000000
414.000000
10.000000
19.000000
16.000000
304.000000
19.000000
3.000000
19.000000
17.000000
323.000000
30.000000
19.000000
10.000000
19.000000
10.000000
190.000000
45.000000
285.000000
30.000000
570.000000
19.000000
19.000000
70.000000
190.000000
133.000000
133.000000
70.000000
266.000000
13.000000
23.000000
15.000000
345.000000
23.000000
793.000000
1403.000000
5.000000
95.000000
19.000000
19.000000
5.000000
19.000000
23.000000
437.000000
5.000000
19.000000
15.000000
285.000000
75.000000
285.000000
15.000000
345.000000
23.000000
11.000000
23.000000
88.000000
184.000000
184.000000
860.000000
460.000000
989.000000
989.000000
1.000000
23.000000
23.000000
11.000000
23.000000
1.000000
23.000000
2.000000
46.000000
23.000000
1.000000
4.000000
46.000000
5.000000
19.000000
1.000000
19.000000
19.000000
2.000000
46.000000
23.000000
1.000000
10.000000
38.000000
1.000000
23.000000
23.000000
11.000000
23.000000
1430.000000
2990.000000
2990.000000
5.000000
95.000000
19.000000
5.000000
19.000000
23.000000
437.000000
2.000000
60.000000
228.000000
24.000000
228.000000
105.000000
95.000000
399.000000
5.000000
19.000000
5.000000
95.000000
2.000000
45.000000
171.000000
5.000000
19.000000
5.000000
95.000000
85.000000
323.000000
169.000000
806.000000
806.000000
806.000000
806.000000
13.000000
23.000000
7.000000
161.000000
20.000000
23.000000
338.000000
598.000000
5.000000
95.000000
19.000000
5.000000
19.000000
21.000000
399.000000
2.000000
15.000000
57.000000
50.000000
475.000000
5.000000
19.000000
11.000000
209.000000
19.000000
35.000000
133.000000
5.000000
95.000000
19.000000
30.000000
114.000000
5.000000
19.000000
9.000000
171.000000
2.000000
46.000000
23.000000
5.000000
19.000000
5.000000
95.000000
19.000000
105.000000
285.000000
133.000000
133.000000
34.000000
391.000000
75.000000
285.000000
28.000000
532.000000
19.000000
2.000000
28.000000
19.000000
13.000000
247.000000
15.000000
19.000000
224.000000
152.000000
5.000000
19.000000
2.000000
38.000000
30.000000
114.000000
2.000000
46.000000
23.000000
24.000000
46.000000
12.000000
23.000000
7.000000
161.000000
36.000000
69.000000
5.000000
19.000000
22.000000
418.000000
30.000000
2.000000
46.000000
23.000000
23.000000
20.000000
76.000000
1560.000000
988.000000
12.000000
23.000000
12.000000
276.000000
2.000000
23.000000
336.000000
644.000000
5.000000
19.000000
2.000000
38.000000
5.000000
19.000000
5.000000
19.000000
2.000000
38.000000
19.000000
10.000000
38.000000
5.000000
19.000000
2.000000
38.000000
19.000000
15.000000
57.000000
5.000000
19.000000
12.000000
228.000000
19.000000
120.000000
456.000000
12.000000
23.000000
1.000000
23.000000
13.000000
192.000000
368.000000
13.000000
299.000000
23.000000
5.000000
19.000000
2.000000
38.000000
13.000000
15.000000
57.000000
182.000000
247.000000
266.000000
5.000000
19.000000
1.000000
19.000000
19.000000
28.000000
644.000000
23.000000
11.000000
23.000000
5.000000
19.000000
2.000000
38.000000
19.000000
504.000000
414.000000
15.000000
57.000000
12.000000
23.000000
2.000000
46.000000
23.000000
5.000000
19.000000
2.000000
38.000000
19.000000
132.000000
253.000000
253.000000
10.000000
38.000000
5.000000
19.000000
1.000000
19.000000
19.000000
5.000000
19.000000
5.000000
19.000000
2.000000
38.000000
19.000000
30.000000
570.000000
19.000000
15.000000
19.000000
10.000000
38.000000
210.000000
266.000000
266.000000
5.000000
95.000000
19.000000
2.000000
38.000000
19.000000
10.000000
38.000000
5.000000
19.000000
1.000000
19.000000
19.000000
11.000000
253.000000
23.000000
12.000000
23.000000
5.000000
19.000000
22.000000
46.000000
5.000000
19.000000
2.000000
38.000000
19.000000
10.000000
38.000000
11.000000
23.000000
3.000000
69.000000
28.000000
33.000000
69.000000
5.000000
19.000000
2.000000
38.000000
19.000000
10.000000
38.000000
11.000000
23.000000
7.000000
161.000000
28.000000
5.000000
19.000000
35.000000
665.000000
19.000000
44.000000
253.000000
92.000000
112.000000
644.000000
92.000000
5.000000
19.000000
42.000000
798.000000
15.000000
19.000000
10.000000
95.000000
38.000000
52.000000
988.000000
682.000000
253.000000
1426.000000
10.000000
95.000000
2.000000
19.000000
304.000000
304.000000
361.000000
190.000000
190.000000
854.000000
11.000000
23.000000
11.000000
23.000000
2.000000
11.000000
23.000000
15.000000
285.000000
105.000000
95.000000
13.000000
299.000000
20.000000
22.000000
780.000000
988.000000
15.000000
19.000000
3.000000
3.000000
69.000000
3.000000
12.000000
276.000000
32.000000
368.000000
2.000000
6.000000
198.000000
414.000000
5.000000
95.000000
2.000000
38.000000
50.000000
2.000000
19.000000
44.000000
88.000000
24.000000
46.000000
4.000000
38.000000
42.000000
42.000000
12.000000
11.000000
23.000000
48.000000
276.000000
75.000000
70.000000
665.000000
55.000000
21.000000
57.000000
133.000000
1080.000000
684.000000
85.000000
425.000000
88.000000
270.000000
95.000000
95.000000
15.000000
61.000000
1403.000000
22.000000
46.000000
47.000000
378.000000
47.000000
15.000000
12.000000
456.000000
276.000000
874.000000
225.000000
56.000000
644.000000
2.000000
23.000000
2.000000
46.000000
23.000000
784.000000
13.000000
299.000000
10.000000
95.000000
10.000000
105.000000
95.000000
399.000000
15.000000
12.000000
69.000000
92.000000
84.000000
798.000000
1980.000000
13.000000
247.000000
17.000000
323.000000
270.000000
414.000000
15.000000
23.000000
570.000000
345.000000
874.000000
572.000000
34.000000
15.000000
57.000000
34.000000
238.000000
39.000000
35.000000
20.000000
75.000000
285.000000
120.000000
152.000000
20.000000
15.000000
19.000000
10.000000
95.000000
150.000000
7.000000
161.000000
30.000000
285.000000
38.000000
280.000000
43.000000
30.000000
570.000000
3.000000
57.000000
1054.000000
520.000000
598.000000
62.000000
21.000000
399.000000
77.000000
133.000000
11.000000
19.000000
234.000000
5.000000
95.000000
87.000000
14.000000
108.000000
228.000000
14.000000
14.000000
126.000000
266.000000
9.000000
19.000000
29.000000
171.000000
171.000000
25.000000
60.000000
70.000000
10.000000
95.000000
95.000000
20.000000
23.000000
595.000000
24.000000
4.000000
38.000000
33.000000
69.000000
11.000000
23.000000
44.000000
253.000000
92.000000
4.000000
38.000000
2.000000
19.000000
2.000000
38.000000
19.000000
124.000000
66.000000
114.000000
11.000000
209.000000
19.000000
340.000000
391.000000
20.000000
23.000000
40.000000
46.000000
20.000000
460.000000
23.000000
80.000000
40.000000
56.000000
38.000000
40.000000
56.000000
532.000000
15.000000
285.000000
1.000000
19.000000
1.000000
19.000000
15.000000
285.000000
25.000000
1.000000
19.000000
62.000000
8.000000
76.000000
62.000000
62.000000
6.000000
57.000000
2.000000
38.000000
60.000000
180.000000
240.000000
1.000000
19.000000
2.000000
19.000000
59.000000
118.000000
2.000000
38.000000
2.000000
38.000000
13.000000
247.000000
34.000000
22.000000
19.000000
550.000000
475.000000
22.000000
19.000000
22.000000
19.000000
374.000000
323.000000
22.000000
19.000000
198.000000
171.000000
22.000000
19.000000
264.000000
228.000000
22.000000
19.000000
22.000000
19.000000
44.000000
38.000000
84.000000
1260.000000
69.000000
27.000000
360.000000
22.000000
418.000000
192.000000
64.000000
2.000000
38.000000
90.000000
114.000000
762.000000
105.000000
616.000000
30.000000
570.000000
2.000000
19.000000
2.000000
38.000000
19.000000
4.000000
38.000000
82.000000
82.000000
2.000000
38.000000
288.000000
456.000000
12.000000
19.000000
168.000000
228.000000
266.000000
201.000000
2.000000
38.000000
3.000000
57.000000
65.000000
1.000000
19.000000
110.000000
1.000000
19.000000
1920.000000
80.000000
39.000000
57.000000
80.000000
160.000000
13.000000
247.000000
4.000000
38.000000
57.000000
57.000000
2.000000
38.000000
100.000000
90.000000
100.000000
90.000000
100.000000
90.000000
100.000000
90.000000
100.000000
90.000000
100.000000
90.000000
100.000000
90.000000
100.000000
90.000000
100.000000
90.000000
100.000000
90.000000
100.000000
90.000000
100.000000
90.000000
100.000000
90.000000
100.000000
90.000000
100.000000
90.000000
100.000000
90.000000
100.000000
90.000000
100.000000
90.000000
100.000000
90.000000
100.000000
90.000000
100.000000
90.000000
100.000000
90.000000
100.000000
90.000000
100.000000
90.000000
100.000000
90.000000
60.000000
54.000000
100.000000
90.000000
100.000000
90.000000
100.000000
90.000000
100.000000
90.000000
100.000000
90.000000
100.000000
90.000000
100.000000
90.000000
100.000000
90.000000
100.000000
90.000000
100.000000
90.000000
100.000000
90.000000
100.000000
90.000000
100.000000
90.000000
100.000000
90.000000
100.000000
90.000000
100.000000
90.000000
100.000000
90.000000
100.000000
90.000000
100.000000
90.000000
100.000000
90.000000
100.000000
90.000000
100.000000
90.000000
100.000000
90.000000
100.000000
90.000000
100.000000
90.000000
60.000000
54.000000
100.000000
90.000000
100.000000
90.000000
100.000000
90.000000
100.000000
90.000000
100.000000
90.000000
100.000000
90.000000
100.000000
90.000000
100.000000
90.000000
100.000000
90.000000
100.000000
90.000000
100.000000
90.000000
100.000000
90.000000
100.000000
90.000000
100.000000
90.000000
100.000000
90.000000
100.000000
90.000000
100.000000
90.000000
100.000000
90.000000
100.000000
90.000000
100.000000
90.000000
100.000000
90.000000
100.000000
90.000000
100.000000
90.000000
100.000000
90.000000
100.000000
90.000000
60.000000
54.000000
100.000000
90.000000
100.000000
90.000000
100.000000
90.000000
100.000000
90.000000
100.000000
90.000000
100.000000
90.000000
100.000000
90.000000
100.000000
90.000000
100.000000
90.000000
100.000000
90.000000
100.000000
90.000000
100.000000
90.000000
100.000000
90.000000
100.000000
90.000000
100.000000
90.000000
100.000000
90.000000
100.000000
90.000000
100.000000
90.000000
100.000000
90.000000
100.000000
90.000000
100.000000
90.000000
100.000000
90.000000
100.000000
90.000000
100.000000
90.000000
100.000000
90.000000
60.000000
54.000000
52.000000
6.500000
13.000000
10.000000
20.000000
13.000000
9.500000
1.000000
1.500000
2.000000
10.000000
1.000000
15.000000
40.000000
4.500000
1.000000
1.500000
1.000000
10.000000
10.000000
50.000000
1.000000
1.000000
10.000000
1.000000
15.500000
1.000000
1.000000
16.500000
1.000000
1.000000
9.000000
10.000000
30.000000
1.000000
10.000000
6.500000
7.000000
9.500000
1.000000
14.500000
1.000000
10.000000
5.000000
1.000000
22.000000
1.000000
14.000000
10.000000
14.500000
1.000000
1.000000
8.000000
7.000000
20.000000
10.000000
60.000000
6.000000
1.000000
1.500000
1.000000
2.000000
1.000000
1.000000
1.500000
1.000000
2.000000
1.000000
10.000000
9.500000
5.000000
1.000000
22.500000
10.000000
9.500000
5.000000
50.000000
1.000000
4.500000
8.500000
1.000000
4.000000
10.000000
13.000000
13.000000
10.000000
20.000000
1.000000
6.000000
1.000000
10.000000
4.500000
1.000000
20.000000
3.000000
9.500000
1.000000
10.500000
1.000000
6.500000
4.500000
1.000000
6.000000
1.000000
8.500000
1.500000
3.000000
1.000000
4.500000
15.000000
7.000000
6.500000
20.000000
10.000000
28.000000
1.000000
1.000000
12.500000
1.000000
7.500000
1.000000
1.000000
6.000000
1.000000
1.500000
1.000000
6.500000
3.000000
1.000000
21.500000
6.000000
1.000000
4.000000
9.500000
1.000000
11.500000
1.000000
10.000000
1.000000
1.500000
1.000000
1.000000
1.500000
1.000000
2.000000
1.000000
1.500000
1.000000
3.000000
1.000000
11.500000
1.000000
10.000000
1.000000
10.000000
13.000000
1.000000
1.000000
3.000000
13.000000
9.500000
1.000000
1.000000
1.000000
27.500000
1.000000
1.000000
1.000000
1.500000
10.000000
3.000000
1.000000
1.500000
1.000000
1.000000
1.500000
1.000000
10.500000
10.500000
2.000000
1.000000
1.000000
1.000000
1.000000
1.000000
1.500000
1.000000
29.500000
1.000000
1.000000
2.000000
10.000000
9.500000
5.000000
1.000000
1.500000
1.000000
1.500000
1.000000
1.000000
1.000000
10.500000
1.000000
1.000000
1.000000
2.000000
1.000000
1.500000
1.000000
2.000000
1.000000
2.500000
3.000000
1.000000
1.500000
1.000000
2.000000
1.000000
6.000000
1.000000
34.500000
11.000000
4.000000
28.000000
3.500000
1.000000
41.500000
1.000000
5.000000
2.000000
51.500000
11.000000
50.000000
5.000000
1.000000
16.000000
60.000000
10.000000
1.000000
1.000000
1.000000
14.500000
5.000000
12.500000
10.000000
1.000000
2.000000
11.500000
9.500000
10.000000
4.500000
1.500000
1.500000
1.500000
1.000000
12.000000
35.000000
3.000000
6.500000
9.500000
5.000000
9.500000
2.000000
12.000000
10.000000
1.000000
9.000000
1.000000
12.500000
5.000000
9.000000
40.000000
3.000000
3.500000
42.000000
12.500000
16.500000
10.000000
1.000000
15.000000
10.000000
2.000000
9.500000
8.000000
1.000000
7.000000
6.500000
15.000000
2.000000
30.000000
2.500000
10.000000
20.500000
7.000000
1.000000
5.000000
9.500000
10.000000
9.000000
5.000000
1.000000
3.000000
1.000000
11.000000
4.000000
2.000000
1.000000
2.000000
1.000000
6.000000
11.000000
1.000000
10.000000
1.000000
2.000000
20.000000
1.000000
1.000000
28.000000
10.000000
1.000000
1.000000
9.500000
1.000000
3.000000
2.500000
1.500000
9.000000
12.500000
10.000000
1.000000
1.000000
10.000000
1.000000
9.000000
1.000000
10.000000
1.000000
1.000000
1.500000
22.000000
6.000000
29.500000
1.000000
1.000000
1.500000
4.000000
10.000000
1.000000
12.000000
10.000000
2.500000
3.000000
2.000000
13.000000
1.500000
110.000000
5.000000
16.000000
5.000000
100.000000
5.000000
5.000000
50.000000
5.000000
40.000000
10.000000
5.000000
90.000000
5.000000
40.000000
5.000000
100.000000
40.000000
5.000000
24.000000
110.000000
100.000000
6.000000
100.000000
48.000000
9.000000
60.000000
100.000000
10.000000
80.000000
9.000000
10.000000
30.000000
1.000000
20.000000
10.000000
30.000000
10.000000
20.000000
10.000000
10.000000
4.000000
30.000000
1.000000
2.000000
9.000000
4.000000
10.000000
12.000000
8.000000
20.000000
10.000000
40.000000
5.000000
40.000000
40.000000
60.000000
88.000000
100.000000
100.000000
24.000000
100.000000
100.000000
18.000000
10.000000
30.000000
20.000000
2.000000
3.000000
2.000000
6.000000
4.000000
5.000000
5.000000
20.000000
10.000000
20.000000
20.000000
10.000000
20.000000
10.000000
10.000000
10.000000
40.000000
40.000000
60.000000
4.000000
100.000000
10.000000
100.000000
100.000000
2.000000
2.000000
100.000000
10.000000
30.000000
4.000000
100.000000
20.000000
20.000000
10.000000
20.000000
20.000000
10.000000
20.000000
10.000000
10.000000
10.000000
40.000000
40.000000
60.000000
100.000000
100.000000
100.000000
40.000000
10.000000
100.000000
10.000000
100.000000
4.000000
24.000000
60.000000
6.000000
20.000000
10.000000
20.000000
20.000000
10.000000
20.000000
10.000000
10.000000
7.000000
40.000000
40.000000
60.000000
100.000000
100.000000
100.000000
10.000000
100.000000
10.000000
100.000000
14.000000
10.000000
60.000000
20.000000
10.000000
20.000000
20.000000
10.000000
20.000000
10.000000
10.000000
15.000000
7.000000
40.000000
40.000000
50.000000
1.000000
60.000000
9.000000
100.000000
10.000000
100.000000
10.000000
100.000000
2.000000
6.000000
10.000000
100.000000
7.000000
30.000000
20.000000
10.000000
20.000000
20.000000
10.000000
20.000000
10.000000
1.000000
5.000000
40.000000
50.000000
50.000000
10.000000
10.000000
100.000000
10.000000
100.000000
100.000000
10.000000
100.000000
10.000000
100.000000
10.000000
100.000000
2.000000
90.000000
7.000000
80.000000
16.000000
9.000000
20.000000
20.000000
10.000000
20.000000
10.000000
40.000000
50.000000
50.000000
9.000000
9.000000
100.000000
10.000000
100.000000
100.000000
6.000000
50.000000
6.000000
100.000000
10.000000
100.000000
90.000000
20.000000
20.000000
10.000000
20.000000
10.000000
40.000000
50.000000
50.000000
40.000000
1.000000
100.000000
6.000000
10.000000
10.000000
36.000000
2.000000
2.000000
6.000000
4.000000
40.000000
50.000000
50.000000
40.000000
100.000000
9.000000
60.000000
7.000000
4.000000
12.000000
40.000000
50.000000
50.000000
40.000000
100.000000
60.000000
4.000000
60.000000
6.000000
50.000000
40.000000
50.000000
40.000000
6.000000
25.000000
100.000000
18.000000
40.000000
50.000000
40.000000
3.000000
40.000000
50.000000
40.000000
10.000000
4.000000
100.000000
40.000000
50.000000
40.000000
10.000000
72.000000
40.000000
50.000000
40.000000
10.000000
40.000000
50.000000
40.000000
6.000000
40.000000
50.000000
40.000000
40.000000
50.000000
40.000000
40.000000
50.000000
20.000000
40.000000
50.000000
40.000000
50.000000
40.000000
50.000000
40.000000
50.000000
40.000000
30.000000
24.000000
10.000000
20.000000
40.000000
10.000000
9.000000
8.000000
4.500000
4.000000
10.000000
5.000000
10.000000
60.000000
10.000000
70.000000
2.000000
1.500000
11.000000
7.000000
3.000000
6.000000
10.000000
10.000000
7.000000
5.000000
10.000000
10.000000
10.000000
6.000000
4.000000
7.500000
4.000000
4.000000
50.000000
9.000000
10.000000
6.000000
8.000000
10.000000
10.000000
10.000000
10.500000
8.000000
10.000000
4.500000
10.000000
1.500000
3.500000
7.000000
5.000000
5.000000
10.000000
7.000000
2.000000
10.000000
4.000000
110.000000
40.000000
44.000000
40.000000
40.000000
80.000000
110.000000
50.000000
30.000000
100.000000
30.000000
48.000000
30.000000
12.000000
110.000000
30.000000
100.000000
110.000000
3.000000
100.000000
100.000000
100.000000
110.000000
100.000000
100.000000
30.000000
100.000000
60.000000
110.000000
100.000000
100.000000
30.000000
100.000000
60.000000
60.000000
100.000000
30.000000
100.000000
100.000000
100.000000
100.000000
30.000000
100.000000
100.000000
16.000000
100.000000
100.000000
100.000000
15.000000
100.000000
100.000000
100.000000
10.000000
9.000000
8.000000
100.000000
100.000000
10.000000
100.000000
60.000000
10.000000
20.000000
40.000000
10.000000
10.000000
10.000000
60.000000
10.000000
70.000000
5.500000
4.500000
10.000000
8.000000
4.000000
50.000000
10.000000
10.000000
10.000000
8.000000
10.000000
6.000000
5.000000
4.000000
32.000000
40.000000
40.000000
100.000000
30.000000
100.000000
90.000000
70.000000
100.000000
100.000000
90.000000
70.000000
60.000000
100.000000
90.000000
60.000000
12.000000
90.000000
100.000000
110.000000
90.000000
100.000000
100.000000
110.000000
90.000000
100.000000
110.000000
9.000000
110.000000
110.000000
110.000000
8.000000
7.500000
40.000000
6.000000
10.000000
10.000000
60.000000
10.000000
70.000000
10.000000
50.000000
10.000000
6.000000
10.000000
7.500000
8.000000
40.000000
40.000000
100.000000
30.000000
100.000000
100.000000
20.000000
60.000000
20.000000
12.000000
70.000000
100.000000
70.000000
100.000000
40.000000
10.000000
3.000000
2.500000
10.000000
70.000000
10.000000
50.000000
10.000000
10.000000
40.000000
100.000000
100.000000
100.000000
60.000000
100.000000
100.000000
10.000000
10.000000
11.000000
10.000000
70.000000
2.000000
50.000000
2.000000
10.500000
40.000000
100.000000
100.000000
9.000000
100.000000
60.000000
100.000000
100.000000
2.000000
10.000000
70.000000
2.000000
40.000000
110.000000
110.000000
20.000000
40.000000
12.000000
100.000000
100.000000
10.000000
70.000000
40.000000
40.000000
100.000000
100.000000
10.000000
10.000000
32.000000
40.000000
100.000000
100.000000
30.000000
10.000000
10.000000
40.000000
40.000000
40.000000
10.000000
10.000000
40.000000
10.000000
10.000000
40.000000
10.000000
9.500000
40.000000
40.000000
40.000000
40.000000
40.000000
40.000000
40.000000
40.000000
40.000000
40.000000
40.000000
24.000000
