# net shortwave on facets [W/m2] (including reflections and diffusive)
2.904813e+02
5.730797e+01
7.889470e+01
2.903482e+02
9.966061e+01
1.591276e+02
2.904546e+02
9.333889e+01
2.448717e+01
2.903130e+02
9.011475e+01
8.778874e+01
2.905466e+02
7.029722e+01
8.507071e+01
2.903877e+02
6.121814e+01
2.905435e+02
8.630764e+01
2.905404e+02
1.285795e+02
8.747038e+01
2.904830e+02
1.007241e+02
9.309104e+01
2.903540e+02
1.388032e+02
2.903292e+02
1.432298e+02
2.894215e+02
1.106791e+02
1.157472e+02
2.901219e+02
1.245623e+02
2.904612e+02
1.043795e+02
7.516328e+01
2.901643e+02
1.554286e+02
2.904091e+02
2.276454e+01
2.903276e+02
2.900236e+02
1.637651e+02
2.904352e+02
7.127969e+01
2.900732e+02
1.007730e+02
7.742789e+01
2.898411e+02
1.157907e+02
2.893333e+02
1.476926e+02
2.890095e+02
1.212653e+02
2.904321e+02
7.146616e+01
2.904212e+02
1.043214e+02
2.896529e+02
1.071318e+02
2.889381e+02
1.755839e+02
1.222347e+02
1.451151e+02
2.904219e+02
1.071292e+02
7.063760e+01
7.261385e+01
2.902812e+02
9.892250e+01
2.899932e+02
1.684211e+02
2.902676e+02
1.320342e+02
6.385089e+01
2.892440e+02
1.734911e+02
2.904128e+02
6.811387e+01
7.605544e+01
7.530689e+01
2.902458e+02
8.521185e+01
2.898469e+02
8.000921e+01
2.904109e+02
7.503073e+01
2.903355e+02
9.084579e+01
2.903979e+02
7.274498e+01
2.903976e+02
1.037196e+02
1.358033e+02
2.904762e+02
6.944920e+01
2.904703e+02
6.937915e+01
1.143401e+02
2.902661e+02
9.277579e+01
1.066286e+02
8.134845e+01
2.904300e+02
6.904527e+01
8.591926e+01
2.904843e+02
6.955664e+01
2.904287e+02
8.601660e+01
2.904173e+02
6.323437e+01
8.841103e+01
2.904587e+02
2.904153e+02
8.204194e+01
2.903873e+02
7.070316e+01
2.873122e+02
1.090519e+02
1.375383e+02
2.904135e+02
8.993246e+01
9.581676e+01
2.904239e+02
2.904252e+02
7.093328e+01
2.904594e+02
9.749854e+01
8.917115e+01
2.904597e+02
7.024497e+01
2.904741e+02
7.572660e+01
1.098278e+02
2.903854e+02
4.749876e+01
7.111437e+01
2.901696e+02
6.573485e+01
2.894400e+02
9.741364e+01
2.886377e+02
2.901603e+02
8.313771e+01
2.884347e+02
1.017982e+02
2.903844e+02
3.458472e+01
7.084573e+01
2.902211e+02
6.588757e+01
2.897190e+02
6.791520e+01
2.882689e+02
2.901618e+02
6.330228e+01
2.903937e+02
6.992659e+01
2.902424e+02
4.996005e+01
2.903803e+02
7.227784e+01
2.907106e+02
1.586872e+02
1.817248e+02
1.513083e+02
1.793507e+02
2.889019e+02
1.702916e+02
2.900138e+02
6.120136e+01
2.903181e+02
7.665022e+01
2.890410e+02
1.659833e+02
2.903972e+02
8.717558e+01
7.495867e+01
2.903540e+02
9.531818e+01
2.891061e+02
6.715283e+01
2.882325e+02
2.903511e+02
8.771709e+01
2.884070e+02
1.044736e+02
2.904006e+02
1.033809e+02
2.894008e+02
4.313458e+01
6.450365e+01
2.903451e+02
9.518139e+01
2.904299e+02
6.622427e+01
7.522269e+01
2.903994e+02
7.324262e+01
2.904278e+02
7.221786e+01
2.899440e+02
1.249107e+02
2.888589e+02
1.183810e+02
1.594967e+02
2.904279e+02
7.187543e+01
2.900897e+02
8.248717e+01
6.759921e+01
2.853023e+02
1.370555e+02
1.275908e+02
1.133335e+02
2.889878e+02
1.553360e+02
2.904320e+02
7.199332e+01
2.897974e+02
7.334688e+01
5.253152e+01
2.887719e+02
2.898066e+02
1.011375e+02
2.862250e+02
1.072865e+02
2.860282e+02
1.287113e+02
2.898516e+02
4.836963e+01
2.904037e+02
7.032726e+01
2.901764e+02
4.063020e+01
2.904099e+02
7.011185e+01
2.893151e+02
1.629068e+02
1.515699e+02
2.899249e+02
1.377639e+02
2.899442e+02
1.364842e+02
2.901584e+02
3.906204e+01
2.899699e+02
1.591932e+02
2.904163e+02
6.997376e+01
2.890512e+02
5.749506e+01
2.881174e+02
2.903993e+02
8.632355e+01
7.592973e+01
5.980741e+01
2.904965e+02
7.001375e+01
2.896997e+02
1.027508e+02
2.899954e+02
1.502187e+02
2.902167e+02
3.816965e+01
2.904372e+02
7.628925e+01
2.901607e+02
1.589826e+02
2.904264e+02
6.982101e+01
2.895572e+02
3.422757e+01
2.904287e+02
7.008679e+01
2.905018e+02
6.990936e+01
2.890232e+02
8.927372e+01
1.051279e+02
2.904341e+02
6.999080e+01
2.904375e+02
6.993546e+01
2.893950e+02
5.624995e+01
7.918421e+01
2.905074e+02
7.003110e+01
2.904467e+02
7.014664e+01
2.893298e+02
7.257971e+01
6.289259e+01
2.904764e+02
7.115869e+01
2.903810e+02
1.600467e+02
2.903571e+02
8.453330e+01
2.904552e+02
2.903660e+02
1.583043e+02
2.904980e+02
1.134306e+02
1.297158e+02
2.905238e+02
7.049410e+01
2.901575e+02
8.304899e+01
2.901185e+02
2.905106e+02
7.063826e+01
2.902356e+02
1.244678e+02
1.117392e+02
2.905169e+02
7.098253e+01
2.902161e+02
7.421673e+01
5.519067e+01
2.905058e+02
1.024379e+02
1.038853e+02
2.905591e+02
6.939231e+01
2.905178e+02
7.114550e+01
2.902357e+02
8.557198e+01
6.300103e+01
2.905321e+02
1.055052e+02
2.905377e+02
7.155572e+01
2.904214e+02
1.523066e+02
2.904462e+02
7.961564e+01
7.967435e+01
2.905270e+02
7.238017e+01
2.903277e+02
1.056320e+02
9.977419e+01
2.905094e+02
9.288942e+01
1.361518e+02
2.905298e+02
7.319166e+01
2.905594e+02
7.405195e+01
2.903180e+02
1.054703e+02
9.730266e+01
2.905365e+02
7.459020e+01
2.905373e+02
7.505858e+01
2.903396e+02
9.475886e+01
9.083942e+01
2.902762e+02
1.233244e+02
1.096191e+02
2.900512e+02
1.194373e+02
2.905411e+02
7.572112e+01
2.901694e+02
1.159136e+02
1.159895e+02
2.905551e+02
1.093100e+02
7.651768e+01
2.904209e+02
8.897247e+01
9.387115e+01
2.905228e+02
1.064011e+02
2.905267e+02
1.097670e+02
2.903959e+02
7.148428e+01
1.032179e+02
2.905437e+02
1.143012e+02
1.465926e+02
2.904823e+02
5.772626e+01
2.905292e+02
1.152540e+02
2.904640e+02
1.453378e+02
2.905453e+02
1.085636e+02
2.904108e+02
1.175875e+02
7.135468e+01
2.905367e+02
1.116916e+02
2.905613e+02
1.444843e+02
2.905109e+02
6.634289e+01
2.905559e+02
2.904814e+02
1.428920e+02
2.905390e+02
1.132197e+02
2.904335e+02
5.795146e+01
7.368964e+01
2.905560e+02
1.137384e+02
2.905455e+02
1.407931e+02
2.905341e+02
7.893196e+01
2.905648e+02
2.905573e+02
1.189860e+02
2.904161e+02
9.623734e+01
8.370262e+01
2.905017e+02
9.269210e+01
1.354327e+02
2.905702e+02
8.561001e+01
8.504300e+01
2.905500e+02
1.070632e+02
2.903840e+02
1.026891e+02
2.902227e+02
1.047922e+02
2.905513e+02
7.484676e+01
9.984871e+01
2.904806e+02
1.448665e+02
2.905304e+02
1.000803e+02
7.153416e+01
2.894816e+02
1.129895e+02
2.895902e+02
1.126739e+02
2.901783e+02
1.131889e+02
7.985829e+01
2.904598e+02
1.142299e+02
2.898529e+02
2.905375e+02
6.975443e+01
2.904816e+02
6.960042e+01
2.904256e+02
2.905543e+02
6.987411e+01
2.903569e+02
6.153033e+01
2.903418e+02
3.544102e+01
2.895711e+02
1.540338e+02
2.901245e+02
2.899999e+02
2.893968e+02
1.256500e+02
2.879216e+02
1.245765e+02
2.901194e+02
2.901168e+02
3.645696e+01
2.900835e+02
2.904432e+02
1.181480e+02
2.903999e+02
9.246323e+01
2.903481e+02
2.900938e+02
2.905749e+02
6.964977e+01
2.905453e+02
1.068988e+02
2.903998e+02
8.311153e+01
2.904541e+02
2.904539e+02
7.648664e+01
2.904616e+02
2.904532e+02
2.904887e+02
5.989809e+01
2.904249e+02
7.218733e+01
2.904728e+02
2.904675e+02
2.904951e+02
2.905898e+02
6.972352e+01
2.905201e+02
8.747466e+01
2.904640e+02
2.904312e+02
6.917102e+01
2.904657e+02
2.904130e+02
5.915493e+01
8.900502e+01
2.895792e+02
1.257987e+02
2.901777e+02
2.902149e+02
2.902565e+02
2.903198e+02
2.904348e+02
1.166391e+02
2.900886e+02
2.900360e+02
8.400536e+01
2.904616e+02
6.990476e+01
2.896719e+02
2.894150e+02
2.895054e+02
2.896736e+02
2.902657e+02
2.904008e+02
9.384060e+01
1.756956e+01
2.903056e+02
2.905441e+02
7.684068e+01
2.904869e+02
7.687796e+01
2.904897e+02
1.108124e+02
1.480111e+02
2.904656e+02
2.903596e+02
9.562970e+01
2.905418e+02
7.117346e+01
2.903269e+02
2.902912e+02
3.764019e+01
5.051546e+01
2.905137e+02
2.905493e+02
8.819432e+01
5.923938e+01
2.903886e+02
6.996919e+01
2.899610e+02
2.892665e+02
1.763342e+02
2.903727e+02
9.571647e+01
2.903494e+02
6.187441e+01
2.904448e+02
6.024567e+01
2.904646e+02
9.350829e+01
6.848626e+01
2.898196e+02
2.903916e+02
2.897335e+02
3.864822e+01
2.900568e+02
2.902709e+02
2.900905e+02
2.895745e+02
2.902739e+02
2.901921e+02
6.311760e+01
2.866020e+02
1.237013e+02
2.903300e+02
2.870738e+02
1.246586e+02
2.905319e+02
7.013342e+01
2.905396e+02
2.905215e+02
7.330519e+01
2.902441e+02
7.478889e+01
1.014813e+02
2.903418e+02
2.902348e+02
2.901859e+02
9.126100e+01
2.888126e+02
1.156527e+02
2.897078e+02
2.902530e+02
7.583307e+01
2.897093e+02
2.890970e+02
7.940952e+01
2.894265e+02
6.982575e+01
2.894168e+02
7.200050e+01
2.900942e+02
2.897625e+02
8.373024e+01
2.901258e+02
2.899708e+02
2.899287e+02
7.236906e+01
2.900007e+02
2.901270e+02
2.901509e+02
7.458981e+01
2.902496e+02
7.391239e+01
2.903013e+02
2.903813e+02
1.168936e+02
2.902263e+02
2.901178e+02
2.902324e+02
2.902970e+02
2.903361e+02
1.170897e+02
2.902576e+02
7.704199e+01
2.897029e+02
2.905519e+02
2.905248e+02
6.920914e+01
2.905927e+02
6.984067e+01
2.905955e+02
7.002435e+01
2.905990e+02
8.594337e+01
6.974442e+01
2.896502e+02
1.127564e+02
2.897119e+02
1.120451e+02
2.897672e+02
9.573599e+01
1.125027e+02
2.898959e+02
2.894800e+02
7.184583e+01
2.896648e+02
8.137247e+01
7.007728e+01
2.902701e+02
7.592851e+01
2.903393e+02
7.426405e+01
2.903055e+02
7.420663e+01
2.903568e+02
8.476701e+01
7.443653e+01
2.904802e+02
2.904859e+02
2.904774e+02
5.908872e+01
2.905093e+02
2.904930e+02
6.909941e+01
2.876727e+02
1.357439e+02
2.884428e+02
1.319074e+02
2.885210e+02
1.311191e+02
2.890206e+02
1.233934e+02
2.896129e+02
2.903434e+02
9.031703e+01
2.900066e+02
2.895476e+02
3.687087e+01
2.900612e+02
2.904364e+02
2.903558e+02
7.584966e+01
2.903046e+02
7.716868e+01
2.904127e+02
2.904499e+02
2.900534e+02
2.888707e+02
7.020076e+01
2.903708e+02
1.008504e+02
2.904298e+02
2.904224e+02
2.889547e+02
6.017967e+01
2.895229e+02
7.902788e+01
2.883344e+02
1.214061e+02
2.884690e+02
2.878053e+02
9.241207e+01
2.868350e+02
1.160196e+02
2.861929e+02
1.251842e+02
2.861809e+02
1.232505e+02
2.860965e+02
1.257838e+02
2.868096e+02
1.314198e+02
2.862772e+02
1.318911e+02
2.865120e+02
1.324814e+02
2.875096e+02
1.349349e+02
2.875153e+02
1.348843e+02
2.875960e+02
1.325143e+02
2.877157e+02
1.246170e+02
2.894215e+02
2.896045e+02
2.895652e+02
2.890333e+02
2.893264e+02
2.903714e+02
8.723651e+01
2.903855e+02
2.903756e+02
2.892155e+02
8.019115e+01
2.874765e+02
1.278544e+02
2.893575e+02
2.886313e+02
2.876337e+02
2.872556e+02
1.270919e+02
2.891518e+02
1.065347e+02
2.889153e+02
5.333263e+01
1.064731e+02
2.891495e+02
9.359118e+01
2.899549e+02
2.898737e+02
2.889589e+02
4.789660e+01
2.897546e+02
6.434124e+01
2.900654e+02
6.573653e+01
2.902409e+02
1.380390e+02
6.696021e+01
2.900974e+02
2.893938e+02
3.954093e+01
2.902451e+02
5.208305e+01
2.903472e+02
2.894288e+02
3.453380e+01
2.904543e+02
2.891474e+02
7.228352e+01
2.901783e+02
2.901559e+02
2.894708e+02
7.584225e+01
2.899619e+02
2.901377e+02
2.891815e+02
4.298241e+01
2.903584e+02
8.892323e+01
2.904430e+02
2.904571e+02
2.890636e+02
7.081870e+01
6.281303e+01
1.126805e+02
8.767153e+01
1.152536e+02
4.327418e+01
9.423949e+01
4.358336e+01
9.591354e+01
4.375203e+01
9.559895e+01
4.424245e+01
9.480686e+01
4.838144e+01
9.888720e+01
7.169572e+01
1.204678e+02
9.837705e+01
1.272314e+02
1.013275e+02
1.289058e+02
1.020188e+02
1.292011e+02
1.095651e+02
1.360379e+02
1.011861e+02
1.278872e+02
1.005865e+02
1.269178e+02
1.026986e+02
1.275693e+02
1.207171e+02
1.409737e+02
1.320139e+02
1.481257e+02
1.271476e+02
1.397660e+02
1.000398e+02
1.163122e+02
9.131354e+01
1.097554e+02
9.277679e+01
1.116300e+02
9.054215e+01
1.090079e+02
1.002742e+02
1.188494e+02
1.087288e+02
1.260362e+02
1.017671e+02
1.213505e+02
9.904939e+01
1.193062e+02
6.239669e+01
9.482033e+01
5.799543e+01
8.960787e+01
3.944139e+01
6.984534e+01
3.860326e+01
6.922556e+01
3.823373e+01
6.895503e+01
3.850908e+01
6.882870e+01
3.865772e+01
6.872695e+01
3.870612e+01
6.858661e+01
3.825541e+01
6.843568e+01
3.901964e+01
6.844259e+01
3.928434e+01
6.840016e+01
3.924196e+01
6.817792e+01
3.889257e+01
6.789448e+01
4.014286e+01
6.823947e+01
4.729197e+01
7.394621e+01
9.084593e+01
1.147791e+02
1.014889e+02
1.230832e+02
9.440635e+01
1.123104e+02
5.457197e+01
6.730202e+01
4.400295e+01
5.682382e+01
5.073008e+01
6.693971e+01
4.350527e+01
5.762828e+01
4.057029e+01
5.360346e+01
4.119755e+01
5.452250e+01
4.326089e+01
5.958375e+01
4.535345e+01
7.067439e+01
9.701923e+01
1.227734e+02
6.861163e+01
1.069686e+02
5.131862e+01
8.239952e+01
4.981643e+01
8.092302e+01
4.918407e+01
8.069062e+01
5.048370e+01
8.080408e+01
4.983945e+01
8.077452e+01
4.843897e+01
8.042567e+01
4.889784e+01
8.010805e+01
5.078887e+01
8.187881e+01
5.149939e+01
8.276634e+01
5.104338e+01
8.283543e+01
5.351345e+01
8.299761e+01
5.366677e+01
8.318185e+01
5.306061e+01
8.338663e+01
5.518567e+01
8.328799e+01
5.396864e+01
8.288896e+01
5.218401e+01
8.292198e+01
5.435148e+01
8.326508e+01
5.393251e+01
8.323842e+01
5.333635e+01
8.311479e+01
5.246329e+01
8.283396e+01
4.810640e+01
7.974657e+01
4.691167e+01
7.852398e+01
4.990401e+01
8.391467e+01
4.774033e+01
9.128901e+01
5.639724e+01
8.960851e+01
8.670142e+01
1.095252e+02
9.550919e+01
1.171278e+02
8.000243e+01
1.134301e+02
5.211127e+01
7.509807e+01
4.299194e+01
6.812978e+01
4.953117e+01
7.824049e+01
5.829748e+01
8.513961e+01
3.905946e+01
6.944408e+01
4.707832e+01
7.545196e+01
4.229028e+01
6.901064e+01
4.161769e+01
6.794003e+01
4.319708e+01
6.945416e+01
5.322566e+01
8.165585e+01
5.880391e+01
9.407302e+01
4.770745e+01
7.285640e+01
4.430493e+01
6.925121e+01
4.351992e+01
6.881433e+01
4.304869e+01
6.853589e+01
4.326332e+01
6.881254e+01
4.377916e+01
6.916410e+01
4.334283e+01
6.889781e+01
4.455470e+01
7.014600e+01
5.533492e+01
8.658298e+01
6.294883e+01
9.843606e+01
6.057458e+01
9.178522e+01
9.732843e+01
5.477316e+01
1.117543e+02
1.975310e+02
1.363506e+01
9.094005e+01
6.051855e+01
6.975829e+01
6.357746e+01
6.690707e+01
1.648210e+02
7.695488e+01
9.110670e+01
6.660376e+01
1.832686e+02
1.909240e+02
9.499055e+01
1.089513e+02
1.634430e+02
1.006511e+02
7.643768e+01
2.156672e+02
1.692547e+01
2.349003e+02
5.473937e+01
1.304816e+02
1.535132e+02
1.747396e+02
1.725750e+02
1.267095e+02
5.328698e+01
9.276456e+01
1.570186e+02
2.260132e+02
1.882566e+02
1.046770e+02
5.716611e+01
5.415318e+01
1.449724e+02
2.266810e+02
1.196883e+02
1.129719e+02
2.355623e+02
6.980520e+01
6.279937e+01
7.420456e+01
5.826626e+01
7.434511e+01
7.008404e+01
7.399149e+01
1.307052e+02
6.364791e+01
5.452589e+01
7.949177e+01
8.661652e+01
8.605180e+01
6.152859e+01
8.187843e+01
5.463016e+01
6.763570e+01
6.656907e+01
6.933159e+01
4.928165e+01
1.332725e+02
8.140678e+01
7.436340e+01
4.934216e+01
6.905043e+01
7.008738e+01
1.048443e+02
2.669352e+01
5.956328e+01
1.279645e+02
7.870113e+01
1.175672e+02
2.670001e+01
5.436174e+01
4.889856e+01
6.238664e+01
4.279490e+01
5.570505e+01
3.748420e+01
6.534468e+01
1.510075e+02
2.170172e+02
1.502328e+02
2.255162e+02
2.297705e+02
4.880873e+01
1.053050e+02
2.295297e+02
1.203612e+02
6.249499e+01
7.427531e+01
1.394907e+02
1.542451e+02
1.454457e+02
3.624442e+01
6.515357e+01
9.006760e+01
5.507592e+01
6.110692e+01
5.501189e+01
5.476081e+01
8.477080e+01
1.224627e+02
2.214453e+02
5.537087e+01
5.956937e+01
1.387368e+02
1.266832e+02
9.789307e+01
2.172800e+02
7.268407e+01
7.497075e+01
3.404324e+01
4.088775e+01
9.945805e+01
1.248389e+02
3.493102e+01
5.445552e+01
2.653855e+01
5.320997e+01
2.188334e+02
1.859763e+02
1.889790e+02
2.858348e+01
1.953164e+02
5.330547e+01
4.281703e+01
7.957922e+01
7.985892e+01
5.311847e+01
1.176251e+02
2.004766e+02
3.250300e+01
7.820834e+01
2.326116e+02
5.313326e+01
3.031958e+01
5.308916e+01
5.309385e+01
7.713215e+01
7.915616e+01
5.309747e+01
5.313695e+01
5.052950e+01
6.916151e+01
5.320893e+01
5.589674e+01
7.087307e+01
8.317323e+01
5.327781e+01
2.163983e+02
2.083772e+02
1.660058e+02
5.589656e+01
4.755730e+01
5.333713e+01
1.767673e+02
1.131315e+02
5.341948e+01
6.793586e+01
6.203719e+01
1.024343e+02
1.630784e+02
6.978767e+01
5.353395e+01
6.825762e+01
1.552387e+02
5.381341e+01
2.034510e+02
6.238565e+01
6.694922e+01
5.435135e+01
8.046616e+01
8.239851e+01
6.799828e+01
1.341729e+02
5.489844e+01
5.563071e+01
8.187708e+01
9.025465e+01
5.626142e+01
5.659063e+01
8.579059e+01
9.564954e+01
1.757908e+02
1.798117e+02
1.263458e+02
5.874034e+01
1.337253e+02
1.588468e+02
1.368183e+02
6.638677e+01
8.092774e+01
9.025136e+01
1.533911e+02
1.559506e+02
7.301602e+01
8.790832e+01
1.151797e+02
2.118418e+02
5.521649e+01
1.577227e+02
2.052151e+02
1.547313e+02
7.641824e+01
8.358231e+01
1.562357e+02
2.021575e+02
5.465812e+01
1.993389e+02
1.572357e+02
4.566346e+01
7.795875e+01
1.575191e+02
1.947935e+02
1.047640e+02
1.576429e+02
9.255653e+01
6.346517e+01
1.318941e+02
5.851363e+01
8.009399e+01
1.308763e+02
1.032627e+02
1.035738e+02
5.626904e+01
7.231363e+01
2.140939e+02
8.070181e+01
6.798074e+01
1.062873e+02
1.091945e+02
1.147611e+02
9.604638e+01
1.130429e+02
5.451691e+01
5.470224e+01
5.811576e+01
4.050063e+01
2.996949e+01
1.955479e+02
1.118951e+02
1.308944e+02
2.580503e+01
1.057732e+02
7.011166e+01
8.309982e+01
1.551025e+02
7.777781e+01
5.218970e+01
7.202489e+01
5.395353e+01
5.742537e+01
6.344079e+01
6.211927e+01
6.602574e+01
1.119135e+02
1.158577e+02
9.838647e+01
5.545889e+01
7.902395e+01
1.222711e+02
9.151380e+01
1.905238e+02
1.640967e+02
6.411927e+01
5.290072e+01
5.595331e+01
5.451685e+01
5.337539e+01
4.001231e+01
7.139281e+01
2.157348e+02
9.087313e+01
7.688387e+01
7.645035e+01
7.722758e+01
6.475262e+01
2.897018e+01
6.609461e+01
1.229713e+02
1.238803e+02
6.086151e+01
5.734010e+01
5.922112e+01
9.974513e+01
9.617996e+01
1.549149e+02
8.719258e+01
7.032700e+01
7.095029e+01
6.743815e+01
6.698090e+01
8.564848e+01
8.823328e+01
1.164927e+02
1.164768e+02
1.031257e+02
5.236485e+01
5.010058e+01
5.171868e+01
4.792299e+01
1.096482e+02
1.071740e+02
1.048099e+02
1.139379e+02
6.541430e+01
6.478161e+01
7.718436e+01
1.031893e+02
6.983680e+01
6.855084e+01
6.301029e+01
5.347280e+01
4.773216e+01
5.772007e+01
1.422296e+02
1.240515e+02
1.228362e+02
1.251186e+02
9.298019e+01
2.944732e+01
7.272475e+01
7.346085e+01
7.267774e+01
1.396589e+02
1.151626e+02
1.224891e+02
1.218255e+02
1.337031e+02
1.269093e+02
1.264157e+02
1.275089e+02
1.436404e+02
1.252944e+02
1.226817e+02
1.154523e+02
8.394541e+01
1.246736e+02
1.148787e+02
8.236572e+01
9.152036e+01
7.284132e+01
5.434978e+01
5.905061e+01
7.972842e+01
1.890627e+02
9.022808e+01
4.469415e+01
3.758550e+01
5.287326e+01
3.919794e+01
8.255748e+01
8.132931e+01
7.369898e+01
8.828860e+01
8.855602e+01
1.362373e+02
8.727264e+01
7.391256e+01
8.879420e+01
6.184972e+01
6.138137e+01
5.017414e+01
7.008561e+01
7.331450e+01
6.029250e+01
6.630574e+01
7.910457e+01
1.008804e+02
1.379145e+02
1.414348e+02
7.947769e+01
1.826548e+02
2.029989e+02
1.707450e+02
9.006767e+01
1.247631e+02
1.167960e+02
9.018106e+01
1.698584e+02
4.151035e+01
9.229376e+01
7.599294e+01
7.134685e+01
7.996618e+01
6.241449e+01
3.705727e+01
1.444628e+02
1.278841e+02
9.230612e+01
9.793308e+01
7.883759e+01
7.269085e+01
9.943076e+01
5.914207e+01
6.334117e+01
7.080031e+01
9.649496e+01
1.149159e+02
1.532510e+02
1.583317e+02
1.615577e+02
1.654513e+02
1.626522e+02
1.594856e+02
7.771558e+01
6.752127e+01
5.270016e+01
7.789849e+01
2.150379e+02
2.103091e+02
1.427239e+02
7.243124e+01
2.483369e+02
8.316324e+01
8.738842e+01
6.401555e+01
6.113613e+01
4.836993e+01
1.754152e+02
1.611058e+02
8.294651e+01
7.993011e+01
7.459943e+01
9.527592e+01
1.866752e+02
1.798138e+02
1.803001e+02
1.499482e+02
9.753990e+01
9.482668e+01
9.420752e+01
8.465245e+01
9.862386e+01
1.091845e+02
5.255291e+01
4.396258e+01
9.081722e+01
8.808355e+01
2.095018e+02
1.408972e+02
2.588054e+02
1.012730e+02
2.407848e+02
2.345977e+02
2.323840e+02
7.180001e+01
6.610448e+01
2.206863e+02
2.207630e+02
1.060073e+02
1.860052e+02
1.881809e+02
1.553585e+02
9.862508e+01
9.673457e+01
9.250753e+01
9.119172e+01
9.788457e+01
1.171181e+02
5.162605e+01
4.650367e+01
9.449152e+01
2.104133e+02
1.494264e+02
2.632248e+02
9.704050e+01
1.695069e+02
1.735302e+02
2.458133e+02
2.388204e+02
6.637160e+01
7.049874e+01
2.035552e+02
1.532258e+02
1.885163e+02
1.895355e+02
1.633031e+02
1.064217e+02
1.041070e+02
1.017404e+02
9.829561e+01
9.488243e+01
1.090187e+02
4.939576e+01
5.569511e+01
9.511140e+01
2.075541e+02
2.238317e+02
2.515534e+02
2.327008e+02
2.428460e+02
2.526381e+02
2.476014e+02
8.131709e+01
2.915136e+01
1.109083e+02
1.842072e+02
1.868785e+02
1.806595e+02
1.234659e+02
1.211757e+02
1.185886e+02
1.148627e+02
9.692307e+01
6.532502e+01
5.813206e+01
5.243651e+01
5.997062e+01
9.639085e+01
9.315533e+01
1.950449e+02
2.212931e+02
2.492883e+02
2.566280e+02
2.546060e+02
2.528665e+02
2.497828e+02
1.911113e+02
1.082221e+02
4.810723e+01
1.031229e+02
1.089898e+02
1.028967e+02
1.754642e+02
1.791629e+02
1.899982e+02
1.323313e+02
1.070063e+02
1.048704e+02
1.007640e+02
6.882724e+01
5.344879e+01
5.183395e+01
9.119617e+01
9.187277e+01
1.547813e+02
1.496625e+02
1.518021e+02
2.347018e+02
2.421156e+02
2.547755e+02
2.459940e+02
2.437690e+02
2.433014e+02
2.467527e+02
1.814884e+02
1.693297e+02
1.635256e+02
1.185986e+02
1.012785e+02
8.174059e+01
1.733073e+02
1.731380e+02
1.822187e+02
1.280059e+02
1.031175e+02
1.029145e+02
1.020404e+02
5.268653e+01
1.453207e+02
9.530050e+01
2.130213e+02
2.112478e+02
2.120849e+02
2.276440e+02
2.379762e+02
2.424383e+02
2.345394e+02
2.319673e+02
2.284428e+02
2.325895e+02
2.360814e+02
2.275455e+02
1.257017e+02
1.724985e+02
1.188632e+02
9.446863e+01
9.530872e+01
9.480034e+01
4.616300e+01
1.489380e+02
9.375578e+01
9.309523e+01
2.180983e+02
2.366843e+02
1.115515e+02
2.494091e+02
2.205088e+02
1.011602e+02
1.167472e+02
8.133773e+01
8.823021e+01
8.914072e+01
5.319147e+01
1.498871e+02
1.118925e+02
9.616819e+01
2.400853e+02
1.309060e+02
1.101704e+02
8.028167e+01
7.509361e+01
8.713867e+01
5.318170e+01
1.540354e+02
1.820450e+02
8.906804e+01
2.418288e+02
8.323124e+01
8.954930e+01
8.109739e+01
2.191036e+02
1.818557e+02
5.220109e+01
1.487887e+02
1.827848e+02
2.087374e+02
8.373125e+01
2.293398e+02
7.723949e+01
4.758071e+01
1.483737e+02
9.999185e+01
8.402436e+01
5.219617e+01
1.516722e+02
8.346028e+01
1.232596e+02
1.622582e+02
1.229208e+02
5.977894e+01
1.629449e+02
8.500713e+01
1.254519e+02
1.769184e+02
9.718971e+01
1.843056e+02
8.625631e+01
9.353712e+01
1.092548e+02
1.915519e+02
1.227551e+02
8.544886e+01
1.012230e+02
1.282374e+02
1.386211e+02
6.417014e+01
1.097312e+02
1.195778e+02
5.515381e+01
1.105687e+02
1.074025e+02
5.921186e+01
1.114098e+02
5.873684e+01
1.308886e+02
5.084929e+01
1.782817e+02
5.245655e+01
1.710456e+02
5.090551e+01
1.638247e+02
5.221210e+01
2.321954e+02
6.338410e+01
6.786273e+01
9.915250e+01
6.103747e+01
2.120435e+02
1.011079e+02
6.933903e+01
2.258717e+02
7.305690e+01
6.424279e+01
6.159771e+01
1.260468e+02
1.021200e+02
5.356627e+01
6.799255e+01
8.361023e+01
5.624767e+01
1.639672e+02
2.208276e+02
2.228121e+02
1.625175e+02
2.111870e+02
7.758674e+01
7.510316e+01
2.277065e+02
8.764118e+01
2.197281e+02
1.602381e+02
5.627597e+01
1.084108e+02
8.212034e+01
6.797007e+01
8.271730e+01
1.265457e+02
9.198215e+01
4.566055e+01
1.121610e+02
8.606744e+01
8.290449e+01
7.777436e+01
5.511422e+01
8.969135e+01
5.942817e+01
8.184499e+01
6.233354e+01
6.488431e+01
7.288567e+01
1.489178e+02
1.383094e+02
1.391183e+02
1.222015e+02
1.285564e+02
9.802851e+01
1.020815e+02
1.101559e+02
6.289744e+01
5.011199e+01
5.865564e+01
6.254409e+01
8.519259e+01
1.456179e+02
1.061021e+02
7.573932e+01
1.691814e+02
4.519876e+01
1.167921e+02
6.842592e+01
1.074088e+02
1.521052e+02
8.100219e+01
2.459082e+02
1.532188e+02
8.059695e+01
2.543118e+02
2.303526e+02
2.318336e+02
1.517995e+02
1.644046e+02
2.468682e+02
2.304556e+02
2.316559e+02
2.155945e+02
1.465347e+02
2.416416e+02
1.930877e+02
2.538819e+02
2.175686e+02
7.978245e+01
1.360392e+02
2.050300e+02
2.531915e+02
1.800725e+02
1.542819e+02
2.544387e+02
   254
2.422978e+02
2.278299e+02
1.643389e+02
5.942305e+01
2.131477e+02
2.563749e+02
2.343453e+02
2.254773e+02
2.286154e+02
2.288477e+02
2.563688e+02
2.286445e+02
2.136897e+02
2.155571e+02
2.554190e+02
2.495869e+02
1.112322e+02
2.320036e+02
1.159657e+02
2.121340e+02
2.471258e+01
5.578204e+01
9.666051e+01
2.225453e+02
7.551321e+01
6.954348e+01
7.192146e+01
8.099468e+01
1.859785e+02
7.114865e+01
1.071370e+02
2.111413e+02
5.749094e+01
5.192265e+01
1.641321e+02
1.254369e+02
7.011819e+01
6.177998e+01
6.185116e+01
9.684325e+01
9.723130e+01
7.211506e+01
5.219350e+01
5.921294e+01
6.129897e+01
1.673916e+02
7.283032e+01
2.412312e+02
2.276649e+02
1.559893e+02
2.353559e+02
1.724055e+02
1.800040e+02
1.494158e+02
2.201169e+02
2.488404e+02
1.894025e+02
8.795071e+01
1.124091e+02
2.465496e+02
1.552575e+02
2.597286e+02
2.533084e+02
1.659957e+02
2.180563e+02
2.631859e+02
2.378619e+02
2.344170e+02
2.631925e+02
2.224097e+02
2.606982e+02
2.527158e+02
2.360739e+02
2.134057e+02
1.386025e+01
5.864996e+01
1.493669e+02
2.269163e+02
1.037472e+02
5.984146e+01
1.367759e+02
1.252072e+02
7.819163e+01
5.669691e+01
1.359785e+02
1.244353e+02
6.955006e+01
1.392658e+01
7.256821e+01
6.297289e+01
6.103933e+01
1.635606e+02
1.016022e+02
2.311201e+02
2.351733e+02
1.735414e+02
2.214910e+02
2.506836e+02
1.853378e+02
2.101154e+02
1.679174e+02
2.234937e+02
2.380293e+02
1.053947e+02
2.663740e+02
1.027536e+02
5.156653e+01
5.786769e+01
7.135015e+01
1.119825e+02
8.444823e+01
1.379348e+02
1.203460e+02
6.092973e+01
1.604566e+02
2.331188e+02
2.315303e+02
2.170678e+02
1.638358e+02
2.393058e+02
4.457581e+01
1.652627e+02
2.318887e+02
8.717935e+01
6.669440e+01
1.569642e+02
4.041538e+01
1.153313e+02
6.901961e+01
6.331488e+01
1.550687e+02
2.290341e+02
1.405437e+02
2.095830e+02
1.779756e+02
1.634779e+02
2.386858e+02
1.639894e+02
1.376760e+02
1.243873e+02
4.833869e+01
5.981655e+01
1.252698e+02
1.556387e+02
1.871862e+02
5.519477e+01
1.070512e+02
1.663188e+02
2.357389e+02
8.710650e+01
6.751888e+01
6.234781e+01
5.934933e+01
1.613372e+02
2.292907e+02
5.777810e+01
7.567625e+01
5.703579e+01
6.207598e+01
1.528580e+02
2.167514e+02
5.540602e+01
1.368233e+02
1.470355e+02
4.737186e+01
1.287970e+02
1.479697e+02
7.209039e+01
8.972247e+01
4.953130e+01
1.261206e+02
1.975762e+02
1.125549e+02
6.978064e+01
1.199497e+02
5.274733e+01
8.492465e+01
1.164209e+02
7.052488e+01
6.740318e+01
1.115921e+02
5.776379e+01
9.457314e+01
4.539779e+01
5.598679e+01
5.368377e+01
8.349916e+01
