# sky view factors
0.998195
0.124480
0.176329
0.997242
0.266936
0.378061
0.998054
0.267975
0.017410
0.996935
0.211170
0.174978
0.998689
0.169773
0.111795
0.997463
0.096772
0.998664
0.112335
0.998639
0.269018
0.112768
0.998279
0.294465
0.178035
0.997191
0.239593
0.996995
0.272643
0.990089
0.216692
0.267922
0.995340
0.254427
0.997988
0.280359
0.120235
0.995848
0.329047
0.997718
0.062076
0.997096
0.994784
0.364120
0.997771
0.114676
0.994897
0.180837
0.120715
0.993084
0.235978
0.989278
0.305392
0.986870
0.250337
0.997745
0.114554
0.997643
0.198384
0.991559
0.212040
0.986316
0.375159
0.250229
0.210034
0.997660
0.268866
0.124635
0.114562
0.996526
0.169052
0.994574
0.368136
0.996652
0.349476
0.093160
0.988968
0.385545
0.997575
0.136927
0.178944
0.114610
0.996229
0.189396
0.993027
0.189324
0.997559
0.114326
0.996950
0.267625
0.997444
0.120701
0.997642
0.215069
0.348043
0.998235
0.212702
0.998192
0.211847
0.280327
0.996670
0.253357
0.349733
0.115590
0.997890
0.099811
0.204618
0.998302
0.211870
0.997880
0.207659
0.997794
0.093576
0.099066
0.998111
0.997780
0.058786
0.997349
0.114450
0.973227
0.193090
0.365615
0.997766
0.114281
0.142605
0.997845
0.997663
0.114646
0.998111
0.148971
0.117236
0.998114
0.212747
0.998207
0.238633
0.274486
0.997329
0.099211
0.114677
0.995565
0.092373
0.989645
0.172643
0.983188
0.995472
0.194728
0.981429
0.183811
0.997304
0.050333
0.118766
0.995919
0.103693
0.991821
0.151642
0.979950
0.995453
0.090879
0.997365
0.114495
0.996107
0.118498
0.997252
0.116962
1.000000
0.527118
0.503013
0.476372
0.489205
0.986478
0.368221
0.994790
0.123894
0.997065
0.142335
0.987428
0.391506
0.997389
0.121546
0.114684
0.997028
0.142326
0.986610
0.118191
0.979314
0.997003
0.103374
0.980740
0.236261
0.997416
0.200927
0.989066
0.064302
0.112569
0.996952
0.258485
0.997660
0.146425
0.114667
0.997406
0.114498
0.997641
0.115270
0.993597
0.387065
0.985833
0.229406
0.329868
0.997642
0.114339
0.994815
0.218035
0.103663
0.956515
0.349457
0.323881
0.230567
0.986551
0.317993
0.997675
0.120703
0.992366
0.177392
0.064853
0.983772
0.992442
0.338806
0.962329
0.255946
0.962238
0.339458
0.992817
0.048435
0.997438
0.114994
0.995535
0.067375
0.997488
0.114592
0.988998
0.353907
0.301391
0.993870
0.200528
0.994014
0.186733
0.995710
0.052624
0.994206
0.354070
0.997542
0.114261
0.986081
0.068027
0.978264
0.997593
0.265768
0.145150
0.040761
0.998212
0.114698
0.991591
0.201455
0.994397
0.281163
0.996155
0.054047
0.997875
0.145623
0.995656
0.335733
0.997627
0.113718
0.990334
0.049255
0.997646
0.115205
0.998255
0.114197
0.985845
0.228771
0.332120
0.997691
0.114594
0.997719
0.114201
0.988971
0.056879
0.199550
0.998302
0.114598
0.997796
0.115029
0.988423
0.160075
0.073384
0.998043
0.119216
0.997412
0.344057
0.997197
0.168900
0.997990
0.997246
0.343847
0.998348
0.187029
0.294384
0.998439
0.114439
0.995372
0.191023
0.995045
0.998329
0.114148
0.996026
0.248474
0.271815
0.998380
0.114655
0.995863
0.112940
0.000000
0.998381
0.304206
0.158420
0.998809
0.211790
0.998389
0.114629
0.996026
0.175152
0.083814
0.998583
0.221155
0.998555
0.114015
0.997681
0.324474
0.997887
0.154490
0.175562
0.998466
0.114183
0.996801
0.294821
0.291516
0.998406
0.287826
0.274678
0.998489
0.114026
0.998738
0.113891
0.996717
0.279468
0.263676
0.998545
0.113890
0.998552
0.113815
0.996898
0.225132
0.216839
0.996433
0.222543
0.199068
0.994748
0.311624
0.998583
0.113636
0.995676
0.311982
0.207406
0.998702
0.223640
0.113480
0.997578
0.200661
0.239378
0.998431
0.157385
0.998463
0.178955
0.997367
0.114197
0.309051
0.998678
0.265705
0.312734
0.998162
0.086489
0.998484
0.215360
0.998002
0.310081
0.998620
0.180059
0.997494
0.397953
0.127257
0.998546
0.202568
0.998790
0.308795
0.998397
0.149056
0.998769
0.998142
0.306153
0.998565
0.215008
0.997683
0.036648
0.130112
0.998707
0.222479
0.998678
0.301652
0.998584
0.181414
0.998839
0.998719
0.262134
0.997541
0.268081
0.179176
0.998304
0.211949
0.315284
0.998880
0.213404
0.141952
0.998657
0.222664
0.997297
0.277808
0.996139
0.270758
0.998669
0.113162
0.217146
0.998170
0.302374
0.998639
0.290249
0.216763
0.990547
0.249275
0.991382
0.251297
0.995753
0.291011
0.130283
0.997964
0.310666
0.993564
0.998695
0.212644
0.998281
0.211402
0.997857
0.998825
0.211405
0.997099
0.159973
0.996952
0.034325
0.991060
0.305255
0.995449
0.994472
0.989336
0.325757
0.977294
0.310740
0.995385
0.995373
0.081040
0.995119
0.997885
0.266102
0.997525
0.248894
0.997123
0.995191
0.998930
0.214264
0.998619
0.159527
0.997401
0.197780
0.997855
0.997854
0.180630
0.997918
0.997848
0.998213
0.108342
0.997612
0.119154
0.998011
0.997967
0.998264
0.999044
0.210925
0.998463
0.212412
0.997940
0.997668
0.117272
0.998059
0.997678
0.115632
0.266665
0.991272
0.336072
0.995877
0.996166
0.996487
0.997054
0.997804
0.313658
0.995292
0.994940
0.250149
0.998129
0.212404
0.991515
0.989284
0.989982
0.992247
0.996624
0.997646
0.266781
0.017374
0.996619
0.998703
0.148238
0.998243
0.138024
0.998265
0.164747
0.594150
0.998036
0.997290
0.326815
0.998589
0.113794
0.996809
0.996535
0.040097
0.087852
0.998413
0.998709
0.212166
0.133893
0.997344
0.120079
0.994171
0.988863
0.432000
0.997377
0.257895
0.997271
0.094658
0.997980
0.092298
0.998134
0.266667
0.138330
0.993299
0.997344
0.991847
0.047164
0.994545
0.996332
0.994824
0.991274
0.996356
0.995669
0.185241
0.966525
0.304254
0.996824
0.970429
0.313219
0.998507
0.117422
0.998631
0.998485
0.160026
0.996308
0.114776
0.256460
0.997133
0.996335
0.995960
0.214180
0.984589
0.226078
0.991637
0.996561
0.146887
0.991647
0.986721
0.195298
0.989279
0.131299
0.989192
0.137278
0.994854
0.992078
0.150135
0.995123
0.993894
0.993575
0.167628
0.994190
0.995275
0.995486
0.163024
0.996305
0.146530
0.996702
0.997373
0.309383
0.995957
0.995103
0.996135
0.996666
0.996994
0.312573
0.996556
0.145843
0.992194
0.998675
0.998447
0.114718
0.999067
0.209583
0.999089
0.208826
0.999116
0.208733
0.206868
0.991844
0.255283
0.992319
0.254233
0.992744
0.212641
0.260456
0.993385
0.989720
0.136150
0.991261
0.133969
0.131510
0.996620
0.146706
0.997161
0.142951
0.996869
0.141894
0.997250
0.219320
0.142013
0.998074
0.998122
0.998051
0.095699
0.998317
0.998181
0.116535
0.975972
0.357028
0.982140
0.340298
0.982762
0.336270
0.986727
0.299683
0.991339
0.997146
0.225295
0.994111
0.990263
0.060352
0.994567
0.997707
0.997037
0.155011
0.996605
0.140883
0.997509
0.997820
0.994502
0.984598
0.145549
0.997160
0.289531
0.997652
0.997590
0.985305
0.085345
0.990068
0.212408
0.980048
0.304519
0.981230
0.975653
0.187639
0.967570
0.288063
0.962271
0.309766
0.962181
0.295374
0.961495
0.301778
0.967677
0.334273
0.963526
0.335839
0.965725
0.336467
0.973857
0.350714
0.974301
0.353482
0.974972
0.340484
0.975964
0.322010
0.989629
0.991140
0.990840
0.986675
0.989044
0.997352
0.228351
0.997281
0.997198
0.987492
0.217321
0.973710
0.336671
0.988664
0.982556
0.974169
0.971023
0.347859
0.986915
0.335862
0.984931
0.070703
0.329810
0.986907
0.296948
0.993676
0.992992
0.985307
0.071704
0.991996
0.085528
0.994606
0.093306
0.996083
0.321557
0.089589
0.994868
0.988961
0.065231
0.996109
0.000351
0.996960
0.989259
0.043485
0.997857
0.986918
0.170184
0.995545
0.995365
0.989602
0.228012
0.993731
0.995211
0.987174
0.072996
0.997055
0.221063
0.997762
0.997880
0.986218
0.158452
0.090245
0.271607
0.104706
0.284593
0.020200
0.184022
0.030381
0.196312
0.030624
0.194328
0.028850
0.187998
0.040059
0.201023
0.093202
0.286183
0.112243
0.309198
0.116901
0.310552
0.115536
0.307398
0.162325
0.350851
0.113962
0.300906
0.108527
0.291853
0.109602
0.283427
0.186096
0.332883
0.201369
0.337791
0.190604
0.310943
0.098737
0.216074
0.075435
0.195363
0.092439
0.215144
0.073084
0.195620
0.114460
0.251680
0.134013
0.284262
0.095622
0.253250
0.090901
0.228853
0.116497
0.293608
0.107109
0.285166
0.031071
0.195506
0.031660
0.196653
0.030979
0.195570
0.031549
0.194404
0.032074
0.193294
0.032227
0.192093
0.031566
0.190824
0.032548
0.189487
0.032680
0.187907
0.032774
0.186012
0.031691
0.183214
0.032668
0.179527
0.051245
0.190154
0.228817
0.360400
0.239339
0.361354
0.219807
0.316266
0.055768
0.115619
0.017152
0.078631
0.067058
0.150645
0.026878
0.098732
0.007003
0.069131
0.010616
0.074260
0.028981
0.106789
0.072027
0.180784
0.111290
0.247333
0.100614
0.197958
0.031050
0.084577
0.030259
0.081036
0.029548
0.080417
0.029969
0.080905
0.030205
0.081257
0.030432
0.081454
0.030441
0.081068
0.030917
0.081937
0.030417
0.081765
0.030169
0.081577
0.030226
0.081503
0.031971
0.082507
0.033848
0.083752
0.031021
0.082107
0.027802
0.080040
0.029258
0.081074
0.031633
0.082548
0.031690
0.082493
0.031353
0.082287
0.031400
0.082448
0.023277
0.074754
0.021291
0.073631
0.038836
0.107337
0.071000
0.176584
0.099385
0.268844
0.226942
0.358846
0.218260
0.358096
0.161235
0.364086
0.069804
0.196237
0.035823
0.172016
0.075077
0.231067
0.115716
0.265169
0.025249
0.188224
0.081991
0.231210
0.047632
0.190755
0.040305
0.183133
0.046887
0.189284
0.093552
0.250848
0.112585
0.311720
0.065546
0.202877
0.052042
0.187698
0.051549
0.188268
0.051080
0.188485
0.051040
0.189170
0.051206
0.190041
0.049318
0.188589
0.054961
0.193954
0.093485
0.269768
0.094482
0.308792
0.111617
0.274954
0.304854
0.089125
0.221547
0.305868
0.000000
0.257607
0.131481
0.161805
0.141589
0.140715
0.326222
0.196644
0.255672
0.153040
0.234484
0.291490
0.223876
0.310569
0.304368
0.306002
0.239219
0.437109
0.030794
0.576640
0.128468
0.169291
0.231777
0.268041
0.326987
0.418929
0.120036
0.121184
0.327498
0.474891
0.455815
0.166450
0.087571
0.121864
0.257524
0.498318
0.242518
0.098379
0.559738
0.178761
0.157079
0.186493
0.136050
0.173516
0.214560
0.146389
0.322931
0.179962
0.127885
0.172054
0.237092
0.218436
0.113866
0.208932
0.127928
0.153812
0.108483
0.132954
0.103466
0.453541
0.205377
0.151464
0.104387
0.208392
0.208214
0.330214
0.022509
0.164221
0.162320
0.257538
0.272231
0.023562
0.137306
0.103609
0.143351
0.078159
0.141125
0.057463
0.192656
0.458410
0.409792
0.556549
0.486311
0.517997
0.072361
0.365565
0.523096
0.136272
0.161668
0.091957
0.099194
0.173087
0.125134
0.049809
0.162175
0.135726
0.103038
0.150599
0.124078
0.127195
0.212016
0.282463
0.473643
0.131709
0.123858
0.396695
0.418340
0.244479
0.449324
0.234088
0.205918
0.011433
0.031004
0.277027
0.408151
0.040781
0.133035
0.006946
0.126819
0.469181
0.237278
0.256077
0.041841
0.280403
0.127803
0.090596
0.217620
0.210018
0.126867
0.070782
0.323861
0.043396
0.203608
0.562508
0.127132
0.048927
0.126772
0.126858
0.199015
0.189497
0.126823
0.127024
0.090769
0.160441
0.127256
0.142289
0.183201
0.243493
0.125947
0.439161
0.381736
0.196357
0.139961
0.034262
0.124538
0.253997
0.259309
0.123820
0.156377
0.121056
0.239533
0.200482
0.214721
0.123678
0.141399
0.317068
0.123327
0.369035
0.110397
0.126389
0.123517
0.195270
0.209961
0.138376
0.301705
0.123812
0.125137
0.194444
0.257316
0.126937
0.127159
0.237603
0.290784
0.241755
0.317656
0.440519
0.137335
0.496010
0.299693
0.195609
0.177580
0.216465
0.261810
0.132729
0.146426
0.192456
0.246976
0.278717
0.437736
0.100675
0.155081
0.392821
0.142475
0.168331
0.250582
0.152076
0.373744
0.099841
0.358122
0.158748
0.047030
0.200832
0.162018
0.335959
0.074783
0.164353
0.272207
0.136568
0.306403
0.141536
0.101452
0.167784
0.316492
0.320098
0.125921
0.169351
0.457618
0.194124
0.187859
0.299588
0.321228
0.369177
0.278890
0.361538
0.126963
0.127827
0.146275
0.073914
0.031592
0.289743
0.325297
0.454291
0.033033
0.165680
0.130721
0.292210
0.144467
0.199110
0.091958
0.162304
0.124815
0.123701
0.191153
0.167477
0.140109
0.324629
0.373421
0.305107
0.131567
0.199111
0.468660
0.267254
0.363219
0.248594
0.125240
0.119760
0.153130
0.126898
0.099747
0.043386
0.234580
0.402210
0.253666
0.216726
0.226009
0.189373
0.143100
0.022505
0.185539
0.400737
0.405993
0.172494
0.093370
0.140245
0.306338
0.285402
0.139669
0.252922
0.165001
0.186782
0.162370
0.155274
0.268093
0.274570
0.375438
0.375679
0.362435
0.115656
0.103716
0.100301
0.095110
0.324649
0.307586
0.323353
0.350723
0.150194
0.148415
0.219734
0.358904
0.151939
0.143793
0.136722
0.042650
0.066802
0.158208
0.517011
0.393839
0.388536
0.407219
0.274103
0.041857
0.172591
0.165063
0.190193
0.199527
0.360314
0.397917
0.392484
0.467613
0.415219
0.409926
0.416487
0.529036
0.404318
0.391435
0.355333
0.231157
0.408412
0.346277
0.201246
0.257258
0.172881
0.125223
0.105683
0.233470
0.308269
0.286410
0.025835
0.078728
0.095740
0.073469
0.220300
0.186925
0.190157
0.268317
0.259669
0.368285
0.274040
0.231170
0.219837
0.155151
0.167590
0.122153
0.203524
0.136189
0.146309
0.194215
0.245373
0.201201
0.184204
0.196897
0.162724
0.422295
0.407929
0.251190
0.200999
0.139805
0.169963
0.191697
0.535008
0.074059
0.152577
0.203633
0.149646
0.229395
0.154623
0.069262
0.242876
0.220562
0.276894
0.322068
0.218394
0.191899
0.328945
0.092595
0.110975
0.151536
0.224452
0.254786
0.301352
0.331976
0.352932
0.374415
0.360029
0.182226
0.225227
0.189464
0.137412
0.204850
0.447343
0.440918
0.241996
0.157790
0.690680
0.170607
0.139943
0.141628
0.115551
0.113643
0.270108
0.345590
0.209761
0.193335
0.164746
0.299884
0.353067
0.277099
0.288064
0.362586
0.309755
0.296193
0.291257
0.234975
0.287100
0.369156
0.131713
0.094668
0.267838
0.272535
0.429650
0.225324
0.762352
0.189091
0.619487
0.574917
0.556235
0.184396
0.152996
0.475318
0.478957
0.199634
0.297822
0.319522
0.296289
0.296966
0.289113
0.265909
0.260576
0.283161
0.403051
0.132051
0.108815
0.279620
0.434692
0.389707
0.791272
0.150803
0.699537
0.635570
0.665486
0.603889
0.139028
0.172899
0.346763
0.124333
0.334294
0.337967
0.329227
0.330258
0.320983
0.310517
0.293172
0.261201
0.360554
0.120416
0.158177
0.277881
0.415295
0.498033
0.795591
0.752041
0.733952
0.715400
0.678113
0.213212
0.023406
0.407685
0.301469
0.323478
0.361360
0.355188
0.423339
0.409713
0.389587
0.271049
0.105822
0.144558
0.137745
0.170756
0.287281
0.267253
0.329392
0.447012
0.775114
0.736298
0.722019
0.712435
0.692950
0.478852
0.310026
0.038721
0.243810
0.212391
0.178401
0.239379
0.266314
0.345020
0.337382
0.338558
0.325770
0.300314
0.088600
0.139896
0.134148
0.229568
0.261987
0.445020
0.401323
0.413210
0.585409
0.619932
0.714591
0.647121
0.631593
0.633454
0.665415
0.610444
0.531089
0.176228
0.255932
0.174200
0.141422
0.223990
0.224775
0.288978
0.303173
0.308884
0.309724
0.306098
0.139026
0.261010
0.282309
0.444974
0.417077
0.421956
0.519954
0.576850
0.612957
0.551162
0.534079
0.514599
0.550970
0.591058
0.531119
0.301619
0.222673
0.240755
0.250004
0.258106
0.257507
0.102022
0.272851
0.267576
0.283781
0.441543
0.563459
0.401960
0.669078
0.454307
0.147343
0.225062
0.160965
0.208700
0.216930
0.141126
0.274195
0.357098
0.283959
0.592538
0.343733
0.300111
0.191662
0.157464
0.230852
0.140293
0.294684
0.424457
0.245467
0.623097
0.208964
0.242638
0.180043
0.503266
0.427803
0.134482
0.269642
0.369935
0.430748
0.246641
0.523166
0.163504
0.107669
0.267794
0.232052
0.271583
0.129266
0.282663
0.223876
0.313190
0.221826
0.289268
0.154359
0.325593
0.241336
0.309814
0.359294
0.313079
0.358823
0.241243
0.271364
0.358434
0.339981
0.304362
0.237397
0.323475
0.250802
0.310797
0.154957
0.230560
0.274319
0.121567
0.238461
0.208166
0.147468
0.242966
0.152902
0.274129
0.106997
0.286741
0.116354
0.246578
0.107239
0.207729
0.132689
0.565598
0.265996
0.163447
0.267263
0.160377
0.391976
0.333610
0.135658
0.477700
0.238854
0.070882
0.119896
0.533426
0.311864
0.115286
0.131532
0.301819
0.133173
0.472599
0.454518
0.474721
0.383664
0.406446
0.264390
0.179103
0.524362
0.323129
0.476327
0.180361
0.056478
0.334797
0.169213
0.203425
0.211754
0.426533
0.268743
0.078065
0.319061
0.249252
0.221890
0.269718
0.101569
0.286446
0.177333
0.222263
0.142884
0.144505
0.170519
0.564144
0.500999
0.524054
0.390766
0.421590
0.329494
0.209115
0.303540
0.178126
0.117751
0.164526
0.180981
0.204218
0.414546
0.190082
0.200870
0.528329
0.090373
0.187319
0.158503
0.230638
0.443499
0.218817
0.672220
0.445908
0.205444
0.728894
0.566838
0.562696
0.436283
0.496682
0.763797
0.646123
0.573095
0.433303
0.400746
0.636975
0.777538
0.723508
0.557882
0.206092
0.330800
0.768356
0.713416
0.595604
0.425836
0.723348
0.709768
0.623918
0.624354
0.502305
0.103917
0.426229
0.730812
0.547771
0.489732
0.527529
0.547796
0.727167
0.500234
0.412226
0.440956
0.718955
0.674344
0.360026
0.531620
0.342325
0.411563
0.071554
0.088599
0.275495
0.449848
0.139627
0.169526
0.217342
0.176566
0.400341
0.163843
0.396023
0.398234
0.149162
0.113680
0.684168
0.407877
0.165250
0.097819
0.127878
0.321396
0.255367
0.186535
0.119497
0.165089
0.176697
0.517069
0.186596
0.634282
0.621806
0.448951
0.590677
0.550226
0.680164
0.407096
0.468494
0.692532
0.751025
0.169483
0.360497
0.757445
0.430317
0.767431
0.706256
0.515976
0.458056
0.788321
0.577796
0.592041
0.784872
0.450301
0.762968
0.697580
0.561319
0.419299
0.016845
0.111965
0.257536
0.485758
0.321113
0.117426
0.594092
0.476797
0.213452
0.141390
0.493497
0.399884
0.166426
0.016845
0.194953
0.176385
0.176763
0.492458
0.198620
0.549968
0.593035
0.559118
0.482079
0.706631
0.420912
0.507709
0.531536
0.491394
0.620716
0.321114
0.807937
0.321384
0.077946
0.134047
0.147491
0.261495
0.301118
0.508740
0.472940
0.175557
0.479213
0.577145
0.575131
0.458164
0.505523
0.632176
0.038937
0.239142
0.528484
0.304572
0.120220
0.182316
0.048803
0.358054
0.173693
0.188090
0.453198
0.563026
0.185455
0.525461
0.389126
0.505034
0.630934
0.211547
0.598308
0.493571
0.090093
0.167782
0.351446
0.454066
0.466987
0.137137
0.302985
0.527425
0.615450
0.304501
0.125587
0.179489
0.158443
0.500883
0.577621
0.133888
0.171153
0.137889
0.168267
0.456935
0.503599
0.047972
0.593807
0.632193
0.081663
0.399788
0.432032
0.216849
0.259504
0.093048
0.532548
0.586186
0.458959
0.206599
0.268726
0.110507
0.297265
0.480419
0.214428
0.196069
0.452771
0.139645
0.355324
0.073624
0.143345
0.130787
0.131149
