# #large_scale forcing terms Bomex 10-10-2001
#  height ug vg wfls dqtdxls dqtdyls dqtdtls dthlrad    BOMEX
+2.00000e+01 -9.96400e+00 +0.00000e+00 -8.666660e-05 +0.000000e+00 +0.000000e+00 -1.2e-08 -2.315000e-05
+6.00000e+01 -9.89200e+00 +0.00000e+00 -2.600000e-04 +0.000000e+00 +0.000000e+00 -1.2e-08 -2.315000e-05
+1.00000e+02 -9.82000e+00 +0.00000e+00 -4.333330e-04 +0.000000e+00 +0.000000e+00 -1.2e-08 -2.315000e-05
+1.40000e+02 -9.74800e+00 +0.00000e+00 -6.066660e-04 +0.000000e+00 +0.000000e+00 -1.2e-08 -2.315000e-05
+1.80000e+02 -9.67600e+00 +0.00000e+00 -7.799990e-04 +0.000000e+00 +0.000000e+00 -1.2e-08 -2.315000e-05
+2.20000e+02 -9.60400e+00 +0.00000e+00 -9.533330e-04 +0.000000e+00 +0.000000e+00 -1.2e-08 -2.315000e-05
+2.60000e+02 -9.53200e+00 +0.00000e+00 -1.126670e-03 +0.000000e+00 +0.000000e+00 -1.2e-08 -2.315000e-05
+3.00000e+02 -9.46000e+00 +0.00000e+00 -1.300000e-03 +0.000000e+00 +0.000000e+00 -1.2e-08 -2.315000e-05
+3.40000e+02 -9.38800e+00 +0.00000e+00 -1.473330e-03 +0.000000e+00 +0.000000e+00 -9.6e-09 -2.315000e-05
+3.80000e+02 -9.31600e+00 +0.00000e+00 -1.646670e-03 +0.000000e+00 +0.000000e+00 -7.2e-09 -2.315000e-05
+4.20000e+02 -9.24400e+00 +0.00000e+00 -1.820000e-03 +0.000000e+00 +0.000000e+00 -4.8e-09 -2.315000e-05
+4.60000e+02 -9.17200e+00 +0.00000e+00 -1.993330e-03 +0.000000e+00 +0.000000e+00 -2.4e-09 -2.315000e-05
+5.00000e+02 -9.10000e+00 +0.00000e+00 -2.166660e-03 +0.000000e+00 +0.000000e+00 0 -2.315000e-05
+5.40000e+02 -9.02800e+00 +0.00000e+00 -2.340000e-03 +0.000000e+00 +0.000000e+00 0 -2.315000e-05
+5.80000e+02 -8.95600e+00 +0.00000e+00 -2.513330e-03 +0.000000e+00 +0.000000e+00 0 -2.315000e-05
+6.20000e+02 -8.88400e+00 +0.00000e+00 -2.686660e-03 +0.000000e+00 +0.000000e+00 0 -2.315000e-05
+6.60000e+02 -8.81200e+00 +0.00000e+00 -2.860000e-03 +0.000000e+00 +0.000000e+00 0 -2.315000e-05
+7.00000e+02 -8.74000e+00 +0.00000e+00 -3.033330e-03 +0.000000e+00 +0.000000e+00 0 -2.315000e-05
+7.40000e+02 -8.66800e+00 +0.00000e+00 -3.206660e-03 +0.000000e+00 +0.000000e+00 0 -2.315000e-05
+7.80000e+02 -8.59600e+00 +0.00000e+00 -3.380000e-03 +0.000000e+00 +0.000000e+00 0 -2.315000e-05
+8.20000e+02 -8.52400e+00 +0.00000e+00 -3.553330e-03 +0.000000e+00 +0.000000e+00 0 -2.315000e-05
+8.60000e+02 -8.45200e+00 +0.00000e+00 -3.726660e-03 +0.000000e+00 +0.000000e+00 0 -2.315000e-05
+9.00000e+02 -8.38000e+00 +0.00000e+00 -3.900000e-03 +0.000000e+00 +0.000000e+00 0 -2.315000e-05
+9.40000e+02 -8.30800e+00 +0.00000e+00 -4.073330e-03 +0.000000e+00 +0.000000e+00 0 -2.315000e-05
+9.80000e+02 -8.23600e+00 +0.00000e+00 -4.246660e-03 +0.000000e+00 +0.000000e+00 0 -2.315000e-05
+1.02000e+03 -8.16400e+00 +0.00000e+00 -4.420000e-03 +0.000000e+00 +0.000000e+00 0 -2.315000e-05
+1.06000e+03 -8.09200e+00 +0.00000e+00 -4.593330e-03 +0.000000e+00 +0.000000e+00 0 -2.315000e-05
+1.10000e+03 -8.02000e+00 +0.00000e+00 -4.766660e-03 +0.000000e+00 +0.000000e+00 0 -2.315000e-05
+1.14000e+03 -7.94800e+00 +0.00000e+00 -4.940000e-03 +0.000000e+00 +0.000000e+00 0 -2.315000e-05
+1.18000e+03 -7.87600e+00 +0.00000e+00 -5.113330e-03 +0.000000e+00 +0.000000e+00 0 -2.315000e-05
+1.22000e+03 -7.80400e+00 +0.00000e+00 -5.286660e-03 +0.000000e+00 +0.000000e+00 0 -2.315000e-05
+1.26000e+03 -7.73200e+00 +0.00000e+00 -5.460000e-03 +0.000000e+00 +0.000000e+00 0 -2.315000e-05
+1.30000e+03 -7.66000e+00 +0.00000e+00 -5.633330e-03 +0.000000e+00 +0.000000e+00 0 -2.315000e-05
+1.34000e+03 -7.58800e+00 +0.00000e+00 -5.806660e-03 +0.000000e+00 +0.000000e+00 0 -2.315000e-05
+1.38000e+03 -7.51600e+00 +0.00000e+00 -5.980000e-03 +0.000000e+00 +0.000000e+00 0 -2.315000e-05
+1.42000e+03 -7.44400e+00 +0.00000e+00 -6.153330e-03 +0.000000e+00 +0.000000e+00 0 -2.315000e-05
+1.46000e+03 -7.37200e+00 +0.00000e+00 -6.326660e-03 +0.000000e+00 +0.000000e+00 0 -2.315000e-05
+1.50000e+03 -7.30000e+00 +0.00000e+00 -6.500000e-03 +0.000000e+00 +0.000000e+00 0 -2.315000e-05
+1.54000e+03 -7.22800e+00 +0.00000e+00 -6.066670e-03 +0.000000e+00 +0.000000e+00 0 -2.222400e-05
+1.58000e+03 -7.15600e+00 +0.00000e+00 -5.633340e-03 +0.000000e+00 +0.000000e+00 0 -2.129800e-05
+1.62000e+03 -7.08400e+00 +0.00000e+00 -5.200000e-03 +0.000000e+00 +0.000000e+00 0 -2.037200e-05
+1.66000e+03 -7.01200e+00 +0.00000e+00 -4.766670e-03 +0.000000e+00 +0.000000e+00 0 -1.944600e-05
+1.70000e+03 -6.94000e+00 +0.00000e+00 -4.333340e-03 +0.000000e+00 +0.000000e+00 0 -1.852000e-05
+1.74000e+03 -6.86800e+00 +0.00000e+00 -3.900010e-03 +0.000000e+00 +0.000000e+00 0 -1.759400e-05
+1.78000e+03 -6.79600e+00 +0.00000e+00 -3.466680e-03 +0.000000e+00 +0.000000e+00 0 -1.666800e-05
+1.82000e+03 -6.72400e+00 +0.00000e+00 -3.033340e-03 +0.000000e+00 +0.000000e+00 0 -1.574200e-05
+1.86000e+03 -6.65200e+00 +0.00000e+00 -2.600010e-03 +0.000000e+00 +0.000000e+00 0 -1.481600e-05
+1.90000e+03 -6.58000e+00 +0.00000e+00 -2.166680e-03 +0.000000e+00 +0.000000e+00 0 -1.389000e-05
+1.94000e+03 -6.50800e+00 +0.00000e+00 -1.733350e-03 +0.000000e+00 +0.000000e+00 0 -1.296400e-05
+1.98000e+03 -6.43600e+00 +0.00000e+00 -1.300020e-03 +0.000000e+00 +0.000000e+00 0 -1.203800e-05
+2.02000e+03 -6.36400e+00 +0.00000e+00 -8.666840e-04 +0.000000e+00 +0.000000e+00 0 -1.111200e-05
+2.06000e+03 -6.29200e+00 +0.00000e+00 -4.333520e-04 +0.000000e+00 +0.000000e+00 0 -1.018600e-05
+2.10000e+03 -6.22000e+00 +0.00000e+00 +0.000000e+00 +0.000000e+00 +0.000000e+00 0 -9.260000e-06
+2.14000e+03 -6.14800e+00 +0.00000e+00 +0.000000e+00 +0.000000e+00 +0.000000e+00 0 -8.334000e-06
+2.18000e+03 -6.07600e+00 +0.00000e+00 +0.000000e+00 +0.000000e+00 +0.000000e+00 0 -7.408000e-06
+2.22000e+03 -6.00400e+00 +0.00000e+00 +0.000000e+00 +0.000000e+00 +0.000000e+00 0 -6.482000e-06
+2.26000e+03 -5.93200e+00 +0.00000e+00 +0.000000e+00 +0.000000e+00 +0.000000e+00 0 -5.556000e-06
+2.30000e+03 -5.86000e+00 +0.00000e+00 +0.000000e+00 +0.000000e+00 +0.000000e+00 0 -4.630000e-06
+2.34000e+03 -5.78800e+00 +0.00000e+00 +0.000000e+00 +0.000000e+00 +0.000000e+00 0 -3.704000e-06
+2.38000e+03 -5.71600e+00 +0.00000e+00 +0.000000e+00 +0.000000e+00 +0.000000e+00 0 -2.778000e-06
+2.42000e+03 -5.64400e+00 +0.00000e+00 +0.000000e+00 +0.000000e+00 +0.000000e+00 0 -1.852000e-06
+2.46000e+03 -5.57200e+00 +0.00000e+00 +0.000000e+00 +0.000000e+00 +0.000000e+00 0 -9.260010e-07
+2.50000e+03 -5.50000e+00 +0.00000e+00 +0.000000e+00 +0.000000e+00 +0.000000e+00 0 +0.000000e+00
+2.54000e+03 -5.42800e+00 +0.00000e+00 +0.000000e+00 +0.000000e+00 +0.000000e+00 0 +0.000000e+00
+2.58000e+03 -5.35600e+00 +0.00000e+00 +0.000000e+00 +0.000000e+00 +0.000000e+00 0 +0.000000e+00
+2.62000e+03 -5.28400e+00 +0.00000e+00 +0.000000e+00 +0.000000e+00 +0.000000e+00 0 +0.000000e+00
+2.66000e+03 -5.21200e+00 +0.00000e+00 +0.000000e+00 +0.000000e+00 +0.000000e+00 0 +0.000000e+00
+2.70000e+03 -5.14000e+00 +0.00000e+00 +0.000000e+00 +0.000000e+00 +0.000000e+00 0 +0.000000e+00
+2.74000e+03 -5.06800e+00 +0.00000e+00 +0.000000e+00 +0.000000e+00 +0.000000e+00 0 +0.000000e+00
+2.78000e+03 -4.99600e+00 +0.00000e+00 +0.000000e+00 +0.000000e+00 +0.000000e+00 0 +0.000000e+00
+2.82000e+03 -4.92400e+00 +0.00000e+00 +0.000000e+00 +0.000000e+00 +0.000000e+00 0 +0.000000e+00
+2.86000e+03 -4.85200e+00 +0.00000e+00 +0.000000e+00 +0.000000e+00 +0.000000e+00 0 +0.000000e+00
+2.90000e+03 -4.78000e+00 +0.00000e+00 +0.000000e+00 +0.000000e+00 +0.000000e+00 0 +0.000000e+00
+2.94000e+03 -4.70800e+00 +0.00000e+00 +0.000000e+00 +0.000000e+00 +0.000000e+00 0 +0.000000e+00
+2.98000e+03 -4.63600e+00 +0.00000e+00 +0.000000e+00 +0.000000e+00 +0.000000e+00 0 +0.000000e+00
+3.02000e+03 -4.56400e+00 +0.00000e+00 +0.000000e+00 +0.000000e+00 +0.000000e+00 0 +0.000000e+00
+3.06000e+03 -4.49200e+00 +0.00000e+00 +0.000000e+00 +0.000000e+00 +0.000000e+00 0 +0.000000e+00
+3.10000e+03 -4.42000e+00 +0.00000e+00 +0.000000e+00 +0.000000e+00 +0.000000e+00 0 +0.000000e+00
+3.14000e+03 -4.34800e+00 +0.00000e+00 +0.000000e+00 +0.000000e+00 +0.000000e+00 0 +0.000000e+00
+3.18000e+03 -4.27600e+00 +0.00000e+00 +0.000000e+00 +0.000000e+00 +0.000000e+00 0 +0.000000e+00
+3.22000e+03 -4.20400e+00 +0.00000e+00 +0.000000e+00 +0.000000e+00 +0.000000e+00 0 +0.000000e+00
