# #Bomex 10-10-2001
# zf thl qt u v tke   BOMEX
 +2.00000e+01  +2.98700e+02  +1.69731e-02 -8.750000e+00 +0.000000e+00 0.993333
 +6.00000e+01  +2.98700e+02  +1.69192e-02 -8.750000e+00 +0.000000e+00 0.98
 +1.00000e+02  +2.98700e+02  +1.68654e-02 -8.750000e+00 +0.000000e+00 0.966667
 +1.40000e+02  +2.98700e+02  +1.68116e-02 -8.750000e+00 +0.000000e+00 0.953333
 +1.80000e+02  +2.98700e+02  +1.67577e-02 -8.750000e+00 +0.000000e+00 0.94
 +2.20000e+02  +2.98700e+02  +1.67039e-02 -8.750000e+00 +0.000000e+00 0.926667
 +2.60000e+02  +2.98700e+02  +1.66500e-02 -8.750000e+00 +0.000000e+00 0.913333
 +3.00000e+02  +2.98700e+02  +1.65962e-02 -8.750000e+00 +0.000000e+00 0.9
 +3.40000e+02  +2.98700e+02  +1.65424e-02 -8.750000e+00 +0.000000e+00 0.886667
 +3.80000e+02  +2.98700e+02  +1.64885e-02 -8.750000e+00 +0.000000e+00 0.873333
 +4.20000e+02  +2.98700e+02  +1.64347e-02 -8.750000e+00 +0.000000e+00 0.86
 +4.60000e+02  +2.98700e+02  +1.63808e-02 -8.750000e+00 +0.000000e+00 0.846667
 +5.00000e+02  +2.98700e+02  +1.63270e-02 -8.750000e+00 +0.000000e+00 0.833333
 +5.40000e+02  +2.98777e+02  +1.61833e-02 -8.750000e+00 +0.000000e+00 0.82
 +5.80000e+02  +2.98931e+02  +1.59500e-02 -8.750000e+00 +0.000000e+00 0.806667
 +6.20000e+02  +2.99085e+02  +1.57167e-02 -8.750000e+00 +0.000000e+00 0.793333
 +6.60000e+02  +2.99240e+02  +1.54834e-02 -8.750000e+00 +0.000000e+00 0.78
 +7.00000e+02  +2.99394e+02  +1.52501e-02 -8.750000e+00 +0.000000e+00 0.766667
 +7.40000e+02  +2.99548e+02  +1.50167e-02 -8.678000e+00 +0.000000e+00 0.753333
 +7.80000e+02  +2.99702e+02  +1.47834e-02 -8.606000e+00 +0.000000e+00 0.74
 +8.20000e+02  +2.99856e+02  +1.45501e-02 -8.534000e+00 +0.000000e+00 0.726667
 +8.60000e+02  +3.00010e+02  +1.43168e-02 -8.462000e+00 +0.000000e+00 0.713333
 +9.00000e+02  +3.00165e+02  +1.40835e-02 -8.390000e+00 +0.000000e+00 0.7
 +9.40000e+02  +3.00319e+02  +1.38501e-02 -8.318000e+00 +0.000000e+00 0.686667
 +9.80000e+02  +3.00473e+02  +1.36168e-02 -8.246000e+00 +0.000000e+00 0.673333
 +1.02000e+03  +3.00627e+02  +1.33835e-02 -8.174000e+00 +0.000000e+00 0.66
 +1.06000e+03  +3.00781e+02  +1.31502e-02 -8.102000e+00 +0.000000e+00 0.646667
 +1.10000e+03  +3.00935e+02  +1.29169e-02 -8.030000e+00 +0.000000e+00 0.633333
 +1.14000e+03  +3.01090e+02  +1.26835e-02 -7.958000e+00 +0.000000e+00 0.62
 +1.18000e+03  +3.01244e+02  +1.24502e-02 -7.886000e+00 +0.000000e+00 0.606667
 +1.22000e+03  +3.01398e+02  +1.22169e-02 -7.814000e+00 +0.000000e+00 0.593333
 +1.26000e+03  +3.01552e+02  +1.19836e-02 -7.742000e+00 +0.000000e+00 0.58
 +1.30000e+03  +3.01706e+02  +1.17503e-02 -7.670000e+00 +0.000000e+00 0.566667
 +1.34000e+03  +3.01860e+02  +1.15169e-02 -7.598000e+00 +0.000000e+00 0.553333
 +1.38000e+03  +3.02015e+02  +1.12836e-02 -7.526000e+00 +0.000000e+00 0.54
 +1.42000e+03  +3.02169e+02  +1.10503e-02 -7.454000e+00 +0.000000e+00 0.526667
 +1.46000e+03  +3.02323e+02  +1.08170e-02 -7.382000e+00 +0.000000e+00 0.513333
 +1.50000e+03  +3.02623e+02  +1.04500e-02 -7.310000e+00 +0.000000e+00 0.5
 +1.54000e+03  +3.03069e+02  +9.95000e-03 -7.238000e+00 +0.000000e+00 0.486667
 +1.58000e+03  +3.03515e+02  +9.45000e-03 -7.166000e+00 +0.000000e+00 0.473333
 +1.62000e+03  +3.03962e+02  +8.95000e-03 -7.094000e+00 +0.000000e+00 0.46
 +1.66000e+03  +3.04408e+02  +8.45000e-03 -7.022000e+00 +0.000000e+00 0.446667
 +1.70000e+03  +3.04854e+02  +7.95000e-03 -6.950000e+00 +0.000000e+00 0.433333
 +1.74000e+03  +3.05300e+02  +7.45000e-03 -6.878000e+00 +0.000000e+00 0.42
 +1.78000e+03  +3.05746e+02  +6.95000e-03 -6.806000e+00 +0.000000e+00 0.406667
 +1.82000e+03  +3.06192e+02  +6.45000e-03 -6.734000e+00 +0.000000e+00 0.393333
 +1.86000e+03  +3.06638e+02  +5.95000e-03 -6.662000e+00 +0.000000e+00 0.38
 +1.90000e+03  +3.07085e+02  +5.45000e-03 -6.590000e+00 +0.000000e+00 0.366667
 +1.94000e+03  +3.07531e+02  +4.95000e-03 -6.518000e+00 +0.000000e+00 0.353333
 +1.98000e+03  +3.07977e+02  +4.45000e-03 -6.446000e+00 +0.000000e+00 0.34
 +2.02000e+03  +3.08273e+02  +4.17600e-03 -6.374000e+00 +0.000000e+00 0.326667
 +2.06000e+03  +3.08419e+02  +4.12800e-03 -6.302000e+00 +0.000000e+00 0.313333
 +2.10000e+03  +3.08565e+02  +4.08000e-03 -6.230000e+00 +0.000000e+00 0.3
 +2.14000e+03  +3.08711e+02  +4.03200e-03 -6.158000e+00 +0.000000e+00 0.286667
 +2.18000e+03  +3.08857e+02  +3.98400e-03 -6.086000e+00 +0.000000e+00 0.273333
 +2.22000e+03  +3.09003e+02  +3.93600e-03 -6.014000e+00 +0.000000e+00 0.26
 +2.26000e+03  +3.09149e+02  +3.88800e-03 -5.942000e+00 +0.000000e+00 0.246667
 +2.30000e+03  +3.09295e+02  +3.84000e-03 -5.870000e+00 +0.000000e+00 0.233333
 +2.34000e+03  +3.09441e+02  +3.79200e-03 -5.798000e+00 +0.000000e+00 0.22
 +2.38000e+03  +3.09587e+02  +3.74400e-03 -5.726000e+00 +0.000000e+00 0.206667
 +2.42000e+03  +3.09733e+02  +3.69600e-03 -5.654000e+00 +0.000000e+00 0.193333
 +2.46000e+03  +3.09879e+02  +3.64800e-03 -5.582000e+00 +0.000000e+00 0.18
 +2.50000e+03  +3.10025e+02  +3.60000e-03 -5.510000e+00 +0.000000e+00 0.166667
 +2.54000e+03  +3.10171e+02  +3.55200e-03 -5.438000e+00 +0.000000e+00 0.153333
 +2.58000e+03  +3.10317e+02  +3.50400e-03 -5.366000e+00 +0.000000e+00 0.14
 +2.62000e+03  +3.10463e+02  +3.45600e-03 -5.294000e+00 +0.000000e+00 0.126667
 +2.66000e+03  +3.10609e+02  +3.40800e-03 -5.222000e+00 +0.000000e+00 0.113333
 +2.70000e+03  +3.10755e+02  +3.36000e-03 -5.150000e+00 +0.000000e+00 0.1
 +2.74000e+03  +3.10901e+02  +3.31200e-03 -5.078000e+00 +0.000000e+00 0.0866667
 +2.78000e+03  +3.11047e+02  +3.26400e-03 -5.006000e+00 +0.000000e+00 0.0733333
 +2.82000e+03  +3.11193e+02  +3.21600e-03 -4.934000e+00 +0.000000e+00 0.06
 +2.86000e+03  +3.11339e+02  +3.16800e-03 -4.862000e+00 +0.000000e+00 0.0466667
 +2.90000e+03  +3.11485e+02  +3.12000e-03 -4.790000e+00 +0.000000e+00 0.0333333
 +2.94000e+03  +3.11631e+02  +3.07200e-03 -4.718000e+00 +0.000000e+00 0.02
 +2.98000e+03  +3.11777e+02  +3.02400e-03 -4.646000e+00 +0.000000e+00 0.00666667
 +3.02000e+03  +3.11923e+02  +2.97600e-03 -4.574000e+00 +0.000000e+00 0.0067
 +3.06000e+03  +3.12069e+02  +2.92800e-03 -4.502000e+00 +0.000000e+00 0.0067
 +3.10000e+03  +3.12215e+02  +2.88000e-03 -4.430000e+00 +0.000000e+00 0.0067
 +3.14000e+03  +3.12361e+02  +2.83200e-03 -4.358000e+00 +0.000000e+00 0.0067
 +3.18000e+03  +3.12507e+02  +2.78400e-03 -4.286000e+00 +0.000000e+00 0.0067
