# #large scale forcing
# height     ug         vg         wfls       dqtdxls    dqtqyls    dqtdtls    dthlrad       
3.000         2.500      0.000      0.000      0.000      0.000      0.000      0.000
9.000         2.500      0.000      0.000      0.000      0.000      0.000      0.000
15.150        2.500      0.000      0.000      0.000      0.000      0.000      0.000
21.454        2.500      0.000      0.000      0.000      0.000      0.000      0.000
27.915        2.500      0.000      0.000      0.000      0.000      0.000      0.000
34.538        2.500      0.000      0.000      0.000      0.000      0.000      0.000
41.326        2.500      0.000      0.000      0.000      0.000      0.000      0.000
48.285        2.500      0.000      0.000      0.000      0.000      0.000      0.000
55.417        2.500      0.000      0.000      0.000      0.000      0.000      0.000
62.727        2.500      0.000      0.000      0.000      0.000      0.000      0.000
70.220        2.500      0.000      0.000      0.000      0.000      0.000      0.000
77.901        2.500      0.000      0.000      0.000      0.000      0.000      0.000
85.773        2.500      0.000      0.000      0.000      0.000      0.000      0.000
93.843        2.500      0.000      0.000      0.000      0.000      0.000      0.000
102.114       2.500      0.000      0.000      0.000      0.000      0.000      0.000
110.592       2.500      0.000      0.000      0.000      0.000      0.000      0.000
119.281       2.500      0.000      0.000      0.000      0.000      0.000      0.000
128.188       2.500      0.000      0.000      0.000      0.000      0.000      0.000
137.318       2.500      0.000      0.000      0.000      0.000      0.000      0.000
146.676       2.500      0.000      0.000      0.000      0.000      0.000      0.000
156.268       2.500      0.000      0.000      0.000      0.000      0.000      0.000
166.100       2.500      0.000      0.000      0.000      0.000      0.000      0.000
176.177       2.500      0.000      0.000      0.000      0.000      0.000      0.000
186.507       2.500      0.000      0.000      0.000      0.000      0.000      0.000
197.094       2.500      0.000      0.000      0.000      0.000      0.000      0.000
207.947       2.500      0.000      0.000      0.000      0.000      0.000      0.000
219.070       2.500      0.000      0.000      0.000      0.000      0.000      0.000
230.472       2.500      0.000      0.000      0.000      0.000      0.000      0.000
242.159       2.500      0.000      0.000      0.000      0.000      0.000      0.000
254.138       2.500      0.000      0.000      0.000      0.000      0.000      0.000
266.416       2.500      0.000      0.000      0.000      0.000      0.000      0.000
279.002       2.500      0.000      0.000      0.000      0.000      0.000      0.000
291.902       2.500      0.000      0.000      0.000      0.000      0.000      0.000
305.124       2.500      0.000      0.000      0.000      0.000      0.000      0.000
318.677       2.500      0.000      0.000      0.000      0.000      0.000      0.000
332.569       2.500      0.000      0.000      0.000      0.000      0.000      0.000
346.808       2.500      0.000      0.000      0.000      0.000      0.000      0.000
361.404       2.500      0.000      0.000      0.000      0.000      0.000      0.000
376.364       2.500      0.000      0.000      0.000      0.000      0.000      0.000
391.698       2.500      0.000      0.000      0.000      0.000      0.000      0.000
407.415       2.500      0.000      0.000      0.000      0.000      0.000      0.000
423.526       2.500      0.000      0.000      0.000      0.000      0.000      0.000
440.039       2.500      0.000      0.000      0.000      0.000      0.000      0.000
456.965       2.500      0.000      0.000      0.000      0.000      0.000      0.000
474.314       2.500      0.000      0.000      0.000      0.000      0.000      0.000
492.097       2.500      0.000      0.000      0.000      0.000      0.000      0.000
510.324       2.500      0.000      0.000      0.000      0.000      0.000      0.000
529.007       2.500      0.000      0.000      0.000      0.000      0.000      0.000
548.157       2.500      0.000      0.000      0.000      0.000      0.000      0.000
567.786       2.500      0.000      0.000      0.000      0.000      0.000      0.000
587.906       2.500      0.000      0.000      0.000      0.000      0.000      0.000
608.529       2.500      0.000      0.000      0.000      0.000      0.000      0.000
629.667       2.500      0.000      0.000      0.000      0.000      0.000      0.000
651.334       2.500      0.000      0.000      0.000      0.000      0.000      0.000
673.542       2.500      0.000      0.000      0.000      0.000      0.000      0.000
696.306       2.500      0.000      0.000      0.000      0.000      0.000      0.000
719.638       2.500      0.000      0.000      0.000      0.000      0.000      0.000
743.554       2.500      0.000      0.000      0.000      0.000      0.000      0.000
768.068       2.500      0.000      0.000      0.000      0.000      0.000      0.000
793.195       2.500      0.000      0.000      0.000      0.000      0.000      0.000
818.950       2.500      0.000      0.000      0.000      0.000      0.000      0.000
845.348       2.500      0.000      0.000      0.000      0.000      0.000      0.000
872.407       2.500      0.000      0.000      0.000      0.000      0.000      0.000
900.142       2.500      0.000      0.000      0.000      0.000      0.000      0.000
928.571       2.500      0.000      0.000      0.000      0.000      0.000      0.000
957.710       2.500      0.000      0.000      0.000      0.000      0.000      0.000
987.578       2.500      0.000      0.000      0.000      0.000      0.000      0.000
1018.192      2.500      0.000      0.000      0.000      0.000      0.000      0.000
1049.572      2.500      0.000      0.000      0.000      0.000      0.000      0.000
1081.736      2.500      0.000      0.000      0.000      0.000      0.000      0.000
1114.705      2.500      0.000      0.000      0.000      0.000      0.000      0.000
1148.497      2.500      0.000      0.000      0.000      0.000      0.000      0.000
1183.135      2.500      0.000      0.000      0.000      0.000      0.000      0.000
1218.638      2.500      0.000      0.000      0.000      0.000      0.000      0.000
1255.029      2.500      0.000      0.000      0.000      0.000      0.000      0.000
1292.330      2.500      0.000      0.000      0.000      0.000      0.000      0.000
1330.563      2.500      0.000      0.000      0.000      0.000      0.000      0.000
1369.752      2.500      0.000      0.000      0.000      0.000      0.000      0.000
1409.921      2.500      0.000      0.000      0.000      0.000      0.000      0.000
1451.094      2.500      0.000      0.000      0.000      0.000      0.000      0.000
1493.296      2.500      0.000      0.000      0.000      0.000      0.000      0.000
1536.554      2.500      0.000      0.000      0.000      0.000      0.000      0.000
1580.893      2.500      0.000      0.000      0.000      0.000      0.000      0.000
1626.340      2.500      0.000      0.000      0.000      0.000      0.000      0.000
1672.923      2.500      0.000      0.000      0.000      0.000      0.000      0.000
1720.671      2.500      0.000      0.000      0.000      0.000      0.000      0.000
1769.613      2.500      0.000      0.000      0.000      0.000      0.000      0.000
1819.779      2.500      0.000      0.000      0.000      0.000      0.000      0.000
1871.198      2.500      0.000      0.000      0.000      0.000      0.000      0.000
1923.903      2.500      0.000      0.000      0.000      0.000      0.000      0.000
1977.926      2.500      0.000      0.000      0.000      0.000      0.000      0.000
2033.299      2.500      0.000      0.000      0.000      0.000      0.000      0.000
2090.056      2.500      0.000      0.000      0.000      0.000      0.000      0.000
2148.233      2.500      0.000      0.000      0.000      0.000      0.000      0.000
2207.863      2.500      0.000      0.000      0.000      0.000      0.000      0.000
2268.985      2.500      0.000      0.000      0.000      0.000      0.000      0.000
