# Block data
#  il	   iu	   jl	   ju	   kl	   ku	 dtop	 dwest	 deast	 dnor	 dsou
   4	   8	   4	   8	   1	   6	   1	   2	   3	   4	   5
   4	   8	  14	  18	   1	   6	   6	   7	   8	   9	  10
   4	   8	  24	  28	   1	   6	  11	  12	  13	  14	  15
   4	   8	  34	  38	   1	   6	  16	  17	  18	  19	  20
   4	   8	  44	  48	   1	   6	  21	  22	  23	  24	  25
   4	   8	  54	  58	   1	   6	  26	  27	  28	  29	  30
   4	   8	  64	  68	   1	   6	  31	  32	  33	  34	  35
  14	  18	   4	   8	   1	   6	  36	  37	  38	  39	  40
  14	  18	  14	  18	   1	   6	  41	  42	  43	  44	  45
  14	  18	  24	  28	   1	   6	  46	  47	  48	  49	  50
  14	  18	  34	  38	   1	   6	  51	  52	  53	  54	  55
  14	  18	  44	  48	   1	   6	  56	  57	  58	  59	  60
  14	  18	  54	  58	   1	   6	  61	  62	  63	  64	  65
  14	  18	  64	  68	   1	   6	  66	  67	  68	  69	  70
  24	  28	   4	   8	   1	   6	  71	  72	  73	  74	  75
  24	  28	  14	  18	   1	   6	  76	  77	  78	  79	  80
  24	  28	  24	  28	   1	   6	  81	  82	  83	  84	  85
  24	  28	  34	  38	   1	   6	  86	  87	  88	  89	  90
  24	  28	  44	  48	   1	   6	  91	  92	  93	  94	  95
  24	  28	  54	  58	   1	   6	  96	  97	  98	  99	 100
  24	  28	  64	  68	   1	   6	 101	 102	 103	 104	 105
  34	  38	   4	   8	   1	   6	 106	 107	 108	 109	 110
  34	  38	  14	  18	   1	   6	 111	 112	 113	 114	 115
  34	  38	  24	  28	   1	   6	 116	 117	 118	 119	 120
  34	  38	  34	  38	   1	   6	 121	 122	 123	 124	 125
  34	  38	  44	  48	   1	   6	 126	 127	 128	 129	 130
  34	  38	  54	  58	   1	   6	 131	 132	 133	 134	 135
  34	  38	  64	  68	   1	   6	 136	 137	 138	 139	 140
  44	  48	   4	   8	   1	   6	 141	 142	 143	 144	 145
  44	  48	  14	  18	   1	   6	 146	 147	 148	 149	 150
  44	  48	  24	  28	   1	   6	 151	 152	 153	 154	 155
  44	  48	  34	  38	   1	   6	 156	 157	 158	 159	 160
  44	  48	  44	  48	   1	   6	 161	 162	 163	 164	 165
  44	  48	  54	  58	   1	   6	 166	 167	 168	 169	 170
  44	  48	  64	  68	   1	   6	 171	 172	 173	 174	 175
  54	  58	   4	   8	   1	   6	 176	 177	 178	 179	 180
  54	  58	  14	  18	   1	   6	 181	 182	 183	 184	 185
  54	  58	  24	  28	   1	   6	 186	 187	 188	 189	 190
  54	  58	  34	  38	   1	   6	 191	 192	 193	 194	 195
  54	  58	  44	  48	   1	   6	 196	 197	 198	 199	 200
  54	  58	  54	  58	   1	   6	 201	 202	 203	 204	 205
  54	  58	  64	  68	   1	   6	 206	 207	 208	 209	 210
  64	  68	   4	   8	   1	   6	 211	 212	 213	 214	 215
  64	  68	  14	  18	   1	   6	 216	 217	 218	 219	 220
  64	  68	  24	  28	   1	   6	 221	 222	 223	 224	 225
  64	  68	  34	  38	   1	   6	 226	 227	 228	 229	 230
  64	  68	  44	  48	   1	   6	 231	 232	 233	 234	 235
  64	  68	  54	  58	   1	   6	 236	 237	 238	 239	 240
  64	  68	  64	  68	   1	   6	 241	 242	 243	 244	 245
   4	   8	   9	  13	   0	   0	 274	   0	   0	   0	   0
   4	   8	   1	   3	   0	   0	 275	   0	   0	   0	   0
   3	   3	  14	  18	   0	   0	 276	   0	   0	   0	   0
   9	   9	  14	  18	   0	   0	 277	   0	   0	   0	   0
   4	   8	  19	  23	   0	   0	 278	   0	   0	   0	   0
   3	   3	  24	  28	   0	   0	 279	   0	   0	   0	   0
   9	   9	  24	  28	   0	   0	 280	   0	   0	   0	   0
   4	   8	  29	  33	   0	   0	 281	   0	   0	   0	   0
   3	   3	  34	  38	   0	   0	 282	   0	   0	   0	   0
   9	   9	  34	  38	   0	   0	 283	   0	   0	   0	   0
   4	   8	  39	  43	   0	   0	 284	   0	   0	   0	   0
   3	   3	  44	  48	   0	   0	 285	   0	   0	   0	   0
   9	   9	  44	  48	   0	   0	 286	   0	   0	   0	   0
   4	   8	  49	  53	   0	   0	 287	   0	   0	   0	   0
   3	   3	  54	  58	   0	   0	 288	   0	   0	   0	   0
   9	   9	  54	  58	   0	   0	 289	   0	   0	   0	   0
   4	   8	  59	  63	   0	   0	 290	   0	   0	   0	   0
   3	   3	  64	  70	   0	   0	 291	   0	   0	   0	   0
   9	   9	  64	  70	   0	   0	 292	   0	   0	   0	   0
   4	   8	  69	  70	   0	   0	 293	   0	   0	   0	   0
  14	  18	   9	  13	   0	   0	 294	   0	   0	   0	   0
  14	  18	   1	   3	   0	   0	 295	   0	   0	   0	   0
  13	  13	  14	  18	   0	   0	 296	   0	   0	   0	   0
  19	  19	  14	  18	   0	   0	 297	   0	   0	   0	   0
  14	  18	  19	  23	   0	   0	 298	   0	   0	   0	   0
  13	  13	  24	  28	   0	   0	 299	   0	   0	   0	   0
  19	  19	  24	  28	   0	   0	 300	   0	   0	   0	   0
  14	  18	  29	  33	   0	   0	 301	   0	   0	   0	   0
  13	  13	  34	  38	   0	   0	 302	   0	   0	   0	   0
  19	  19	  34	  38	   0	   0	 303	   0	   0	   0	   0
  14	  18	  39	  43	   0	   0	 304	   0	   0	   0	   0
  13	  13	  44	  48	   0	   0	 305	   0	   0	   0	   0
  19	  19	  44	  48	   0	   0	 306	   0	   0	   0	   0
  14	  18	  49	  53	   0	   0	 307	   0	   0	   0	   0
  13	  13	  54	  58	   0	   0	 308	   0	   0	   0	   0
  19	  19	  54	  58	   0	   0	 309	   0	   0	   0	   0
  14	  18	  59	  63	   0	   0	 310	   0	   0	   0	   0
  13	  13	  64	  70	   0	   0	 311	   0	   0	   0	   0
  19	  19	  64	  70	   0	   0	 312	   0	   0	   0	   0
  14	  18	  69	  70	   0	   0	 313	   0	   0	   0	   0
  24	  28	   9	  13	   0	   0	 314	   0	   0	   0	   0
  24	  28	   1	   3	   0	   0	 315	   0	   0	   0	   0
  23	  23	  14	  18	   0	   0	 316	   0	   0	   0	   0
  29	  29	  14	  18	   0	   0	 317	   0	   0	   0	   0
  24	  28	  19	  23	   0	   0	 318	   0	   0	   0	   0
  23	  23	  24	  28	   0	   0	 319	   0	   0	   0	   0
  29	  29	  24	  28	   0	   0	 320	   0	   0	   0	   0
  24	  28	  29	  33	   0	   0	 321	   0	   0	   0	   0
  23	  23	  34	  38	   0	   0	 322	   0	   0	   0	   0
  29	  29	  34	  38	   0	   0	 323	   0	   0	   0	   0
  24	  28	  39	  43	   0	   0	 324	   0	   0	   0	   0
  23	  23	  44	  48	   0	   0	 325	   0	   0	   0	   0
  29	  29	  44	  48	   0	   0	 326	   0	   0	   0	   0
  24	  28	  49	  53	   0	   0	 327	   0	   0	   0	   0
  23	  23	  54	  58	   0	   0	 328	   0	   0	   0	   0
  29	  29	  54	  58	   0	   0	 329	   0	   0	   0	   0
  24	  28	  59	  63	   0	   0	 330	   0	   0	   0	   0
  23	  23	  64	  70	   0	   0	 331	   0	   0	   0	   0
  29	  29	  64	  70	   0	   0	 332	   0	   0	   0	   0
  24	  28	  69	  70	   0	   0	 333	   0	   0	   0	   0
  34	  38	   9	  13	   0	   0	 334	   0	   0	   0	   0
  34	  38	   1	   3	   0	   0	 335	   0	   0	   0	   0
  33	  33	  14	  18	   0	   0	 336	   0	   0	   0	   0
  39	  39	  14	  18	   0	   0	 337	   0	   0	   0	   0
  34	  38	  19	  23	   0	   0	 338	   0	   0	   0	   0
  33	  33	  24	  28	   0	   0	 339	   0	   0	   0	   0
  39	  39	  24	  28	   0	   0	 340	   0	   0	   0	   0
  34	  38	  29	  33	   0	   0	 341	   0	   0	   0	   0
  33	  33	  34	  38	   0	   0	 342	   0	   0	   0	   0
  39	  39	  34	  38	   0	   0	 343	   0	   0	   0	   0
  34	  38	  39	  43	   0	   0	 344	   0	   0	   0	   0
  33	  33	  44	  48	   0	   0	 345	   0	   0	   0	   0
  39	  39	  44	  48	   0	   0	 346	   0	   0	   0	   0
  34	  38	  49	  53	   0	   0	 347	   0	   0	   0	   0
  33	  33	  54	  58	   0	   0	 348	   0	   0	   0	   0
  39	  39	  54	  58	   0	   0	 349	   0	   0	   0	   0
  34	  38	  59	  63	   0	   0	 350	   0	   0	   0	   0
  33	  33	  64	  70	   0	   0	 351	   0	   0	   0	   0
  39	  39	  64	  70	   0	   0	 352	   0	   0	   0	   0
  34	  38	  69	  70	   0	   0	 353	   0	   0	   0	   0
  44	  48	   9	  13	   0	   0	 354	   0	   0	   0	   0
  44	  48	   1	   3	   0	   0	 355	   0	   0	   0	   0
  43	  43	  14	  18	   0	   0	 356	   0	   0	   0	   0
  49	  49	  14	  18	   0	   0	 357	   0	   0	   0	   0
  44	  48	  19	  23	   0	   0	 358	   0	   0	   0	   0
  43	  43	  24	  28	   0	   0	 359	   0	   0	   0	   0
  49	  49	  24	  28	   0	   0	 360	   0	   0	   0	   0
  44	  48	  29	  33	   0	   0	 361	   0	   0	   0	   0
  43	  43	  34	  38	   0	   0	 362	   0	   0	   0	   0
  49	  49	  34	  38	   0	   0	 363	   0	   0	   0	   0
  44	  48	  39	  43	   0	   0	 364	   0	   0	   0	   0
  43	  43	  44	  48	   0	   0	 365	   0	   0	   0	   0
  49	  49	  44	  48	   0	   0	 366	   0	   0	   0	   0
  44	  48	  49	  53	   0	   0	 367	   0	   0	   0	   0
  43	  43	  54	  58	   0	   0	 368	   0	   0	   0	   0
  49	  49	  54	  58	   0	   0	 369	   0	   0	   0	   0
  44	  48	  59	  63	   0	   0	 370	   0	   0	   0	   0
  43	  43	  64	  70	   0	   0	 371	   0	   0	   0	   0
  49	  49	  64	  70	   0	   0	 372	   0	   0	   0	   0
  44	  48	  69	  70	   0	   0	 373	   0	   0	   0	   0
  54	  58	   9	  13	   0	   0	 374	   0	   0	   0	   0
  54	  58	   1	   3	   0	   0	 375	   0	   0	   0	   0
  53	  53	  14	  18	   0	   0	 376	   0	   0	   0	   0
  59	  59	  14	  18	   0	   0	 377	   0	   0	   0	   0
  54	  58	  19	  23	   0	   0	 378	   0	   0	   0	   0
  53	  53	  24	  28	   0	   0	 379	   0	   0	   0	   0
  59	  59	  24	  28	   0	   0	 380	   0	   0	   0	   0
  54	  58	  29	  33	   0	   0	 381	   0	   0	   0	   0
  53	  53	  34	  38	   0	   0	 382	   0	   0	   0	   0
  59	  59	  34	  38	   0	   0	 383	   0	   0	   0	   0
  54	  58	  39	  43	   0	   0	 384	   0	   0	   0	   0
  53	  53	  44	  48	   0	   0	 385	   0	   0	   0	   0
  59	  59	  44	  48	   0	   0	 386	   0	   0	   0	   0
  54	  58	  49	  53	   0	   0	 387	   0	   0	   0	   0
  53	  53	  54	  58	   0	   0	 388	   0	   0	   0	   0
  59	  59	  54	  58	   0	   0	 389	   0	   0	   0	   0
  54	  58	  59	  63	   0	   0	 390	   0	   0	   0	   0
  53	  53	  64	  70	   0	   0	 391	   0	   0	   0	   0
  59	  59	  64	  70	   0	   0	 392	   0	   0	   0	   0
  54	  58	  69	  70	   0	   0	 393	   0	   0	   0	   0
  64	  68	   9	  13	   0	   0	 394	   0	   0	   0	   0
  64	  68	   1	   3	   0	   0	 395	   0	   0	   0	   0
  63	  63	  14	  18	   0	   0	 396	   0	   0	   0	   0
  69	  69	  14	  18	   0	   0	 397	   0	   0	   0	   0
  64	  68	  19	  23	   0	   0	 398	   0	   0	   0	   0
  63	  63	  24	  28	   0	   0	 399	   0	   0	   0	   0
  69	  69	  24	  28	   0	   0	 400	   0	   0	   0	   0
  64	  68	  29	  33	   0	   0	 401	   0	   0	   0	   0
  63	  63	  34	  38	   0	   0	 402	   0	   0	   0	   0
  69	  69	  34	  38	   0	   0	 403	   0	   0	   0	   0
  64	  68	  39	  43	   0	   0	 404	   0	   0	   0	   0
  63	  63	  44	  48	   0	   0	 405	   0	   0	   0	   0
  69	  69	  44	  48	   0	   0	 406	   0	   0	   0	   0
  64	  68	  49	  53	   0	   0	 407	   0	   0	   0	   0
  63	  63	  54	  58	   0	   0	 408	   0	   0	   0	   0
  69	  69	  54	  58	   0	   0	 409	   0	   0	   0	   0
  64	  68	  59	  63	   0	   0	 410	   0	   0	   0	   0
  63	  63	  64	  70	   0	   0	 411	   0	   0	   0	   0
  69	  69	  64	  70	   0	   0	 412	   0	   0	   0	   0
  64	  68	  69	  70	   0	   0	 413	   0	   0	   0	   0
   1	   2	   1	  10	   0	   0	 414	   0	   0	   0	   0
   3	   3	   1	   8	   0	   0	 415	   0	   0	   0	   0
   9	   9	   1	   8	   0	   0	 416	   0	   0	   0	   0
  10	  12	   1	  10	   0	   0	 417	   0	   0	   0	   0
  13	  13	   1	   8	   0	   0	 418	   0	   0	   0	   0
  19	  19	   1	   8	   0	   0	 419	   0	   0	   0	   0
  20	  22	   1	  10	   0	   0	 420	   0	   0	   0	   0
  23	  23	   1	   8	   0	   0	 421	   0	   0	   0	   0
  29	  29	   1	   8	   0	   0	 422	   0	   0	   0	   0
  30	  32	   1	  10	   0	   0	 423	   0	   0	   0	   0
  33	  33	   1	   8	   0	   0	 424	   0	   0	   0	   0
  39	  39	   1	   8	   0	   0	 425	   0	   0	   0	   0
  40	  42	   1	  10	   0	   0	 426	   0	   0	   0	   0
  43	  43	   1	   8	   0	   0	 427	   0	   0	   0	   0
  49	  49	   1	   8	   0	   0	 428	   0	   0	   0	   0
  50	  52	   1	  10	   0	   0	 429	   0	   0	   0	   0
  53	  53	   1	   8	   0	   0	 430	   0	   0	   0	   0
  59	  59	   1	   8	   0	   0	 431	   0	   0	   0	   0
  60	  62	   1	  10	   0	   0	 432	   0	   0	   0	   0
  63	  63	   1	   8	   0	   0	 433	   0	   0	   0	   0
  69	  69	   1	   8	   0	   0	 434	   0	   0	   0	   0
  70	  70	   1	  10	   0	   0	 435	   0	   0	   0	   0
   1	   2	  11	  20	   0	   0	 436	   0	   0	   0	   0
   3	   3	   9	  13	   0	   0	 437	   0	   0	   0	   0
   9	   9	   9	  13	   0	   0	 438	   0	   0	   0	   0
  10	  12	  11	  20	   0	   0	 439	   0	   0	   0	   0
  13	  13	   9	  13	   0	   0	 440	   0	   0	   0	   0
  19	  19	   9	  13	   0	   0	 441	   0	   0	   0	   0
  20	  22	  11	  20	   0	   0	 442	   0	   0	   0	   0
  23	  23	   9	  13	   0	   0	 443	   0	   0	   0	   0
  29	  29	   9	  13	   0	   0	 444	   0	   0	   0	   0
  30	  32	  11	  20	   0	   0	 445	   0	   0	   0	   0
  33	  33	   9	  13	   0	   0	 446	   0	   0	   0	   0
  39	  39	   9	  13	   0	   0	 447	   0	   0	   0	   0
  40	  42	  11	  20	   0	   0	 448	   0	   0	   0	   0
  43	  43	   9	  13	   0	   0	 449	   0	   0	   0	   0
  49	  49	   9	  13	   0	   0	 450	   0	   0	   0	   0
  50	  52	  11	  20	   0	   0	 451	   0	   0	   0	   0
  53	  53	   9	  13	   0	   0	 452	   0	   0	   0	   0
  59	  59	   9	  13	   0	   0	 453	   0	   0	   0	   0
  60	  62	  11	  20	   0	   0	 454	   0	   0	   0	   0
  63	  63	   9	  13	   0	   0	 455	   0	   0	   0	   0
  69	  69	   9	  13	   0	   0	 456	   0	   0	   0	   0
  70	  70	  11	  20	   0	   0	 457	   0	   0	   0	   0
   1	   2	  21	  30	   0	   0	 458	   0	   0	   0	   0
   3	   3	  19	  23	   0	   0	 459	   0	   0	   0	   0
   9	   9	  19	  23	   0	   0	 460	   0	   0	   0	   0
  10	  12	  21	  30	   0	   0	 461	   0	   0	   0	   0
  13	  13	  19	  23	   0	   0	 462	   0	   0	   0	   0
  19	  19	  19	  23	   0	   0	 463	   0	   0	   0	   0
  20	  22	  21	  30	   0	   0	 464	   0	   0	   0	   0
  23	  23	  19	  23	   0	   0	 465	   0	   0	   0	   0
  29	  29	  19	  23	   0	   0	 466	   0	   0	   0	   0
  30	  32	  21	  30	   0	   0	 467	   0	   0	   0	   0
  33	  33	  19	  23	   0	   0	 468	   0	   0	   0	   0
  39	  39	  19	  23	   0	   0	 469	   0	   0	   0	   0
  40	  42	  21	  30	   0	   0	 470	   0	   0	   0	   0
  43	  43	  19	  23	   0	   0	 471	   0	   0	   0	   0
  49	  49	  19	  23	   0	   0	 472	   0	   0	   0	   0
  50	  52	  21	  30	   0	   0	 473	   0	   0	   0	   0
  53	  53	  19	  23	   0	   0	 474	   0	   0	   0	   0
  59	  59	  19	  23	   0	   0	 475	   0	   0	   0	   0
  60	  62	  21	  30	   0	   0	 476	   0	   0	   0	   0
  63	  63	  19	  23	   0	   0	 477	   0	   0	   0	   0
  69	  69	  19	  23	   0	   0	 478	   0	   0	   0	   0
  70	  70	  21	  30	   0	   0	 479	   0	   0	   0	   0
   1	   2	  31	  40	   0	   0	 480	   0	   0	   0	   0
   3	   3	  29	  33	   0	   0	 481	   0	   0	   0	   0
   9	   9	  29	  33	   0	   0	 482	   0	   0	   0	   0
  10	  12	  31	  40	   0	   0	 483	   0	   0	   0	   0
  13	  13	  29	  33	   0	   0	 484	   0	   0	   0	   0
  19	  19	  29	  33	   0	   0	 485	   0	   0	   0	   0
  20	  22	  31	  40	   0	   0	 486	   0	   0	   0	   0
  23	  23	  29	  33	   0	   0	 487	   0	   0	   0	   0
  29	  29	  29	  33	   0	   0	 488	   0	   0	   0	   0
  30	  32	  31	  40	   0	   0	 489	   0	   0	   0	   0
  33	  33	  29	  33	   0	   0	 490	   0	   0	   0	   0
  39	  39	  29	  33	   0	   0	 491	   0	   0	   0	   0
  40	  42	  31	  40	   0	   0	 492	   0	   0	   0	   0
  43	  43	  29	  33	   0	   0	 493	   0	   0	   0	   0
  49	  49	  29	  33	   0	   0	 494	   0	   0	   0	   0
  50	  52	  31	  40	   0	   0	 495	   0	   0	   0	   0
  53	  53	  29	  33	   0	   0	 496	   0	   0	   0	   0
  59	  59	  29	  33	   0	   0	 497	   0	   0	   0	   0
  60	  62	  31	  40	   0	   0	 498	   0	   0	   0	   0
  63	  63	  29	  33	   0	   0	 499	   0	   0	   0	   0
  69	  69	  29	  33	   0	   0	 500	   0	   0	   0	   0
  70	  70	  31	  40	   0	   0	 501	   0	   0	   0	   0
   1	   2	  41	  50	   0	   0	 502	   0	   0	   0	   0
   3	   3	  39	  43	   0	   0	 503	   0	   0	   0	   0
   9	   9	  39	  43	   0	   0	 504	   0	   0	   0	   0
  10	  12	  41	  50	   0	   0	 505	   0	   0	   0	   0
  13	  13	  39	  43	   0	   0	 506	   0	   0	   0	   0
  19	  19	  39	  43	   0	   0	 507	   0	   0	   0	   0
  20	  22	  41	  50	   0	   0	 508	   0	   0	   0	   0
  23	  23	  39	  43	   0	   0	 509	   0	   0	   0	   0
  29	  29	  39	  43	   0	   0	 510	   0	   0	   0	   0
  30	  32	  41	  50	   0	   0	 511	   0	   0	   0	   0
  33	  33	  39	  43	   0	   0	 512	   0	   0	   0	   0
  39	  39	  39	  43	   0	   0	 513	   0	   0	   0	   0
  40	  42	  41	  50	   0	   0	 514	   0	   0	   0	   0
  43	  43	  39	  43	   0	   0	 515	   0	   0	   0	   0
  49	  49	  39	  43	   0	   0	 516	   0	   0	   0	   0
  50	  52	  41	  50	   0	   0	 517	   0	   0	   0	   0
  53	  53	  39	  43	   0	   0	 518	   0	   0	   0	   0
  59	  59	  39	  43	   0	   0	 519	   0	   0	   0	   0
  60	  62	  41	  50	   0	   0	 520	   0	   0	   0	   0
  63	  63	  39	  43	   0	   0	 521	   0	   0	   0	   0
  69	  69	  39	  43	   0	   0	 522	   0	   0	   0	   0
  70	  70	  41	  50	   0	   0	 523	   0	   0	   0	   0
   1	   2	  51	  60	   0	   0	 524	   0	   0	   0	   0
   3	   3	  49	  53	   0	   0	 525	   0	   0	   0	   0
   9	   9	  49	  53	   0	   0	 526	   0	   0	   0	   0
  10	  12	  51	  60	   0	   0	 527	   0	   0	   0	   0
  13	  13	  49	  53	   0	   0	 528	   0	   0	   0	   0
  19	  19	  49	  53	   0	   0	 529	   0	   0	   0	   0
  20	  22	  51	  60	   0	   0	 530	   0	   0	   0	   0
  23	  23	  49	  53	   0	   0	 531	   0	   0	   0	   0
  29	  29	  49	  53	   0	   0	 532	   0	   0	   0	   0
  30	  32	  51	  60	   0	   0	 533	   0	   0	   0	   0
  33	  33	  49	  53	   0	   0	 534	   0	   0	   0	   0
  39	  39	  49	  53	   0	   0	 535	   0	   0	   0	   0
  40	  42	  51	  60	   0	   0	 536	   0	   0	   0	   0
  43	  43	  49	  53	   0	   0	 537	   0	   0	   0	   0
  49	  49	  49	  53	   0	   0	 538	   0	   0	   0	   0
  50	  52	  51	  60	   0	   0	 539	   0	   0	   0	   0
  53	  53	  49	  53	   0	   0	 540	   0	   0	   0	   0
  59	  59	  49	  53	   0	   0	 541	   0	   0	   0	   0
  60	  62	  51	  60	   0	   0	 542	   0	   0	   0	   0
  63	  63	  49	  53	   0	   0	 543	   0	   0	   0	   0
  69	  69	  49	  53	   0	   0	 544	   0	   0	   0	   0
  70	  70	  51	  60	   0	   0	 545	   0	   0	   0	   0
   1	   2	  61	  70	   0	   0	 546	   0	   0	   0	   0
   3	   3	  59	  63	   0	   0	 547	   0	   0	   0	   0
   9	   9	  59	  63	   0	   0	 548	   0	   0	   0	   0
  10	  12	  61	  70	   0	   0	 549	   0	   0	   0	   0
  13	  13	  59	  63	   0	   0	 550	   0	   0	   0	   0
  19	  19	  59	  63	   0	   0	 551	   0	   0	   0	   0
  20	  22	  61	  70	   0	   0	 552	   0	   0	   0	   0
  23	  23	  59	  63	   0	   0	 553	   0	   0	   0	   0
  29	  29	  59	  63	   0	   0	 554	   0	   0	   0	   0
  30	  32	  61	  70	   0	   0	 555	   0	   0	   0	   0
  33	  33	  59	  63	   0	   0	 556	   0	   0	   0	   0
  39	  39	  59	  63	   0	   0	 557	   0	   0	   0	   0
  40	  42	  61	  70	   0	   0	 558	   0	   0	   0	   0
  43	  43	  59	  63	   0	   0	 559	   0	   0	   0	   0
  49	  49	  59	  63	   0	   0	 560	   0	   0	   0	   0
  50	  52	  61	  70	   0	   0	 561	   0	   0	   0	   0
  53	  53	  59	  63	   0	   0	 562	   0	   0	   0	   0
  59	  59	  59	  63	   0	   0	 563	   0	   0	   0	   0
  60	  62	  61	  70	   0	   0	 564	   0	   0	   0	   0
  63	  63	  59	  63	   0	   0	 565	   0	   0	   0	   0
  69	  69	  59	  63	   0	   0	 566	   0	   0	   0	   0
  70	  70	  61	  70	   0	   0	 567	   0	   0	   0	   0
