# net shortwave on facets [W/m2] (including reflections and diffusive)
2.907106e+02
8.307568e+01
1.385415e+02
1.181648e+02
1.110252e+02
2.907106e+02
9.132595e+01
1.483618e+02
1.197181e+02
1.359667e+02
2.907106e+02
9.189282e+01
1.491901e+02
1.197548e+02
1.442218e+02
2.907106e+02
9.240221e+01
1.492561e+02
1.179790e+02
1.456556e+02
2.907106e+02
9.231304e+01
1.490070e+02
1.166647e+02
1.448278e+02
2.907106e+02
9.213381e+01
1.484613e+02
1.124107e+02
1.448542e+02
2.907106e+02
9.272109e+01
1.439857e+02
8.180537e+01
1.442063e+02
2.907106e+02
1.017538e+02
1.395725e+02
1.215954e+02
1.140409e+02
2.907106e+02
1.133284e+02
1.493782e+02
1.242540e+02
1.405980e+02
2.907106e+02
1.141980e+02
1.500649e+02
1.242759e+02
1.491375e+02
2.907106e+02
1.145839e+02
1.501455e+02
1.224242e+02
1.505850e+02
2.907106e+02
1.142993e+02
1.499033e+02
1.209887e+02
1.497159e+02
2.907106e+02
1.135695e+02
1.493399e+02
1.170965e+02
1.497167e+02
2.907106e+02
1.100045e+02
1.445114e+02
8.204300e+01
1.490103e+02
2.907106e+02
1.080287e+02
1.396322e+02
1.220164e+02
1.143522e+02
2.907106e+02
1.191041e+02
1.492821e+02
1.246691e+02
1.411227e+02
2.907106e+02
1.196608e+02
1.500125e+02
1.247231e+02
1.496617e+02
2.907106e+02
1.200363e+02
1.536745e+02
1.229613e+02
1.511524e+02
2.907106e+02
1.197422e+02
1.536098e+02
1.215272e+02
1.503532e+02
2.907106e+02
1.189867e+02
1.530463e+02
1.194515e+02
1.503610e+02
2.907106e+02
1.132448e+02
1.465323e+02
8.226858e+01
1.498551e+02
2.907106e+02
1.092059e+02
1.391546e+02
1.233348e+02
1.144088e+02
2.907106e+02
1.198890e+02
1.487448e+02
1.247256e+02
1.424746e+02
2.907106e+02
1.209100e+02
1.495053e+02
1.283764e+02
1.497078e+02
2.907106e+02
1.213187e+02
1.536348e+02
1.283685e+02
1.516725e+02
2.907106e+02
1.210862e+02
1.536349e+02
1.269380e+02
1.557573e+02
2.907106e+02
1.203217e+02
1.530332e+02
1.229625e+02
1.557868e+02
2.907106e+02
1.161603e+02
1.460784e+02
8.232784e+01
1.550643e+02
2.907106e+02
1.097289e+02
1.376646e+02
1.232488e+02
1.143592e+02
2.907106e+02
1.204178e+02
1.470586e+02
1.245897e+02
1.423691e+02
2.907106e+02
1.213565e+02
1.478154e+02
1.282917e+02
1.495462e+02
2.907106e+02
1.254853e+02
1.519485e+02
1.283757e+02
1.515497e+02
2.907106e+02
1.254405e+02
1.519467e+02
1.269439e+02
1.557294e+02
2.907106e+02
1.246617e+02
1.513427e+02
1.229326e+02
1.557689e+02
2.907106e+02
1.167489e+02
1.444793e+02
8.227238e+01
1.550218e+02
2.907106e+02
1.097022e+02
1.325225e+02
1.223308e+02
1.140462e+02
2.907106e+02
1.203643e+02
1.438615e+02
1.236296e+02
1.414050e+02
2.907106e+02
1.212942e+02
1.463173e+02
1.273205e+02
1.484866e+02
2.907106e+02
1.254491e+02
1.468562e+02
1.273684e+02
1.504594e+02
2.907106e+02
1.254182e+02
1.468107e+02
1.259331e+02
1.546188e+02
2.907106e+02
1.246380e+02
1.461979e+02
1.220055e+02
1.546550e+02
2.907106e+02
1.167049e+02
1.386820e+02
8.179562e+01
1.539144e+02
2.907106e+02
1.087910e+02
8.712665e+01
1.118458e+02
1.056350e+02
2.907106e+02
1.196208e+02
8.861331e+01
1.126332e+02
1.270532e+02
2.907106e+02
1.207251e+02
8.886277e+01
1.128773e+02
1.314912e+02
2.907106e+02
1.244668e+02
8.894763e+01
1.124595e+02
1.346330e+02
2.907106e+02
1.243926e+02
8.890959e+01
1.110400e+02
1.351513e+02
2.907106e+02
1.235979e+02
8.867814e+01
1.063514e+02
1.351716e+02
2.907106e+02
1.154231e+02
9.042834e+01
7.538136e+01
1.344347e+02
1.156499e+02
1.287982e+02
1.295822e+02
1.298024e+02
1.295379e+02
1.291434e+02
1.301069e+02
9.071114e+01
8.990849e+01
9.053248e+01
9.074276e+01
9.066483e+01
9.010966e+01
9.009838e+01
1.253982e+02
1.243095e+02
1.248428e+02
1.251170e+02
1.250242e+02
1.242716e+02
1.153984e+02
9.449126e+01
1.015416e+02
1.020185e+02
1.021564e+02
1.020853e+02
1.015092e+02
1.012658e+02
1.935359e+02
1.140423e+02
1.069787e+02
2.074939e+02
1.961732e+02
1.074382e+02
2.081103e+02
1.965313e+02
1.202844e+02
2.081726e+02
1.835415e+02
1.201998e+02
2.080252e+02
1.832029e+02
1.199581e+02
2.074170e+02
1.811814e+02
1.328676e+02
2.048704e+02
1.011699e+02
1.856089e+02
1.145844e+02
1.341930e+02
2.099098e+02
2.011091e+02
1.347971e+02
2.104808e+02
2.014649e+02
1.476097e+02
2.105439e+02
1.884586e+02
1.474558e+02
2.103963e+02
1.880935e+02
1.468267e+02
2.097704e+02
1.859038e+02
1.508853e+02
2.067978e+02
1.011957e+02
1.860458e+02
1.148952e+02
1.497429e+02
2.101480e+02
2.015313e+02
1.375804e+02
2.107518e+02
2.019124e+02
1.503925e+02
2.115776e+02
1.889448e+02
1.502375e+02
2.114872e+02
1.885813e+02
1.495915e+02
2.108627e+02
1.866079e+02
1.523436e+02
2.074314e+02
1.014952e+02
1.990724e+02
1.149509e+02
1.374286e+02
2.100477e+02
2.015792e+02
1.380759e+02
2.106683e+02
2.024680e+02
1.384269e+02
2.118281e+02
2.029875e+02
1.383234e+02
2.117901e+02
2.026307e+02
1.376692e+02
2.111397e+02
2.003821e+02
1.403110e+02
2.074430e+02
1.016026e+02
1.989724e+02
1.148941e+02
1.375098e+02
2.093878e+02
2.014567e+02
1.381481e+02
2.100069e+02
2.023730e+02
1.393071e+02
2.111703e+02
2.029374e+02
1.392636e+02
2.111331e+02
2.025820e+02
1.385970e+02
2.104810e+02
2.003159e+02
1.403741e+02
2.069886e+02
1.015313e+02
1.982011e+02
1.144995e+02
1.371013e+02
2.069495e+02
2.006395e+02
1.377367e+02
2.078958e+02
2.015419e+02
1.389018e+02
2.082884e+02
2.020845e+02
1.388619e+02
2.082280e+02
2.017272e+02
1.381944e+02
2.075735e+02
1.994681e+02
1.399519e+02
2.043050e+02
1.009703e+02
1.690311e+02
1.013516e+02
1.337772e+02
7.581771e+01
1.709953e+02
1.345163e+02
7.612293e+01
1.715804e+02
1.353824e+02
7.619917e+01
1.716117e+02
1.353096e+02
7.614708e+01
1.712588e+02
1.346294e+02
7.580694e+01
1.690512e+02
1.360263e+02
8.771723e+01
7.128775e+01
1.049619e+02
9.556998e+01
1.720519e+02
1.660944e+02
1.172463e+02
1.746792e+02
1.680835e+02
1.192772e+02
1.749657e+02
1.683401e+02
1.196330e+02
1.749173e+02
1.683485e+02
1.196816e+02
1.744602e+02
1.679995e+02
1.193031e+02
1.721973e+02
1.654447e+02
1.158522e+02
8.017038e+01
8.918211e+01
1.328312e+02
1.754565e+02
2.258305e+02
1.967290e+02
2.019644e+02
2.277852e+02
1.985541e+02
2.028323e+02
2.280479e+02
1.987729e+02
2.030736e+02
2.281900e+02
1.987747e+02
2.030445e+02
2.279855e+02
1.983833e+02
2.026023e+02
2.266236e+02
1.955841e+02
1.988777e+02
1.023025e+02
8.915680e+01
1.334831e+02
1.774104e+02
2.274184e+02
1.975235e+02
2.035666e+02
2.293749e+02
1.993235e+02
2.044052e+02
2.296206e+02
1.995855e+02
2.045215e+02
2.296369e+02
1.995976e+02
2.044699e+02
2.294140e+02
1.992024e+02
2.040048e+02
2.280576e+02
1.964967e+02
2.001434e+02
1.030027e+02
8.956683e+01
1.335906e+02
1.776322e+02
2.276755e+02
1.976055e+02
2.038185e+02
2.296242e+02
1.994069e+02
2.046593e+02
2.299849e+02
2.000311e+02
2.050809e+02
2.303070e+02
2.004400e+02
2.051451e+02
2.300930e+02
2.000490e+02
2.046769e+02
2.286536e+02
1.969966e+02
2.006386e+02
1.033083e+02
8.968624e+01
1.334795e+02
1.774982e+02
2.275168e+02
1.974489e+02
2.036525e+02
2.294598e+02
1.992496e+02
2.045068e+02
2.299526e+02
1.999620e+02
2.053594e+02
2.307149e+02
2.004621e+02
2.055670e+02
2.305173e+02
2.000739e+02
2.050954e+02
2.289655e+02
1.969637e+02
2.007533e+02
1.033260e+02
8.962758e+01
1.331778e+02
1.773232e+02
2.272384e+02
1.968221e+02
2.033682e+02
2.291685e+02
1.986108e+02
2.042186e+02
2.296715e+02
1.993224e+02
2.050823e+02
2.304418e+02
1.997963e+02
2.052976e+02
2.302448e+02
1.994075e+02
2.048260e+02
2.286871e+02
1.962853e+02
2.004753e+02
1.031155e+02
8.922939e+01
1.304510e+02
1.766362e+02
2.258821e+02
1.907324e+02
2.020191e+02
2.277531e+02
1.921715e+02
2.029068e+02
2.283281e+02
1.927662e+02
2.036490e+02
2.288950e+02
1.928662e+02
2.037632e+02
2.286947e+02
1.924949e+02
2.032976e+02
2.271500e+02
1.894878e+02
1.989041e+02
1.022417e+02
8.650742e+01
