# sky view factors
1.000000
0.176211
0.288372
0.310677
0.185390
1.000000
0.190466
0.307227
0.309811
0.250863
1.000000
0.190737
0.307404
0.308265
0.289069
1.000000
0.190771
0.307409
0.305093
0.296300
1.000000
0.190727
0.307217
0.296936
0.299201
1.000000
0.190390
0.306235
0.272189
0.300640
1.000000
0.192591
0.297411
0.136937
0.301457
1.000000
0.235122
0.287584
0.317725
0.190651
1.000000
0.263977
0.306383
0.316828
0.268622
1.000000
0.265422
0.306560
0.315225
0.300621
1.000000
0.265596
0.306565
0.311922
0.308112
1.000000
0.265190
0.306373
0.303374
0.311103
1.000000
0.262747
0.305391
0.284279
0.312585
1.000000
0.258787
0.296582
0.139492
0.313425
1.000000
0.270161
0.286180
0.318089
0.190921
1.000000
0.293558
0.304874
0.317192
0.269881
1.000000
0.294757
0.305052
0.315588
0.301944
1.000000
0.294931
0.329061
0.312286
0.309435
1.000000
0.294525
0.328869
0.303738
0.312426
1.000000
0.292328
0.327888
0.296602
0.313908
1.000000
0.276351
0.307107
0.139614
0.314747
1.000000
0.276779
0.283306
0.318082
0.190955
1.000000
0.300650
0.301776
0.317185
0.270024
1.000000
0.301849
0.301954
0.339586
0.302098
1.000000
0.302023
0.325963
0.336283
0.309589
1.000000
0.301617
0.325771
0.327735
0.336585
1.000000
0.299420
0.324789
0.308590
0.338066
1.000000
0.295292
0.304088
0.139629
0.338906
1.000000
0.279435
0.275954
0.317907
0.190911
1.000000
0.303484
0.293793
0.317010
0.269663
1.000000
0.304682
0.293971
0.339410
0.301726
1.000000
0.328861
0.317980
0.336108
0.309217
1.000000
0.328455
0.317788
0.327560
0.336212
1.000000
0.326258
0.316806
0.308422
0.337694
1.000000
0.298085
0.296394
0.139610
0.338534
1.000000
0.280754
0.255251
0.316736
0.190575
1.000000
0.304888
0.289730
0.315839
0.267446
1.000000
0.306086
0.302156
0.338240
0.299445
1.000000
0.330265
0.302161
0.334937
0.306936
1.000000
0.329859
0.301969
0.326390
0.333932
1.000000
0.327662
0.300741
0.307295
0.335414
1.000000
0.299474
0.274679
0.139457
0.336253
1.000000
0.281502
0.127773
0.308413
0.182267
1.000000
0.305683
0.139324
0.307500
0.255155
1.000000
0.306882
0.139446
0.305872
0.276013
1.000000
0.331060
0.139461
0.302535
0.295604
1.000000
0.330654
0.139441
0.293985
0.298656
1.000000
0.328457
0.139289
0.268027
0.300173
1.000000
0.300262
0.145617
0.135277
0.301034
0.245385
0.257980
0.258471
0.258541
0.258353
0.256973
0.272107
0.255395
0.236110
0.237871
0.238092
0.237778
0.235587
0.243632
0.269135
0.248042
0.249621
0.249818
0.249539
0.247590
0.259915
0.236922
0.260797
0.261410
0.261466
0.261299
0.260155
0.292182
0.426303
0.238838
0.259110
0.406347
0.433950
0.259606
0.407963
0.434920
0.259632
0.408116
0.434882
0.259530
0.407769
0.433703
0.258621
0.405153
0.423762
0.336583
0.410691
0.140189
0.449197
0.228645
0.407920
0.418715
0.457210
0.409453
0.420331
0.458217
0.409597
0.420484
0.458176
0.409262
0.420137
0.456937
0.406748
0.417521
0.446420
0.442989
0.422208
0.141505
0.450771
0.229240
0.418553
0.420025
0.458783
0.420086
0.421642
0.459791
0.420230
0.421795
0.459750
0.419895
0.421448
0.458511
0.417381
0.418832
0.447993
0.449516
0.423345
0.142254
0.450920
0.229283
0.420033
0.419862
0.458932
0.421566
0.421479
0.459940
0.421710
0.421632
0.459899
0.421375
0.421285
0.458660
0.418861
0.418669
0.448142
0.450442
0.423278
0.142322
0.450577
0.229155
0.420081
0.418080
0.458589
0.421614
0.419696
0.459597
0.421758
0.419849
0.459556
0.421423
0.419502
0.458317
0.418909
0.416886
0.447799
0.450380
0.422069
0.142164
0.448105
0.228109
0.418438
0.408965
0.456016
0.419971
0.410582
0.457024
0.420115
0.410735
0.456983
0.419780
0.410388
0.455744
0.417266
0.407772
0.445226
0.448808
0.413231
0.140945
0.445828
0.235308
0.401909
0.186831
0.453553
0.403442
0.187538
0.454538
0.403586
0.187600
0.454500
0.403251
0.187453
0.453302
0.400737
0.186294
0.443273
0.432065
0.252273
0.136241
0.252733
0.287264
0.374282
0.431848
0.404474
0.385620
0.438598
0.410059
0.386718
0.439215
0.410963
0.386648
0.439143
0.410906
0.385463
0.438130
0.409376
0.377786
0.427443
0.392825
0.209211
0.263544
0.321937
0.399332
0.559167
0.525800
0.564444
0.566563
0.533078
0.567342
0.567357
0.533755
0.567674
0.567366
0.533676
0.567513
0.566762
0.532569
0.566194
0.562014
0.521031
0.553747
0.328453
0.261694
0.322783
0.401018
0.561409
0.527838
0.566459
0.568805
0.535116
0.569357
0.569599
0.535793
0.569689
0.569608
0.535714
0.569528
0.569004
0.534608
0.568208
0.564342
0.523069
0.555762
0.330644
0.262714
0.322854
0.401159
0.561963
0.528037
0.566984
0.569359
0.535316
0.569882
0.570153
0.535993
0.570213
0.570162
0.535914
0.570053
0.569558
0.534807
0.568733
0.564810
0.523268
0.556287
0.330878
0.262815
0.322713
0.401130
0.561889
0.527696
0.566910
0.569285
0.534974
0.569809
0.570079
0.535651
0.570140
0.570087
0.535572
0.569979
0.569484
0.534466
0.568660
0.564735
0.522927
0.556213
0.330845
0.262647
0.321546
0.400835
0.560950
0.525003
0.566008
0.568346
0.532281
0.568906
0.569140
0.532958
0.569237
0.569149
0.532879
0.569076
0.568545
0.531772
0.567757
0.563797
0.520233
0.555311
0.330440
0.261313
0.304044
0.397825
0.555477
0.492836
0.560806
0.562873
0.499618
0.563704
0.563667
0.500246
0.564035
0.563676
0.500173
0.563874
0.563072
0.499150
0.562555
0.558324
0.488432
0.550108
0.326821
0.243349
