# Block data
#  il	   iu	   jl	   ju	   kl	   ku	 dtop	 dwest	 deast	 dnor	 dsou
   5	  30	  32	  56	   1	  21	   1	   2	   3	   4	   5
   5	  24	  72	  79	   1	  21	   6	   7	   8	   9	  10
   5	  24	  89	  95	   1	  12	  11	  12	  13	  14	  15
   5	  43	 104	 117	   1	  10	  16	  17	  18	  19	  20
  32	  43	  72	  79	   1	  21	  21	  22	  23	  24	  25
  32	  43	  89	  95	   1	  16	  26	  27	  28	  29	  30
  43	  67	   5	  17	   1	  22	  31	  32	  33	  34	  35
  53	  67	  72	  95	   1	  22	  36	  37	  38	  39	  40
  53	  67	 104	 117	   1	  21	  41	  42	  43	  44	  45
  80	 119	   5	  56	   1	   9	  46	  47	  48	  49	  50
  80	  94	  72	  99	   1	  10	  51	  52	  53	  54	  55
  80	  94	 110	 117	   1	  16	  56	  57	  58	  59	  60
 105	 119	  72	  99	   1	  16	  61	  62	  63	  64	  65
 105	 119	 110	 117	   1	  14	  66	  67	  68	  69	  70
   4	   4	  32	  56	   0	   0	 175	   0	   0	   0	   0
  31	  31	  32	  56	   0	   0	 176	   0	   0	   0	   0
   5	  14	  57	  57	   0	   0	 177	   0	   0	   0	   0
   5	  14	  31	  31	   0	   0	 178	   0	   0	   0	   0
   4	   4	  72	  79	   0	   0	 179	   0	   0	   0	   0
  25	  25	  72	  79	   0	   0	 180	   0	   0	   0	   0
   5	  14	  80	  88	   0	   0	 181	   0	   0	   0	   0
   5	  14	  68	  71	   0	   0	 182	   0	   0	   0	   0
   4	   4	  89	  95	   0	   0	 183	   0	   0	   0	   0
  25	  25	  89	  95	   0	   0	 184	   0	   0	   0	   0
   5	  14	  96	 103	   0	   0	 185	   0	   0	   0	   0
   4	   4	 104	 117	   0	   0	 186	   0	   0	   0	   0
  44	  44	 104	 117	   0	   0	 187	   0	   0	   0	   0
   5	  14	 118	 118	   0	   0	 188	   0	   0	   0	   0
  31	  31	  72	  79	   0	   0	 189	   0	   0	   0	   0
  44	  44	  72	  79	   0	   0	 190	   0	   0	   0	   0
  32	  41	  80	  88	   0	   0	 191	   0	   0	   0	   0
  32	  41	  71	  71	   0	   0	 192	   0	   0	   0	   0
  31	  31	  89	  95	   0	   0	 193	   0	   0	   0	   0
  44	  44	  89	  95	   0	   0	 194	   0	   0	   0	   0
  32	  41	  96	 102	   0	   0	 195	   0	   0	   0	   0
  42	  42	   5	  17	   0	   0	 196	   0	   0	   0	   0
  68	  68	   5	  17	   0	   0	 197	   0	   0	   0	   0
  43	  52	  18	  18	   0	   0	 198	   0	   0	   0	   0
  43	  52	   1	   4	   0	   0	 199	   0	   0	   0	   0
  52	  52	  72	  95	   0	   0	 200	   0	   0	   0	   0
  68	  68	  72	  95	   0	   0	 201	   0	   0	   0	   0
  53	  62	  96	 103	   0	   0	 202	   0	   0	   0	   0
  53	  62	  69	  71	   0	   0	 203	   0	   0	   0	   0
  52	  52	 104	 117	   0	   0	 204	   0	   0	   0	   0
  68	  68	 104	 117	   0	   0	 205	   0	   0	   0	   0
  53	  62	 118	 118	   0	   0	 206	   0	   0	   0	   0
  79	  79	   5	  56	   0	   0	 207	   0	   0	   0	   0
 120	 120	   5	  56	   0	   0	 208	   0	   0	   0	   0
  80	  89	  57	  57	   0	   0	 209	   0	   0	   0	   0
  80	  89	   1	   4	   0	   0	 210	   0	   0	   0	   0
  79	  79	  72	  99	   0	   0	 211	   0	   0	   0	   0
  95	  95	  72	  99	   0	   0	 212	   0	   0	   0	   0
  80	  89	 100	 108	   0	   0	 213	   0	   0	   0	   0
  80	  89	  68	  71	   0	   0	 214	   0	   0	   0	   0
  79	  79	 110	 117	   0	   0	 215	   0	   0	   0	   0
  95	  95	 110	 117	   0	   0	 216	   0	   0	   0	   0
  80	  89	 118	 118	   0	   0	 217	   0	   0	   0	   0
  80	  89	 109	 109	   0	   0	 218	   0	   0	   0	   0
 104	 104	  72	  99	   0	   0	 219	   0	   0	   0	   0
 120	 120	  72	  99	   0	   0	 220	   0	   0	   0	   0
 105	 114	 100	 108	   0	   0	 221	   0	   0	   0	   0
 105	 114	  68	  71	   0	   0	 222	   0	   0	   0	   0
 104	 104	 110	 117	   0	   0	 223	   0	   0	   0	   0
 120	 120	 110	 117	   0	   0	 224	   0	   0	   0	   0
 105	 114	 118	 118	   0	   0	 225	   0	   0	   0	   0
 105	 114	 109	 109	   0	   0	 226	   0	   0	   0	   0
   1	  10	   1	  10	   0	   0	 227	   0	   0	   0	   0
  42	  42	   1	   4	   0	   0	 228	   0	   0	   0	   0
  68	  68	   1	   4	   0	   0	 229	   0	   0	   0	   0
  69	  78	   1	  10	   0	   0	 230	   0	   0	   0	   0
  79	  79	   1	   4	   0	   0	 231	   0	   0	   0	   0
 120	 120	   1	   4	   0	   0	 232	   0	   0	   0	   0
 121	 128	   1	  10	   0	   0	 233	   0	   0	   0	   0
   1	  10	  11	  20	   0	   0	 234	   0	   0	   0	   0
  42	  42	  18	  27	   0	   0	 235	   0	   0	   0	   0
  43	  52	  19	  28	   0	   0	 236	   0	   0	   0	   0
  68	  68	  18	  27	   0	   0	 237	   0	   0	   0	   0
  69	  78	  11	  20	   0	   0	 238	   0	   0	   0	   0
  79	  79	  57	  66	   0	   0	 239	   0	   0	   0	   0
  80	  89	  58	  67	   0	   0	 240	   0	   0	   0	   0
 120	 120	  57	  66	   0	   0	 241	   0	   0	   0	   0
 121	 128	  11	  20	   0	   0	 242	   0	   0	   0	   0
   1	  10	  21	  30	   0	   0	 243	   0	   0	   0	   0
  42	  42	  28	  37	   0	   0	 244	   0	   0	   0	   0
  43	  52	  29	  38	   0	   0	 245	   0	   0	   0	   0
  68	  68	  28	  37	   0	   0	 246	   0	   0	   0	   0
  69	  78	  21	  30	   0	   0	 247	   0	   0	   0	   0
  79	  79	  67	  71	   0	   0	 248	   0	   0	   0	   0
  95	  95	  68	  71	   0	   0	 249	   0	   0	   0	   0
  96	 103	  68	  77	   0	   0	 250	   0	   0	   0	   0
 104	 104	  68	  71	   0	   0	 251	   0	   0	   0	   0
 120	 120	  67	  71	   0	   0	 252	   0	   0	   0	   0
 121	 128	  21	  30	   0	   0	 253	   0	   0	   0	   0
   1	   3	  31	  40	   0	   0	 254	   0	   0	   0	   0
   4	   4	  31	  31	   0	   0	 255	   0	   0	   0	   0
   5	  14	  58	  67	   0	   0	 256	   0	   0	   0	   0
  31	  31	  31	  31	   0	   0	 257	   0	   0	   0	   0
  32	  41	  31	  40	   0	   0	 258	   0	   0	   0	   0
  42	  42	  38	  47	   0	   0	 259	   0	   0	   0	   0
  43	  52	  39	  48	   0	   0	 260	   0	   0	   0	   0
  68	  68	  38	  47	   0	   0	 261	   0	   0	   0	   0
  69	  78	  31	  40	   0	   0	 262	   0	   0	   0	   0
  79	  79	 100	 109	   0	   0	 263	   0	   0	   0	   0
  95	  95	 100	 109	   0	   0	 264	   0	   0	   0	   0
  96	 103	  78	  87	   0	   0	 265	   0	   0	   0	   0
 104	 104	 100	 109	   0	   0	 266	   0	   0	   0	   0
 120	 120	 100	 109	   0	   0	 267	   0	   0	   0	   0
 121	 128	  31	  40	   0	   0	 268	   0	   0	   0	   0
   1	   3	  41	  50	   0	   0	 269	   0	   0	   0	   0
   4	   4	  57	  66	   0	   0	 270	   0	   0	   0	   0
  25	  25	  68	  71	   0	   0	 271	   0	   0	   0	   0
  26	  30	  68	  77	   0	   0	 272	   0	   0	   0	   0
  31	  31	  57	  66	   0	   0	 273	   0	   0	   0	   0
  32	  41	  41	  50	   0	   0	 274	   0	   0	   0	   0
  42	  42	  48	  57	   0	   0	 275	   0	   0	   0	   0
  43	  52	  49	  58	   0	   0	 276	   0	   0	   0	   0
  68	  68	  48	  57	   0	   0	 277	   0	   0	   0	   0
  69	  78	  41	  50	   0	   0	 278	   0	   0	   0	   0
  79	  79	 118	 127	   0	   0	 279	   0	   0	   0	   0
  80	  89	 119	 128	   0	   0	 280	   0	   0	   0	   0
  95	 104	 118	 127	   0	   0	 281	   0	   0	   0	   0
  96	 103	  88	  97	   0	   0	 282	   0	   0	   0	   0
 105	 114	 119	 128	   0	   0	 283	   0	   0	   0	   0
 120	 120	 118	 127	   0	   0	 284	   0	   0	   0	   0
 121	 128	  41	  50	   0	   0	 285	   0	   0	   0	   0
   1	   3	  51	  60	   0	   0	 286	   0	   0	   0	   0
   4	   4	  67	  71	   0	   0	 287	   0	   0	   0	   0
  25	  25	  80	  88	   0	   0	 288	   0	   0	   0	   0
  26	  30	  78	  87	   0	   0	 289	   0	   0	   0	   0
  31	  31	  67	  71	   0	   0	 290	   0	   0	   0	   0
  32	  41	  51	  60	   0	   0	 291	   0	   0	   0	   0
  42	  42	  58	  67	   0	   0	 292	   0	   0	   0	   0
  43	  52	  59	  68	   0	   0	 293	   0	   0	   0	   0
  68	  68	  58	  67	   0	   0	 294	   0	   0	   0	   0
  69	  78	  51	  60	   0	   0	 295	   0	   0	   0	   0
  79	  79	 128	 128	   0	   0	 296	   0	   0	   0	   0
  95	 104	 128	 128	   0	   0	 297	   0	   0	   0	   0
  96	 103	  98	 107	   0	   0	 298	   0	   0	   0	   0
 120	 120	 128	 128	   0	   0	 299	   0	   0	   0	   0
 121	 128	  51	  60	   0	   0	 300	   0	   0	   0	   0
   1	   3	  61	  70	   0	   0	 301	   0	   0	   0	   0
   4	   4	  80	  88	   0	   0	 302	   0	   0	   0	   0
  25	  25	  96	 102	   0	   0	 303	   0	   0	   0	   0
  26	  30	  88	  97	   0	   0	 304	   0	   0	   0	   0
  31	  31	  80	  88	   0	   0	 305	   0	   0	   0	   0
  32	  41	  61	  70	   0	   0	 306	   0	   0	   0	   0
  42	  42	  68	  70	   0	   0	 307	   0	   0	   0	   0
  43	  43	  69	  70	   0	   0	 308	   0	   0	   0	   0
  44	  44	  69	  71	   0	   0	 309	   0	   0	   0	   0
  45	  51	  69	  78	   0	   0	 310	   0	   0	   0	   0
  52	  52	  69	  71	   0	   0	 311	   0	   0	   0	   0
  68	  68	  68	  71	   0	   0	 312	   0	   0	   0	   0
  69	  78	  61	  70	   0	   0	 313	   0	   0	   0	   0
  96	 103	 108	 117	   0	   0	 314	   0	   0	   0	   0
 121	 128	  61	  70	   0	   0	 315	   0	   0	   0	   0
   1	   3	  71	  80	   0	   0	 316	   0	   0	   0	   0
   4	   4	  96	 103	   0	   0	 317	   0	   0	   0	   0
   5	  14	 119	 128	   0	   0	 318	   0	   0	   0	   0
  26	  30	  98	 102	   0	   0	 319	   0	   0	   0	   0
  31	  31	  96	 102	   0	   0	 320	   0	   0	   0	   0
  44	  44	  80	  88	   0	   0	 321	   0	   0	   0	   0
  45	  51	  79	  88	   0	   0	 322	   0	   0	   0	   0
  52	  52	  96	 103	   0	   0	 323	   0	   0	   0	   0
  68	  68	  96	 103	   0	   0	 324	   0	   0	   0	   0
  69	  78	  71	  80	   0	   0	 325	   0	   0	   0	   0
 121	 128	  71	  80	   0	   0	 326	   0	   0	   0	   0
   1	   3	  81	  90	   0	   0	 327	   0	   0	   0	   0
   4	   4	 118	 127	   0	   0	 328	   0	   0	   0	   0
  44	  44	  96	 103	   0	   0	 329	   0	   0	   0	   0
  45	  51	  89	  98	   0	   0	 330	   0	   0	   0	   0
  52	  52	 118	 127	   0	   0	 331	   0	   0	   0	   0
  53	  62	 119	 128	   0	   0	 332	   0	   0	   0	   0
  68	  68	 118	 127	   0	   0	 333	   0	   0	   0	   0
  69	  78	  81	  90	   0	   0	 334	   0	   0	   0	   0
 121	 128	  81	  90	   0	   0	 335	   0	   0	   0	   0
   1	   3	  91	 100	   0	   0	 336	   0	   0	   0	   0
   4	   4	 128	 128	   0	   0	 337	   0	   0	   0	   0
  44	  44	 118	 127	   0	   0	 338	   0	   0	   0	   0
  45	  51	  99	 108	   0	   0	 339	   0	   0	   0	   0
  52	  52	 128	 128	   0	   0	 340	   0	   0	   0	   0
  68	  68	 128	 128	   0	   0	 341	   0	   0	   0	   0
  69	  78	  91	 100	   0	   0	 342	   0	   0	   0	   0
 121	 128	  91	 100	   0	   0	 343	   0	   0	   0	   0
   1	   3	 101	 110	   0	   0	 344	   0	   0	   0	   0
  44	  44	 128	 128	   0	   0	 345	   0	   0	   0	   0
  45	  51	 109	 118	   0	   0	 346	   0	   0	   0	   0
  69	  78	 101	 110	   0	   0	 347	   0	   0	   0	   0
 121	 128	 101	 110	   0	   0	 348	   0	   0	   0	   0
   1	   3	 111	 120	   0	   0	 349	   0	   0	   0	   0
  45	  51	 119	 128	   0	   0	 350	   0	   0	   0	   0
  69	  78	 111	 120	   0	   0	 351	   0	   0	   0	   0
 121	 128	 111	 120	   0	   0	 352	   0	   0	   0	   0
   1	   3	 121	 128	   0	   0	 353	   0	   0	   0	   0
  69	  78	 121	 128	   0	   0	 354	   0	   0	   0	   0
 121	 128	 121	 128	   0	   0	 355	   0	   0	   0	   0
  15	  24	  57	  57	   0	   0	 356	   0	   0	   0	   0
  15	  24	  31	  31	   0	   0	 357	   0	   0	   0	   0
  15	  24	  80	  88	   0	   0	 358	   0	   0	   0	   0
  15	  24	  68	  71	   0	   0	 359	   0	   0	   0	   0
  15	  24	  96	 103	   0	   0	 360	   0	   0	   0	   0
  15	  24	 118	 118	   0	   0	 361	   0	   0	   0	   0
  42	  43	  80	  88	   0	   0	 362	   0	   0	   0	   0
  42	  43	  71	  71	   0	   0	 363	   0	   0	   0	   0
  42	  43	  96	 102	   0	   0	 364	   0	   0	   0	   0
  53	  62	  18	  18	   0	   0	 365	   0	   0	   0	   0
  53	  62	   1	   4	   0	   0	 366	   0	   0	   0	   0
  63	  67	  96	 103	   0	   0	 367	   0	   0	   0	   0
  63	  67	  69	  71	   0	   0	 368	   0	   0	   0	   0
  63	  67	 118	 118	   0	   0	 369	   0	   0	   0	   0
  90	  99	  57	  57	   0	   0	 370	   0	   0	   0	   0
  90	  99	   1	   4	   0	   0	 371	   0	   0	   0	   0
  90	  94	 100	 108	   0	   0	 372	   0	   0	   0	   0
  90	  94	  68	  71	   0	   0	 373	   0	   0	   0	   0
  90	  94	 118	 118	   0	   0	 374	   0	   0	   0	   0
  90	  94	 109	 109	   0	   0	 375	   0	   0	   0	   0
 115	 119	 100	 108	   0	   0	 376	   0	   0	   0	   0
 115	 119	  68	  71	   0	   0	 377	   0	   0	   0	   0
 115	 119	 118	 118	   0	   0	 378	   0	   0	   0	   0
 115	 119	 109	 109	   0	   0	 379	   0	   0	   0	   0
  11	  20	   1	  10	   0	   0	 380	   0	   0	   0	   0
  11	  20	  11	  20	   0	   0	 381	   0	   0	   0	   0
  53	  62	  19	  28	   0	   0	 382	   0	   0	   0	   0
  90	  99	  58	  67	   0	   0	 383	   0	   0	   0	   0
  11	  20	  21	  30	   0	   0	 384	   0	   0	   0	   0
  53	  62	  29	  38	   0	   0	 385	   0	   0	   0	   0
  15	  24	  58	  67	   0	   0	 386	   0	   0	   0	   0
  53	  62	  39	  48	   0	   0	 387	   0	   0	   0	   0
  53	  62	  49	  58	   0	   0	 388	   0	   0	   0	   0
  90	  94	 119	 128	   0	   0	 389	   0	   0	   0	   0
 115	 119	 119	 128	   0	   0	 390	   0	   0	   0	   0
  53	  62	  59	  68	   0	   0	 391	   0	   0	   0	   0
  15	  24	 119	 128	   0	   0	 392	   0	   0	   0	   0
  63	  67	 119	 128	   0	   0	 393	   0	   0	   0	   0
  25	  30	  57	  57	   0	   0	 394	   0	   0	   0	   0
  25	  30	  31	  31	   0	   0	 395	   0	   0	   0	   0
  25	  34	 118	 118	   0	   0	 396	   0	   0	   0	   0
  25	  34	 103	 103	   0	   0	 397	   0	   0	   0	   0
  63	  67	  18	  18	   0	   0	 398	   0	   0	   0	   0
  63	  67	   1	   4	   0	   0	 399	   0	   0	   0	   0
 100	 109	  57	  57	   0	   0	 400	   0	   0	   0	   0
 100	 109	   1	   4	   0	   0	 401	   0	   0	   0	   0
  21	  30	   1	  10	   0	   0	 402	   0	   0	   0	   0
  21	  30	  11	  20	   0	   0	 403	   0	   0	   0	   0
  63	  67	  19	  28	   0	   0	 404	   0	   0	   0	   0
 100	 109	  58	  67	   0	   0	 405	   0	   0	   0	   0
  21	  30	  21	  30	   0	   0	 406	   0	   0	   0	   0
  63	  67	  29	  38	   0	   0	 407	   0	   0	   0	   0
  25	  30	  58	  67	   0	   0	 408	   0	   0	   0	   0
  63	  67	  39	  48	   0	   0	 409	   0	   0	   0	   0
  63	  67	  49	  58	   0	   0	 410	   0	   0	   0	   0
  63	  67	  59	  68	   0	   0	 411	   0	   0	   0	   0
  25	  34	 119	 128	   0	   0	 412	   0	   0	   0	   0
  35	  43	 118	 118	   0	   0	 413	   0	   0	   0	   0
  35	  43	 103	 103	   0	   0	 414	   0	   0	   0	   0
 110	 119	  57	  57	   0	   0	 415	   0	   0	   0	   0
 110	 119	   1	   4	   0	   0	 416	   0	   0	   0	   0
  31	  41	   1	  10	   0	   0	 417	   0	   0	   0	   0
  31	  41	  11	  20	   0	   0	 418	   0	   0	   0	   0
 110	 119	  58	  67	   0	   0	 419	   0	   0	   0	   0
  31	  41	  21	  30	   0	   0	 420	   0	   0	   0	   0
  35	  43	 119	 128	   0	   0	 421	   0	   0	   0	   0
