#   or     wl    blk    bld
     1      1      1      1
     2      1      1      1
     5      1      1      1
     1      1      2      1
     5      1      2      1
     1      1      3      1
     2      1      3      1
     1      1      4      1
     5      1      4      1
     1      1      5      1
     2      1      5      1
     1      1      6      1
     5      1      6      1
     1      1      7      1
     2      1      7      1
     4      1      7      1
     1      1      8      1
     5      1      8      1
     1      1      9      1
     2      1      9      1
     1      1     10      1
     5      1     10      1
     1      1     11      1
     2      1     11      1
     1      1     12      1
     5      1     12      1
     1      1     13      1
     2      1     13      1
     4      1     13      1
     1      1     14      1
     5      1     14      1
     1      1     15      1
     2      1     15      1
     1      1     16      1
     5      1     16      1
     1      1     17      1
     2      1     17      1
     3      1     17      1
     4      1     17      1
     1      1     18      1
     3      1     18      1
     5      1     18      1
     1      1     19      1
     5      1     19      1
     1      1     20      1
     3      1     20      1
     4      1     20      1
     1      1     21      1
     5      1     21      1
     1      1     22      1
     5      1     22      1
     1      1     23      1
     3      1     23      1
     4      1     23      1
     1      1     24      1
     5      1     24      1
     1      1     25      1
     3      1     25      1
     4      1     25      1
     1      1     26      1
     2      1     26      1
     5      1     26      1
     1      1     27      2
     2      1     27      2
     5      1     27      2
     1      1     28      1
     5      1     28      1
     1      1     29      1
     3      1     29      1
     4      1     29      1
     1      1     30      2
     5      1     30      2
     1      1     31      2
     2      1     31      2
     4      1     31      2
     1      1     32      1
     5      1     32      1
     1      1     33      1
     3      1     33      1
     4      1     33      1
     1      1     34      2
     2      1     34      2
     5      1     34      2
     1      1     35      2
     2      1     35      2
     4      1     35      2
     1      1     36      1
     5      1     36      1
     1      1     37      2
     5      1     37      2
     1      1     38      2
     2      1     38      2
     1      1     39      1
     5      1     39      1
     1      1     40      1
     3      1     40      1
     4      1     40      1
     1      1     41      2
     5      1     41      2
     1      1     42      2
     2      1     42      2
     1      1     43      1
     5      1     43      1
     1      1     44      2
     2      1     44      2
     5      1     44      2
     1      1     45      2
     2      1     45      2
     1      1     46      1
     5      1     46      1
     1      1     47      1
     3      1     47      1
     4      1     47      1
     1      1     48      2
     5      1     48      2
     1      1     49      2
     2      1     49      2
     1      1     50      1
     5      1     50      1
     1      1     51      1
     3      1     51      1
     4      1     51      1
     1      1     52      2
     2      1     52      2
     5      1     52      2
     1      1     53      2
     2      1     53      2
     1      1     54      1
     5      1     54      1
     1      1     55      2
     5      1     55      2
     1      1     56      2
     2      1     56      2
     1      1     57      1
     5      1     57      1
     1      1     58      1
     3      1     58      1
     4      1     58      1
     1      1     59      2
     2      1     59      2
     5      1     59      2
     1      1     60      2
     2      1     60      2
     1      1     61      1
     5      1     61      1
     1      1     62      2
     5      1     62      2
     1      1     63      1
     5      1     63      1
     1      1     64      1
     3      1     64      1
     4      1     64      1
     1      1     65      1
     5      1     65      1
     1      1     66      1
     3      1     66      1
     4      1     66      1
     1      1     67      2
     3      1     67      2
     5      1     67      2
     1      1     68      2
     3      1     68      2
     4      1     68      2
     1      1     69      1
     5      1     69      1
     1      1     70      2
     3      1     70      2
     5      1     70      2
     1      1     71      1
     5      1     71      1
     1      1     72      1
     3      1     72      1
     4      1     72      1
     1      1     73      2
     3      1     73      2
     5      1     73      2
     1      1     74      2
     3      1     74      2
     4      1     74      2
     1      1     75      1
     5      1     75      1
     1      1     76      1
     3      1     76      1
     4      1     76      1
     1      1     77      2
     3      1     77      2
     5      1     77      2
     1      1     78      1
     3      1     78      1
     5      1     78      1
     1      1     79      2
     5      1     79      2
     1      1     80      2
     3      1     80      2
     4      1     80      2
     1      1     81      2
     5      1     81      2
     1      1     82      2
     2      1     82      2
     5      1     82      2
     1      1     83      2
     3      1     83      2
     4      1     83      2
     1      1     84      2
     5      1     84      2
     1      1     85      2
     2      1     85      2
     5      1     85      2
     1      1     86      2
     5      1     86      2
     1      1     87      2
     3      1     87      2
     4      1     87      2
     1      1     88      2
     2      1     88      2
     5      1     88      2
     1      1     89      2
     2      1     89      2
     4      1     89      2
     1      1     90      2
     2      1     90      2
     5      1     90      2
     1      1     91      2
     5      1     91      2
     1      1     92      2
     2      1     92      2
     1      1     93      2
     3      1     93      2
     4      1     93      2
     1      1     94      2
     2      1     94      2
     5      1     94      2
     1      1     95      2
     5      1     95      2
     1      1     96      2
     3      1     96      2
     5      1     96      2
     1      1     97      2
     3      1     97      2
     4      1     97      2
     1      1     98      2
     3      1     98      2
     5      1     98      2
     1      1     99      2
     3      1     99      2
     5      1     99      2
     1      1    100      2
     3      1    100      2
     4      1    100      2
     1      1    101      2
     5      1    101      2
     1      1    102      2
     5      1    102      2
     1      1    103      2
     3      1    103      2
     4      1    103      2
     1      1    104      2
     5      1    104      2
     1      1    105      2
     2      1    105      2
     5      1    105      2
     1      1    106      2
     2      1    106      2
     5      1    106      2
     1      1    107      2
     3      1    107      2
     4      1    107      2
     1      1    108      2
     5      1    108      2
     1      1    109      2
     2      1    109      2
     1      1    110      2
     2      1    110      2
     5      1    110      2
     1      1    111      2
     3      1    111      2
     4      1    111      2
     1      1    112      2
     5      1    112      2
     1      1    113      2
     5      1    113      2
     1      1    114      2
     3      1    114      2
     4      1    114      2
     1      1    115      2
     3      1    115      2
     5      1    115      2
     1      1    116      2
     3      1    116      2
     5      1    116      2
     1      1    117      2
     3      1    117      2
     4      1    117      2
     1      1    118      2
     5      1    118      2
     1      1    119      2
     5      1    119      2
     1      1    120      2
     3      1    120      2
     4      1    120      2
     1      1    121      2
     3      1    121      2
     5      1    121      2
     1      1    122      1
     2      1    122      1
     1      1    123      2
     1      1    124      2
     3      1    124      2
     1      1    125      1
     1      1    126      2
     4      1    126      2
     1      1    127      1
     3      1    127      1
     4      1    127      1
     1      1    128      2
     4      1    128      2
     1      1    129      2
     1      1    130      2
     1      1    131      2
     4      1    131      2
     1      1    132      2
     1      1    133      2
     4      1    133      2
     1      1    134      2
     1      1    135      2
     1      1    136      2
     3      1    136      2
     1      1    137      2
     4      1    137      2
     1      1    138      2
     1      1    139      1
     1      1    140      1
     4      1    140      1
     1      1    141      1
     1      1    142      1
     1      1    143      1
     1      1    144      1
     2      1    144      1
     4      1    144      1
     1      1    145      2
     4      1    145      2
     1      1    146      2
     1      1    147      2
     1      1    148      2
     4      1    148      2
     1      1    149      2
     1      1    150      2
     1      1    151      2
     1      1    152      2
     3      1    152      2
     1      1    153      2
     4      1    153      2
     1      1    154      2
     1      1    155      2
     1      1    156      2
     2      1    156      2
     1      1    157      2
     3      1    157      2
     1      1    158      1
     1      1    159      2
     1      1    160      1
     1      1    161      1
     1      1    162      1
     4      1    162      1
     1      1    163      2
     3      1    163      2
     1      1    164      1
     1      1    165      1
     1      1    166      1
     1      1    167      1
     2      1    167      1
     4      1    167      1
     1      1    168      2
     1      1    169      2
     1      1    170      2
     2      1    170      2
     4      1    170      2
     1      1    171      2
     1      1    172      2
     1      1    173      2
     2      1    173      2
     4      1    173      2
     1      1    174      2
     3      1    174      2
     1      1    175      1
     1      1    176      1
     1      1    177      1
     4      1    177      1
     1      1    178      1
     1      1    179      1
     1      1    180      1
     2      1    180      1
     4      1    180      1
     1      1    181      2
     4      1    181      2
     1      1    182      2
     3      1    182      2
     1      1    183      1
     1      1    184      1
     1      1    185      1
     1      1    186      1
     4      1    186      1
     1      1    187      2
     1      1    188      2
     2      1    188      2
     4      1    188      2
     1      1    189      2
     3      1    189      2
     1      1    190      1
     1      1    191      1
     1      1    192      1
     1      1    193      1
     4      1    193      1
     1      1    194      1
     1      1    195      1
     1      1    196      1
     2      1    196      1
     4      1    196      1
     1      1    197      1
     1      1    198      1
     4      1    198      1
     1      1    199      1
     1      1    200      1
     1      1    201      1
     2      1    201      1
     4      1    201      1
     1      1    202      2
     1      1    203      2
     1      1    204      2
     3      1    204      2
     1      1    205      1
     1      1    206      1
     1      1    207      1
     4      1    207      1
     1      1    208      2
     4      1    208      2
     1      1    209      2
     3      1    209      2
     1      1    210      1
     4      1    210      1
     1      1    211      1
     1      1    212      1
     2      1    212      1
     4      1    212      1
     1      1    213      2
     1      1    214      2
     3      1    214      2
     1      1    215      2
     1      1    216      2
     1      1    217      2
     3      1    217      2
     4      1    217      2
     1      1    218      2
     1      1    219      2
     1      1    220      2
     1      1    221      2
     1      1    222      2
     1      1    223      2
     2      1    223      2
     4      1    223      2
     1      1    224      2
     4      1    224      2
     1      1    225      2
     4      1    225      2
     1      1    226      2
     1      1    227      2
     1      1    228      2
     1      1    229      2
     2      1    229      2
     4      1    229      2
     1      1    230      2
     1      1    231      2
     2      1    231      2
     4      1    231      2
     1      1    232      2
     1      1    233      2
     1      1    234      2
     2      1    234      2
     4      1    234      2
     1      1    235      2
     1      1    236      2
     1      1    237      2
     2      1    237      2
     4      1    237      2
     1      1    238      2
     4      1    238      2
     1      1    239      2
     4      1    239      2
     1      1    240      2
     1      1    241      2
     1      1    242      2
     1      1    243      2
     2      1    243      2
     4      1    243      2
     1      1    244      2
     4      1    244      2
     1      1    245      2
     2      1    245      2
     4      1    245      2
     3   -101      1   -101
     3   -101      2   -101
     3   -101      3   -101
     3   -101      4   -101
     3   -101      5   -101
     3   -101      6   -101
     3   -101      7   -101
     2   -101      8   -101
     2   -101      9   -101
     2   -101     10   -101
     2   -101     11   -101
     2   -101     12   -101
     2   -101     13   -101
     2   -101     14   -101
     5   -101     15   -101
     5   -101     16   -101
     5   -101     17   -101
     5   -101     18   -101
     5   -101     19   -101
     5   -101     20   -101
     5   -101     21   -101
     4   -101     22   -101
     4   -101     23   -101
     4   -101     24   -101
     4   -101     25   -101
     4   -101     26   -101
     4   -101     27   -101
     4   -101     28   -101
     1     -1      1     -1
     1     -1      2     -1
     1     -1      3     -1
     1     -1      4     -1
     1     -1      5     -1
     1     -1      6     -1
     1     -1      7     -1
     1     -1      8     -1
     1     -1      9     -1
     1     -1     10     -1
     1     -1     11     -1
     1     -1     12     -1
     1     -1     13     -1
     1     -1     14     -1
     1     -1     15     -1
     1     -1     16     -1
     1     -1     17     -1
     1     -1     18     -1
     1     -1     19     -1
     1     -1     20     -1
     1     -1     21     -1
     1     -1     22     -1
     1     -1     23     -1
     1     -1     24     -1
     1     -1     25     -1
     1     -1     26     -1
     1     -1     27     -1
     1     -1     28     -1
     1     -1     29     -1
     1     -1     30     -1
     1     -1     31     -1
     1     -1     32     -1
     1     -1     33     -1
     1     -1     34     -1
     1     -1     35     -1
     1     -1     36     -1
     1     -1     37     -1
     1     -1     38     -1
     1     -1     39     -1
     1     -1     40     -1
     1     -1     41     -1
     1     -1     42     -1
     1     -1     43     -1
     1     -1     44     -1
     1     -1     45     -1
     1     -1     46     -1
     1     -1     47     -1
     1     -1     48     -1
     1     -1     49     -1
     1     -1     50     -1
     1     -1     51     -1
     1     -1     52     -1
     1     -1     53     -1
     1     -1     54     -1
     1     -1     55     -1
     1     -1     56     -1
     1     -1     57     -1
     1     -1     58     -1
     1     -1     59     -1
     1     -1     60     -1
     1     -1     61     -1
     1     -1     62     -1
     1     -1     63     -1
     1     -1     64     -1
     1     -1     65     -1
     1     -1     66     -1
     1     -1     67     -1
     1     -1     68     -1
     1     -1     69     -1
     1     -1     70     -1
     1     -1     71     -1
     1     -1     72     -1
     1     -1     73     -1
     1     -1     74     -1
     1     -1     75     -1
     1     -1     76     -1
     1     -1     77     -1
     1     -1     78     -1
     1     -1     79     -1
     1     -1     80     -1
     1     -1     81     -1
     1     -1     82     -1
     1     -1     83     -1
     1     -1     84     -1
     1     -1     85     -1
     1     -1     86     -1
     1     -1     87     -1
     1     -1     88     -1
     1     -1     89     -1
     1     -1     90     -1
     1     -1     91     -1
     1     -1     92     -1
     1     -1     93     -1
     1     -1     94     -1
     1     -1     95     -1
     1     -1     96     -1
     1     -1     97     -1
     1     -1     98     -1
     1     -1     99     -1
     1     -1    100     -1
     1     -1    101     -1
     1     -1    102     -1
     1     -1    103     -1
     1     -1    104     -1
     1     -1    105     -1
     1     -1    106     -1
     1     -1    107     -1
     1     -1    108     -1
     1     -1    109     -1
     1     -1    110     -1
     1     -1    111     -1
     1     -1    112     -1
     1     -1    113     -1
     1     -1    114     -1
     1     -1    115     -1
     1     -1    116     -1
     1     -1    117     -1
     1     -1    118     -1
     1     -1    119     -1
     1     -1    120     -1
     1     -1    121     -1
     1     -1    122     -1
     1     -1    123     -1
     1     -1    124     -1
     1     -1    125     -1
     1     -1    126     -1
     1     -1    127     -1
     1     -1    128     -1
     1     -1    129     -1
     1     -1    130     -1
     1     -1    131     -1
     1     -1    132     -1
     1     -1    133     -1
     1     -1    134     -1
     1     -1    135     -1
     1     -1    136     -1
     1     -1    137     -1
     1     -1    138     -1
     1     -1    139     -1
     1     -1    140     -1
     1     -1    141     -1
     1     -1    142     -1
     1     -1    143     -1
     1     -1    144     -1
     1     -1    145     -1
     1     -1    146     -1
     1     -1    147     -1
     1     -1    148     -1
     1     -1    149     -1
     1     -1    150     -1
     1     -1    151     -1
     1     -1    152     -1
     1     -1    153     -1
     1     -1    154     -1
     1     -1    155     -1
     1     -1    156     -1
     1     -1    157     -1
     1     -1    158     -1
     1     -1    159     -1
     1     -1    160     -1
     1     -1    161     -1
     1     -1    162     -1
     1     -1    163     -1
     1     -1    164     -1
     1     -1    165     -1
     1     -1    166     -1
     1     -1    167     -1
     1     -1    168     -1
     1     -1    169     -1
     1     -1    170     -1
     1     -1    171     -1
     1     -1    172     -1
     1     -1    173     -1
     1     -1    174     -1
     1     -1    175     -1
     1     -1    176     -1
     1     -1    177     -1
     1     -1    178     -1
     1     -1    179     -1
     1     -1    180     -1
     1     -1    181     -1
     1     -1    182     -1
     1     -1    183     -1
     1     -1    184     -1
     1     -1    185     -1
     1     -1    186     -1
     1     -1    187     -1
     1     -1    188     -1
     1     -1    189     -1
     1     -1    190     -1
     1     -1    191     -1
     1     -1    192     -1
     1     -1    193     -1
     1     -1    194     -1
     1     -1    195     -1
     1     -1    196     -1
     1     -1    197     -1
     1     -1    198     -1
     1     -1    199     -1
     1     -1    200     -1
     1     -1    201     -1
     1     -1    202     -1
     1     -1    203     -1
     1     -1    204     -1
     1     -1    205     -1
     1     -1    206     -1
     1     -1    207     -1
     1     -1    208     -1
     1     -1    209     -1
     1     -1    210     -1
     1     -1    211     -1
     1     -1    212     -1
     1     -1    213     -1
     1     -1    214     -1
     1     -1    215     -1
     1     -1    216     -1
     1     -1    217     -1
     1     -1    218     -1
     1     -1    219     -1
     1     -1    220     -1
     1     -1    221     -1
     1     -1    222     -1
     1     -1    223     -1
     1     -1    224     -1
     1     -1    225     -1
     1     -1    226     -1
     1     -1    227     -1
     1     -1    228     -1
     1     -1    229     -1
     1     -1    230     -1
     1     -1    231     -1
     1     -1    232     -1
     1     -1    233     -1
     1     -1    234     -1
     1     -1    235     -1
     1     -1    236     -1
     1     -1    237     -1
     1     -1    238     -1
     1     -1    239     -1
     1     -1    240     -1
     1     -1    241     -1
     1     -1    242     -1
     1     -1    243     -1
     1     -1    244     -1
     1     -1    245     -1
     1     -1    246     -1
     1     -1    247     -1
     1     -1    248     -1
     1     -1    249     -1
     1     -1    250     -1
     1     -1    251     -1
     1     -1    252     -1
     1     -1    253     -1
     1     -1    254     -1
     1     -1    255     -1
     1     -1    256     -1
     1     -1    257     -1
     1     -1    258     -1
     1     -1    259     -1
     1     -1    260     -1
     1     -1    261     -1
     1     -1    262     -1
     1     -1    263     -1
     1     -1    264     -1
     1     -1    265     -1
     1     -1    266     -1
     1     -1    267     -1
     1     -1    268     -1
     1     -1    269     -1
     1     -1    270     -1
     1     -1    271     -1
     1     -1    272     -1
     1     -1    273     -1
     1     -1    274     -1
     1     -1    275     -1
     1     -1    276     -1
     1     -1    277     -1
     1     -1    278     -1
     1     -1    279     -1
     1     -1    280     -1
     1     -1    281     -1
     1     -1    282     -1
     1     -1    283     -1
     1     -1    284     -1
     1     -1    285     -1
     1     -1    286     -1
     1     -1    287     -1
     1     -1    288     -1
     1     -1    289     -1
     1     -1    290     -1
     1     -1    291     -1
     1     -1    292     -1
     1     -1    293     -1
     1     -1    294     -1
     1     -1    295     -1
     1     -1    296     -1
     1     -1    297     -1
     1     -1    298     -1
     1     -1    299     -1
     1     -1    300     -1
     1     -1    301     -1
     1     -1    302     -1
     1     -1    303     -1
     1     -1    304     -1
     1     -1    305     -1
     1     -1    306     -1
     1     -1    307     -1
     1     -1    308     -1
     1     -1    309     -1
     1     -1    310     -1
     1     -1    311     -1
     1     -1    312     -1
     1     -1    313     -1
     1     -1    314     -1
     1     -1    315     -1
     1     -1    316     -1
     1     -1    317     -1
     1     -1    318     -1
     1     -1    319     -1
     1     -1    320     -1
     1     -1    321     -1
     1     -1    322     -1
     1     -1    323     -1
     1     -1    324     -1
     1     -1    325     -1
     1     -1    326     -1
     1     -1    327     -1
     1     -1    328     -1
     1     -1    329     -1
     1     -1    330     -1
     1     -1    331     -1
     1     -1    332     -1
     1     -1    333     -1
     1     -1    334     -1
     1     -1    335     -1
     1     -1    336     -1
     1     -1    337     -1
     1     -1    338     -1
     1     -1    339     -1
     1     -1    340     -1
     1     -1    341     -1
     1     -1    342     -1
     1     -1    343     -1
     1     -1    344     -1
     1     -1    345     -1
     1     -1    346     -1
     1     -1    347     -1
     1     -1    348     -1
     1     -1    349     -1
     1     -1    350     -1
     1     -1    351     -1
     1     -1    352     -1
     1     -1    353     -1
     1     -1    354     -1
