# area of facets
650.000000
525.000000
525.000000
546.000000
546.000000
160.000000
168.000000
168.000000
420.000000
420.000000
140.000000
84.000000
84.000000
240.000000
240.000000
546.000000
140.000000
140.000000
390.000000
390.000000
96.000000
168.000000
168.000000
252.000000
252.000000
84.000000
112.000000
112.000000
192.000000
192.000000
325.000000
286.000000
286.000000
550.000000
550.000000
360.000000
528.000000
528.000000
330.000000
330.000000
210.000000
294.000000
294.000000
315.000000
315.000000
2080.000000
468.000000
468.000000
360.000000
360.000000
420.000000
280.000000
280.000000
150.000000
150.000000
120.000000
128.000000
128.000000
240.000000
240.000000
420.000000
448.000000
448.000000
240.000000
240.000000
120.000000
112.000000
112.000000
210.000000
210.000000
100.000000
60.000000
100.000000
60.000000
100.000000
60.000000
100.000000
60.000000
100.000000
60.000000
100.000000
60.000000
100.000000
60.000000
100.000000
60.000000
100.000000
60.000000
100.000000
60.000000
100.000000
60.000000
100.000000
60.000000
80.000000
48.000000
100.000000
60.000000
100.000000
60.000000
100.000000
60.000000
100.000000
60.000000
100.000000
60.000000
100.000000
60.000000
100.000000
60.000000
100.000000
60.000000
100.000000
60.000000
100.000000
60.000000
100.000000
60.000000
100.000000
60.000000
80.000000
48.000000
100.000000
60.000000
100.000000
60.000000
100.000000
60.000000
100.000000
60.000000
100.000000
60.000000
100.000000
60.000000
100.000000
60.000000
100.000000
60.000000
100.000000
60.000000
100.000000
60.000000
100.000000
60.000000
100.000000
60.000000
80.000000
48.000000
100.000000
60.000000
100.000000
60.000000
100.000000
60.000000
100.000000
60.000000
100.000000
60.000000
100.000000
60.000000
100.000000
60.000000
100.000000
60.000000
100.000000
60.000000
100.000000
60.000000
100.000000
60.000000
100.000000
60.000000
80.000000
48.000000
25.000000
25.000000
10.000000
10.000000
8.000000
8.000000
90.000000
40.000000
7.000000
7.000000
80.000000
14.000000
14.000000
10.000000
8.000000
8.000000
90.000000
10.000000
7.000000
7.000000
70.000000
13.000000
13.000000
10.000000
40.000000
24.000000
24.000000
80.000000
30.000000
14.000000
14.000000
10.000000
52.000000
52.000000
10.000000
40.000000
28.000000
28.000000
90.000000
40.000000
8.000000
8.000000
10.000000
10.000000
28.000000
28.000000
90.000000
40.000000
8.000000
8.000000
10.000000
10.000000
100.000000
4.000000
4.000000
100.000000
4.000000
4.000000
80.000000
100.000000
10.000000
100.000000
10.000000
100.000000
10.000000
100.000000
10.000000
80.000000
100.000000
10.000000
100.000000
10.000000
100.000000
5.000000
4.000000
80.000000
4.000000
5.000000
80.000000
30.000000
1.000000
100.000000
1.000000
100.000000
10.000000
100.000000
10.000000
100.000000
10.000000
10.000000
80.000000
10.000000
10.000000
80.000000
30.000000
10.000000
4.000000
50.000000
10.000000
100.000000
10.000000
100.000000
10.000000
100.000000
10.000000
100.000000
100.000000
80.000000
100.000000
10.000000
80.000000
30.000000
5.000000
9.000000
50.000000
5.000000
100.000000
10.000000
100.000000
10.000000
100.000000
1.000000
10.000000
80.000000
1.000000
80.000000
30.000000
9.000000
7.000000
50.000000
9.000000
100.000000
3.000000
2.000000
3.000000
70.000000
3.000000
4.000000
100.000000
80.000000
80.000000
30.000000
8.000000
100.000000
25.000000
7.000000
9.000000
70.000000
8.000000
8.000000
100.000000
80.000000
30.000000
10.000000
8.000000
70.000000
10.000000
100.000000
10.000000
100.000000
80.000000
30.000000
1.000000
10.000000
70.000000
1.000000
1.000000
100.000000
80.000000
30.000000
1.000000
70.000000
100.000000
80.000000
30.000000
70.000000
100.000000
80.000000
24.000000
80.000000
64.000000
10.000000
10.000000
90.000000
40.000000
80.000000
10.000000
18.000000
2.000000
14.000000
10.000000
40.000000
40.000000
15.000000
5.000000
10.000000
40.000000
45.000000
20.000000
5.000000
5.000000
45.000000
20.000000
5.000000
5.000000
100.000000
100.000000
100.000000
100.000000
100.000000
100.000000
100.000000
100.000000
100.000000
50.000000
50.000000
100.000000
100.000000
50.000000
6.000000
6.000000
10.000000
10.000000
5.000000
20.000000
10.000000
40.000000
100.000000
100.000000
50.000000
100.000000
100.000000
50.000000
60.000000
50.000000
50.000000
50.000000
100.000000
9.000000
9.000000
10.000000
40.000000
110.000000
110.000000
100.000000
110.000000
90.000000
