# SDBL flow 
# z uq vq pqx pqy wfls dqtdxls dqtdyls dqtdtls dthlrad      
0.500000000000000    1.500000     0.000000     0.000000     0.000000     0.000000000     0.000000     0.000000     0.000000     0.000000000000   
1.500000000000000    1.500000     0.000000     0.000000     0.000000     0.000000000     0.000000     0.000000     0.000000     0.000000000000   
2.500000000000000    1.500000     0.000000     0.000000     0.000000     0.000000000     0.000000     0.000000     0.000000     0.000000000000   
3.500000000000000    1.500000     0.000000     0.000000     0.000000     0.000000000     0.000000     0.000000     0.000000     0.000000000000   
4.500000000000000    1.500000     0.000000     0.000000     0.000000     0.000000000     0.000000     0.000000     0.000000     0.000000000000   
5.500000000000000    1.500000     0.000000     0.000000     0.000000     0.000000000     0.000000     0.000000     0.000000     0.000000000000   
6.500000000000000    1.500000     0.000000     0.000000     0.000000     0.000000000     0.000000     0.000000     0.000000     0.000000000000   
7.500000000000000    1.500000     0.000000     0.000000     0.000000     0.000000000     0.000000     0.000000     0.000000     0.000000000000   
8.500000000000000    1.500000     0.000000     0.000000     0.000000     0.000000000     0.000000     0.000000     0.000000     0.000000000000   
9.500000000000000    1.500000     0.000000     0.000000     0.000000     0.000000000     0.000000     0.000000     0.000000     0.000000000000   
10.500000000000000   1.500000     0.000000     0.000000     0.000000     0.000000000     0.000000     0.000000     0.000000     0.000000000000   
11.500000000000000   1.500000     0.000000     0.000000     0.000000     0.000000000     0.000000     0.000000     0.000000     0.000000000000   
12.500000000000000   1.500000     0.000000     0.000000     0.000000     0.000000000     0.000000     0.000000     0.000000     0.000000000000   
13.500000000000000   1.500000     0.000000     0.000000     0.000000     0.000000000     0.000000     0.000000     0.000000     0.000000000000   
14.500000000000000   1.500000     0.000000     0.000000     0.000000     0.000000000     0.000000     0.000000     0.000000     0.000000000000   
15.500000000000000   1.500000     0.000000     0.000000     0.000000     0.000000000     0.000000     0.000000     0.000000     0.000000000000   
16.500000000000000   1.500000     0.000000     0.000000     0.000000     0.000000000     0.000000     0.000000     0.000000     0.000000000000   
17.500000000000000   1.500000     0.000000     0.000000     0.000000     0.000000000     0.000000     0.000000     0.000000     0.000000000000   
18.500000000000000   1.500000     0.000000     0.000000     0.000000     0.000000000     0.000000     0.000000     0.000000     0.000000000000   
19.500000000000000   1.500000     0.000000     0.000000     0.000000     0.000000000     0.000000     0.000000     0.000000     0.000000000000   
20.500000000000000   1.500000     0.000000     0.000000     0.000000     0.000000000     0.000000     0.000000     0.000000     0.000000000000   
21.500000000000000   1.500000     0.000000     0.000000     0.000000     0.000000000     0.000000     0.000000     0.000000     0.000000000000   
22.500000000000000   1.500000     0.000000     0.000000     0.000000     0.000000000     0.000000     0.000000     0.000000     0.000000000000   
23.500000000000000   1.500000     0.000000     0.000000     0.000000     0.000000000     0.000000     0.000000     0.000000     0.000000000000   
24.500000000000000   1.500000     0.000000     0.000000     0.000000     0.000000000     0.000000     0.000000     0.000000     0.000000000000   
25.500000000000000   1.500000     0.000000     0.000000     0.000000     0.000000000     0.000000     0.000000     0.000000     0.000000000000   
26.500000000000000   1.500000     0.000000     0.000000     0.000000     0.000000000     0.000000     0.000000     0.000000     0.000000000000   
27.500000000000000   1.500000     0.000000     0.000000     0.000000     0.000000000     0.000000     0.000000     0.000000     0.000000000000   
28.500000000000000   1.500000     0.000000     0.000000     0.000000     0.000000000     0.000000     0.000000     0.000000     0.000000000000   
29.500000000000000   1.500000     0.000000     0.000000     0.000000     0.000000000     0.000000     0.000000     0.000000     0.000000000000   
30.500000000000000   1.500000     0.000000     0.000000     0.000000     0.000000000     0.000000     0.000000     0.000000     0.000000000000   
31.500000000000000   1.500000     0.000000     0.000000     0.000000     0.000000000     0.000000     0.000000     0.000000     0.000000000000   
32.746372864675635   1.500000     0.000000     0.000000     0.000000     0.000000000     0.000000     0.000000     0.000000     0.000000000000   
34.239351871994842   1.500000     0.000000     0.000000     0.000000     0.000000000     0.000000     0.000000     0.000000     0.000000000000   
35.732797508160985   1.500000     0.000000     0.000000     0.000000     0.000000000     0.000000     0.000000     0.000000     0.000000000000   
37.226709919018496   1.500000     0.000000     0.000000     0.000000     0.000000000     0.000000     0.000000     0.000000     0.000000000000   
38.721089250456870   1.500000     0.000000     0.000000     0.000000     0.000000000     0.000000     0.000000     0.000000     0.000000000000   
40.215935648411197   1.500000     0.000000     0.000000     0.000000     0.000000000     0.000000     0.000000     0.000000     0.000000000000   
41.711249258863248   1.500000     0.000000     0.000000     0.000000     0.000000000     0.000000     0.000000     0.000000     0.000000000000   
43.207030227839851   1.500000     0.000000     0.000000     0.000000     0.000000000     0.000000     0.000000     0.000000     0.000000000000   
44.703278701412373   1.500000     0.000000     0.000000     0.000000     0.000000000     0.000000     0.000000     0.000000     0.000000000000   
46.199994825699378   1.500000     0.000000     0.000000     0.000000     0.000000000     0.000000     0.000000     0.000000     0.000000000000   
47.697178746865561   1.500000     0.000000     0.000000     0.000000     0.000000000     0.000000     0.000000     0.000000     0.000000000000   
49.194830611119102   1.500000     0.000000     0.000000     0.000000     0.000000000     0.000000     0.000000     0.000000     0.000000000000   
50.692950564714835   1.500000     0.000000     0.000000     0.000000     0.000000000     0.000000     0.000000     0.000000     0.000000000000   
52.191538753954788   1.500000     0.000000     0.000000     0.000000     0.000000000     0.000000     0.000000     0.000000     0.000000000000   
53.690595325184475   1.500000     0.000000     0.000000     0.000000     0.000000000     0.000000     0.000000     0.000000     0.000000000000   
55.190120424796049   1.500000     0.000000     0.000000     0.000000     0.000000000     0.000000     0.000000     0.000000     0.000000000000   
56.690114199228361   1.500000     0.000000     0.000000     0.000000     0.000000000     0.000000     0.000000     0.000000     0.000000000000   
58.190576794964784   1.500000     0.000000     0.000000     0.000000     0.000000000     0.000000     0.000000     0.000000     0.000000000000   
59.691508358534804   1.500000     0.000000     0.000000     0.000000     0.000000000     0.000000     0.000000     0.000000     0.000000000000   
61.192909036513555   1.500000     0.000000     0.000000     0.000000     0.000000000     0.000000     0.000000     0.000000     0.000000000000   
62.694778975522254   1.500000     0.000000     0.000000     0.000000     0.000000000     0.000000     0.000000     0.000000     0.000000000000   
64.197118322228263   1.500000     0.000000     0.000000     0.000000     0.000000000     0.000000     0.000000     0.000000     0.000000000000   
65.699927223344048   1.500000     0.000000     0.000000     0.000000     0.000000000     0.000000     0.000000     0.000000     0.000000000000   
67.203205825628174   1.500000     0.000000     0.000000     0.000000     0.000000000     0.000000     0.000000     0.000000     0.000000000000   
68.706954275885863   1.500000     0.000000     0.000000     0.000000     0.000000000     0.000000     0.000000     0.000000     0.000000000000   
70.211172720966886   1.500000     0.000000     0.000000     0.000000     0.000000000     0.000000     0.000000     0.000000     0.000000000000   
71.715861307767682   1.500000     0.000000     0.000000     0.000000     0.000000000     0.000000     0.000000     0.000000     0.000000000000   
73.221020183230820   1.500000     0.000000     0.000000     0.000000     0.000000000     0.000000     0.000000     0.000000     0.000000000000   
74.726649494344485   1.500000     0.000000     0.000000     0.000000     0.000000000     0.000000     0.000000     0.000000     0.000000000000   
76.232749388142423   1.500000     0.000000     0.000000     0.000000     0.000000000     0.000000     0.000000     0.000000     0.000000000000   
77.739320011704535   1.500000     0.000000     0.000000     0.000000     0.000000000     0.000000     0.000000     0.000000     0.000000000000   
79.246361512157407   1.500000     0.000000     0.000000     0.000000     0.000000000     0.000000     0.000000     0.000000     0.000000000000   
