# net shortwave on facets [W/m2] (including reflections and diffusive)
464.2535
562.7191
268.4775
280.6786
237.8947
240.2596
383.1267
598.4013
214.3918
539.8904
538.9992
597.1972
436.5749
480.3175
393.0455
300.6451
385.0418
242.2442
473.3686
496.0565
259.3043
272.9413
467.4436
482.2367
235.2520
464.2471
286.9399
432.9032
522.9892
487.9072
480.2077
299.9813
392.5471
409.8712
363.0525
508.2556
533.7389
525.2216
551.7160
539.5419
541.6387
536.8637
543.3423
518.2621
538.2479
552.5031
561.6604
565.9948
338.2291
557.8963
529.5452
546.5087
545.8101
567.1930
596.8006
547.8720
495.3664
554.5886
537.2359
556.3849
542.7697
594.6962
507.7303
539.1312
497.3396
498.2812
586.2889
493.1883
412.5656
597.7998
262.8200
539.8905
491.8814
511.2439
533.8689
481.0767
568.4707
552.3808
567.3034
535.1787
299.8654
244.4370
538.3500
300.5495
524.8674
259.7013
249.3203
514.4140
510.7194
563.2321
432.5958
268.0615
231.0225
408.4623
252.0747
307.9958
269.8497
258.9664
443.3237
277.9195
249.2793
184.9627
226.7203
519.4272
332.2977
490.7979
275.0995
189.9859
262.4834
261.6668
245.7664
413.0746
310.3315
483.0499
531.6190
303.3431
218.3727
236.4110
257.3249
356.5623
249.0755
207.4357
237.0727
205.5947
261.3445
193.4267
521.8406
473.7926
483.4994
457.2452
544.5575
474.6814
528.3834
429.3784
372.9992
457.4243
447.9094
500.3538
234.7689
216.7343
448.2976
218.6353
212.7891
493.0031
313.8272
388.8906
517.3964
342.3313
288.5825
478.2010
482.1127
511.6832
501.7463
323.9861
351.7493
510.7184
227.3502
328.3952
378.5487
501.2754
290.1281
310.0060
224.8776
391.4865
393.8804
265.2737
267.5309
279.1581
329.4871
518.0977
531.4290
474.4927
519.7755
527.7647
213.3466
250.8559
558.1188
533.8764
544.7090
527.1996
541.5512
496.9128
528.2373
511.9871
527.7651
556.8959
537.2563
544.6776
459.0050
530.6203
489.3944
537.7934
537.6568
536.2587
541.5836
546.4664
475.2265
289.8801
477.1311
291.2210
434.1497
451.4511
472.2279
524.4670
420.4714
504.4679
421.8423
241.9799
518.6436
337.5279
522.7028
543.8471
535.7578
484.9822
533.2086
419.0060
529.3457
528.2062
510.6969
457.1196
446.6673
261.9334
494.9920
514.4664
238.4794
240.2414
241.6398
222.3311
531.4080
354.8596
514.7390
516.8534
294.7712
249.4914
482.5228
300.1205
238.2849
328.0787
418.5767
245.5001
527.2797
530.6099
534.0206
519.8285
237.0645
210.2428
499.2334
516.5507
245.3491
345.5419
337.7774
330.3808
546.7844
551.8223
547.5116
551.2379
279.6995
283.0500
506.7224
445.8652
543.7041
550.6106
521.3483
514.8265
540.0389
536.5629
538.2299
532.1670
553.1358
557.4670
555.6249
550.9017
555.9839
551.8994
553.2382
557.7966
537.6118
543.1664
540.4847
545.8967
537.3515
537.3330
551.9220
543.9173
517.2562
527.4902
545.9403
543.9928
536.6384
544.5978
541.7311
540.1486
544.9362
543.1107
545.8106
545.7989
523.4712
512.2583
417.5215
501.4122
414.8551
410.9961
398.9930
387.7967
389.6372
400.9166
467.3927
388.9162
421.0743
385.5572
394.5126
389.1256
386.6743
393.1241
417.2505
422.3254
432.3512
473.3864
209.0048
204.2019
208.6288
197.2817
191.6473
202.5117
208.9312
202.4261
208.1578
190.4217
208.6381
208.9682
208.0437
208.9926
209.2884
209.0277
208.9419
209.1908
280.5196
343.9278
306.6135
344.1506
341.9454
345.5128
332.0976
289.9684
338.3638
345.2584
273.9103
281.2062
272.1848
287.1946
388.8026
371.2434
337.0543
302.1535
180.4993
168.5281
178.0695
162.0621
181.7033
181.3410
153.8630
186.6672
174.2269
189.1144
183.0931
183.4757
182.8533
184.2076
171.1200
177.7140
167.3929
181.5919
338.7501
352.6299
345.8172
336.9984
299.2528
315.7260
362.7770
309.5381
350.7586
297.8584
349.2662
381.6077
362.3119
318.3107
359.0921
348.7186
355.9259
348.6761
387.5949
388.4962
389.5880
388.2914
199.6289
204.7325
208.7777
208.8963
209.1050
209.0973
286.2302
204.0354
229.3982
211.4689
253.8439
228.5731
153.1190
149.2927
179.7629
194.1741
177.2778
192.2740
187.5596
169.6699
186.1187
184.4491
139.4304
148.4761
290.4470
275.1178
248.4337
262.5516
297.8747
256.1990
308.6503
289.4942
256.2660
255.3861
303.8407
295.1064
377.3044
365.0761
373.0996
375.3528
204.5646
197.1136
208.2553
208.0461
200.7386
268.9187
201.6073
237.4813
163.6837
171.7294
187.6778
180.2777
186.1735
157.0966
180.9950
166.6981
234.6955
245.3117
232.8973
258.4895
199.4048
250.9286
207.2112
246.2291
385.6435
402.9852
378.7262
385.8283
383.5107
409.0597
388.1676
387.2435
386.4793
379.5287
408.5209
386.9984
382.2782
391.8604
377.4437
404.7918
188.8463
197.4997
204.3497
203.6133
267.3390
263.7169
217.2623
263.1733
209.4021
209.4021
209.4021
209.4021
209.4021
209.4021
209.4021
209.4021
276.5653
258.4222
268.2163
261.5116
270.0947
265.7826
262.5324
255.3224
390.9969
389.9468
389.1567
395.7245
148.6880
142.8722
149.1120
155.5691
168.1925
170.1350
293.1500
212.0188
210.7958
205.0589
251.7832
228.7786
132.8393
128.7912
151.4193
175.9812
154.7366
173.7351
169.3011
142.6681
170.1268
158.3275
136.0830
132.1092
323.6559
289.7018
271.2446
272.6242
345.1126
293.3295
356.8973
344.9972
301.5044
284.6922
349.0278
349.6942
383.6412
381.1478
384.0958
371.1075
146.9324
140.4604
169.6108
158.4427
185.2559
238.6003
186.5580
193.3672
144.4467
155.9724
174.9468
169.8352
178.5275
153.4084
174.6296
157.1445
213.4446
237.6765
199.6482
249.3252
186.9063
252.3432
273.9833
259.0156
389.1621
388.0421
389.4021
382.2020
396.3370
389.4021
397.8820
395.2671
396.6020
385.2421
392.8671
403.4821
208.8533
202.9778
191.0546
205.4045
213.9522
216.0540
213.8407
213.7345
214.5063
214.9871
213.4370
214.1802
308.8991
321.2404
228.2541
242.2799
259.8111
328.7393
264.1303
278.8226
339.7207
286.6482
280.6758
279.3635
203.6900
193.1832
204.2483
180.9409
203.1627
204.5189
178.1925
205.4837
202.9605
205.3195
205.3113
205.0816
205.3556
205.2672
194.7873
202.4906
194.3266
200.4361
348.0074
337.1431
344.3493
324.5576
291.4295
301.0878
354.1101
293.1148
347.1598
283.1530
299.1011
361.1239
355.9393
283.4874
358.6230
347.0557
348.9983
352.8541
387.6421
389.8021
387.6421
388.2020
410.3621
392.8021
389.0020
400.7621
391.4021
387.4821
390.5221
480.4420
178.0343
152.5592
162.7101
159.7214
134.3616
136.9566
162.3436
140.5452
153.6381
130.4344
168.4392
178.3557
154.6675
181.3279
177.6029
175.9568
165.2958
178.6579
265.0995
309.6640
269.7922
323.6420
309.7054
303.8587
318.7328
236.2591
310.7007
297.8060
248.3808
267.7688
242.3911
256.9302
349.3980
326.5721
319.2841
305.3712
137.1537
131.0047
149.6401
173.7353
169.3936
174.4616
176.4540
156.4180
182.5106
155.3569
148.7381
161.4797
338.8042
319.3793
289.4393
283.8453
339.2998
287.6380
357.7325
344.6586
288.7673
298.8566
351.3258
344.7128
385.6391
389.0729
385.7680
391.7679
390.3721
405.8844
388.1751
433.8106
161.9119
153.5361
160.3857
175.7426
185.6594
175.2656
192.1467
194.1559
187.8152
185.2688
195.4982
190.5751
314.2655
322.1353
319.5816
258.6836
250.2258
312.9278
258.6841
301.1428
357.9874
281.6752
266.7773
262.8060
209.4021
209.4021
209.4021
209.4021
209.4021
209.4021
209.4021
209.4021
209.4021
209.4021
209.4021
209.4021
229.8233
194.7653
196.4330
225.7603
281.7191
225.4577
325.3483
262.5246
256.5448
215.9593
269.4307
272.0547
505.5104
489.8794
387.9186
425.8348
411.3949
440.2468
395.4141
443.5039
505.4851
514.5166
518.0059
532.3016
510.0369
508.3464
517.8654
444.1136
437.4676
440.5610
517.4856
388.0240
397.2892
398.8452
526.5112
500.8875
411.0160
396.6952
400.6786
455.4253
396.8266
343.9113
398.4095
398.8899
388.3198
407.2948
428.1571
456.4700
481.3990
428.5090
517.4201
518.6178
344.7572
396.7522
517.3572
518.7556
524.1987
526.5120
413.5231
522.3100
188.2495
186.7250
189.9643
186.7577
188.2114
205.8248
205.5032
211.0376
186.3997
185.9580
198.6370
196.9783
345.1371
338.2921
347.8921
338.5571
337.8470
327.3571
282.7371
276.0670
337.1370
336.0670
345.6671
346.2921
183.6171
185.3252
192.1662
195.6258
192.3418
190.9053
186.9569
200.9952
355.5688
316.6573
340.6952
352.8456
350.9307
354.3128
357.2097
348.2595
377.4287
406.9351
390.2774
393.1644
499.9374
399.5203
421.3327
436.3388
404.1972
422.8704
396.4946
501.4284
171.4960
192.1173
174.5202
174.2922
174.0104
185.1675
269.8134
302.1005
274.8587
225.3029
264.0275
280.0169
171.6119
165.4464
176.7458
168.1796
321.4448
306.0286
327.5891
332.1264
389.0004
390.3482
387.7801
441.2750
184.3740
182.8881
183.0841
178.3650
270.2186
312.6214
252.2290
281.0114
209.4021
209.4021
209.4021
209.4021
209.4021
209.4021
209.4021
209.4021
263.2717
283.5901
253.8572
294.8245
250.8373
295.2285
305.6992
292.3501
355.5620
384.4971
374.0058
382.2183
431.2101
388.0532
357.4863
311.9980
386.8980
342.2826
322.7216
436.1691
175.4377
178.5636
159.6754
158.9303
180.6236
168.6623
176.2206
176.8158
181.5819
165.9610
186.0576
185.3567
345.3220
338.2020
337.0820
341.6020
336.3370
296.1021
317.0670
351.1371
280.7371
342.6821
352.2020
335.0020
163.1212
173.1556
181.6413
186.2702
185.5710
172.9388
192.1853
184.9131
301.7905
321.5376
281.4391
329.3055
254.2737
337.1742
338.7266
333.6102
381.8686
385.3974
392.8113
374.0003
182.8070
180.2218
185.0128
180.7280
276.1021
338.8021
284.6521
330.6521
209.4021
209.4021
209.4021
209.4021
209.4021
209.4021
209.4021
209.4021
258.0449
271.8783
243.8099
307.4434
238.3282
309.4501
236.8533
302.8133
