# SDBL flow 
# z thl qt u v tke                                          
0.500000000000000    290.000000   0.000000     1.500000     0.000000     0.000000    
1.500000000000000    290.000000   0.000000     1.500000     0.000000     0.000000    
2.500000000000000    290.000000   0.000000     1.500000     0.000000     0.000000    
3.500000000000000    290.000000   0.000000     1.500000     0.000000     0.000000    
4.500000000000000    290.000000   0.000000     1.500000     0.000000     0.000000    
5.500000000000000    290.000000   0.000000     1.500000     0.000000     0.000000    
6.500000000000000    290.000000   0.000000     1.500000     0.000000     0.000000    
7.500000000000000    290.000000   0.000000     1.500000     0.000000     0.000000    
8.500000000000000    290.000000   0.000000     1.500000     0.000000     0.000000    
9.500000000000000    290.000000   0.000000     1.500000     0.000000     0.000000    
10.500000000000000   290.000000   0.000000     1.500000     0.000000     0.000000    
11.500000000000000   290.000000   0.000000     1.500000     0.000000     0.000000    
12.500000000000000   290.000000   0.000000     1.500000     0.000000     0.000000    
13.500000000000000   290.000000   0.000000     1.500000     0.000000     0.000000    
14.500000000000000   290.000000   0.000000     1.500000     0.000000     0.000000    
15.500000000000000   290.000000   0.000000     1.500000     0.000000     0.000000    
16.500000000000000   290.000000   0.000000     1.500000     0.000000     0.000000    
17.500000000000000   290.000000   0.000000     1.500000     0.000000     0.000000    
18.500000000000000   290.000000   0.000000     1.500000     0.000000     0.000000    
19.500000000000000   290.000000   0.000000     1.500000     0.000000     0.000000    
20.500000000000000   290.000000   0.000000     1.500000     0.000000     0.000000    
21.500000000000000   290.000000   0.000000     1.500000     0.000000     0.000000    
22.500000000000000   290.000000   0.000000     1.500000     0.000000     0.000000    
23.500000000000000   290.000000   0.000000     1.500000     0.000000     0.000000    
24.500000000000000   290.000000   0.000000     1.500000     0.000000     0.000000    
25.500000000000000   290.000000   0.000000     1.500000     0.000000     0.000000    
26.500000000000000   290.000000   0.000000     1.500000     0.000000     0.000000    
27.500000000000000   290.000000   0.000000     1.500000     0.000000     0.000000    
28.500000000000000   290.000000   0.000000     1.500000     0.000000     0.000000    
29.500000000000000   290.000000   0.000000     1.500000     0.000000     0.000000    
30.500000000000000   290.000000   0.000000     1.500000     0.000000     0.000000    
31.500000000000000   290.000000   0.000000     1.500000     0.000000     0.000000    
32.746372864675635   290.000000   0.000000     1.500000     0.000000     0.000000    
34.239351871994842   290.000000   0.000000     1.500000     0.000000     0.000000    
35.732797508160985   290.000000   0.000000     1.500000     0.000000     0.000000    
37.226709919018496   290.000000   0.000000     1.500000     0.000000     0.000000    
38.721089250456870   290.000000   0.000000     1.500000     0.000000     0.000000    
40.215935648411197   290.000000   0.000000     1.500000     0.000000     0.000000    
41.711249258863248   290.000000   0.000000     1.500000     0.000000     0.000000    
43.207030227839851   290.000000   0.000000     1.500000     0.000000     0.000000    
44.703278701412373   290.000000   0.000000     1.500000     0.000000     0.000000    
46.199994825699378   290.000000   0.000000     1.500000     0.000000     0.000000    
47.697178746865561   290.000000   0.000000     1.500000     0.000000     0.000000    
49.194830611119102   290.000000   0.000000     1.500000     0.000000     0.000000    
50.692950564714835   290.000000   0.000000     1.500000     0.000000     0.000000    
52.191538753954788   290.000000   0.000000     1.500000     0.000000     0.000000    
53.690595325184475   290.000000   0.000000     1.500000     0.000000     0.000000    
55.190120424796049   290.000000   0.000000     1.500000     0.000000     0.000000    
56.690114199228361   290.000000   0.000000     1.500000     0.000000     0.000000    
58.190576794964784   290.000000   0.000000     1.500000     0.000000     0.000000    
59.691508358534804   290.000000   0.000000     1.500000     0.000000     0.000000    
61.192909036513555   290.000000   0.000000     1.500000     0.000000     0.000000    
62.694778975522254   290.000000   0.000000     1.500000     0.000000     0.000000    
64.197118322228263   290.000000   0.000000     1.500000     0.000000     0.000000    
65.699927223344048   290.000000   0.000000     1.500000     0.000000     0.000000    
67.203205825628174   290.000000   0.000000     1.500000     0.000000     0.000000    
68.706954275885863   290.000000   0.000000     1.500000     0.000000     0.000000    
70.211172720966886   290.000000   0.000000     1.500000     0.000000     0.000000    
71.715861307767682   290.000000   0.000000     1.500000     0.000000     0.000000    
73.221020183230820   290.000000   0.000000     1.500000     0.000000     0.000000    
74.726649494344485   290.000000   0.000000     1.500000     0.000000     0.000000    
76.232749388142423   290.000000   0.000000     1.500000     0.000000     0.000000    
77.739320011704535   290.000000   0.000000     1.500000     0.000000     0.000000    
79.246361512157407   290.000000   0.000000     1.500000     0.000000     0.000000    
