  567.00
  712.00
  179.00
  217.00
  180.00
  206.22
  476.00
  809.14
  166.91
  702.89
  684.57
  800.00
  592.00
  689.90
  445.50
  306.00
  451.33
  181.56
  658.67
  690.00
  230.22
  281.09
  688.00
  665.33
  179.56
  664.00
  283.11
  531.47
  712.00
  641.07
  648.36
  300.40
  480.80
  494.00
  424.57
  691.40
  696.76
  672.00
  723.81
  711.05
  688.40
  694.67
  694.67
  666.10
  698.10
  692.00
  721.71
  720.62
  320.00
  716.67
  700.00
  682.00
  682.15
  726.80
  796.00
  693.33
  604.00
  724.36
  688.89
  715.69
  693.74
  800.00
  620.00
  685.82
  608.00
  610.29
  800.00
  605.44
  454.86
  814.08
  252.44
  704.22
  616.00
  698.00
  708.18
  595.20
  796.00
  714.48
  766.72
  684.76
  264.80
  168.48
  714.29
  304.33
  692.00
  164.00
  170.00
  705.52
  699.43
  788.57
  560.40
  184.00
  181.04
  477.71
  173.71
  274.67
  178.00
  163.00
  542.67
  272.60
  174.00
   34.00
  167.40
  686.00
  369.33
  688.80
  273.48
  137.14
  256.76
  281.14
  200.00
  534.00
  328.00
  691.27
  784.00
  327.64
  144.00
  217.14
  223.56
  472.08
  232.69
  168.00
  205.00
  169.70
  270.00
  144.00
  699.64
  606.00
  633.14
  568.94
  733.71
  596.57
  698.67
  600.89
  434.67
  593.71
  616.00
  712.00
  179.56
  173.97
  616.30
  185.33
  166.00
  694.67
  357.04
  447.33
  693.67
  427.67
  314.67
  635.67
  636.67
  685.78
  694.40
  354.13
  374.33
  688.80
  166.67
  332.40
  442.84
  677.87
  249.60
  311.20
  167.73
  489.37
  491.20
  246.58
  248.91
  253.60
  339.60
  656.33
  707.66
  606.20
  689.00
  697.83
  175.21
  229.56
  730.67
  683.33
  708.17
  705.27
  699.33
  619.50
  673.28
  664.00
  676.00
  734.51
  685.67
  701.00
  580.95
  670.67
  592.53
  685.67
  690.67
  681.60
  686.93
  698.93
  607.43
  270.29
  618.05
  269.95
  519.18
  544.62
  606.10
  694.29
  496.76
  646.10
  497.07
  177.87
  668.95
  331.68
  686.93
  710.10
  713.07
  614.40
  713.07
  507.20
  693.33
  695.77
  686.52
  591.70
  577.78
  234.07
  668.34
  712.69
  184.20
  170.40
  164.80
  168.00
  681.14
  337.04
  661.04
  654.32
  224.67
  170.07
  580.78
  224.62
  165.52
  315.43
  501.87
  179.73
  693.94
  696.99
  710.10
  683.58
  179.20
  165.16
  680.46
  696.69
  173.97
  334.22
  407.47
  398.93
  700.11
  703.31
  697.83
  701.94
  243.84
  247.04
  642.13
  539.31
  704.28
  718.22
  664.46
  647.68
  701.67
  692.60
  704.23
  693.06
  704.98
  710.15
  708.68
  701.54
  702.52
  697.60
  698.58
  705.72
  703.07
  716.57
  701.44
  713.31
  688.46
  691.20
  710.63
  700.11
  659.41
  673.71
  703.79
  704.00
  689.49
  702.01
  700.30
  694.61
  702.93
  703.79
  704.00
  703.36
  670.29
  652.80
  496.00
  646.19
  410.93
  403.20
  379.20
  356.80
  360.48
  383.04
  516.00
  359.04
  423.36
  352.32
  370.24
  359.47
  354.56
  367.47
  415.73
  425.87
  445.92
  528.00
    0.00
    0.00
    0.00
    0.00
    0.00
    0.00
    0.00
    0.00
    0.00
    0.00
    0.00
    0.00
    0.00
    0.00
    0.00
    0.00
    0.00
    0.00
  155.20
  272.16
  204.96
  265.76
  252.64
  267.36
  267.52
  158.72
  266.24
  261.76
  141.44
  156.80
  133.76
  169.60
  382.40
  337.60
  273.44
  204.80
    0.00
    0.00
    0.00
    0.00
    0.00
    0.00
    0.00
    0.00
    0.00
    0.00
    0.00
    0.00
    0.00
    0.00
    0.00
    0.00
    0.00
    0.00
  267.20
  252.16
  266.24
  212.16
  160.16
  197.92
  266.72
  190.40
  266.88
  166.40
  276.80
  349.33
  299.20
  226.67
  272.80
  278.93
  266.40
  271.47
  356.40
  358.20
  360.40
  357.80
    0.00
    0.00
    0.00
    0.00
    0.00
    0.00
  270.20
  155.80
  173.00
  136.80
  174.00
  134.00
    0.00
    0.00
    0.00
    0.00
    0.00
    0.00
    0.00
    0.00
    0.00
    0.00
    0.00
    0.00
  255.84
  186.88
  165.60
  169.60
  267.68
  163.20
  275.20
  266.40
  166.40
  180.16
  265.12
  267.36
  352.00
  329.83
  347.89
  357.03
    0.00
    0.00
    0.00
    0.00
  157.94
  275.89
  144.00
  228.57
    0.00
    0.00
    0.00
    0.00
    0.00
    0.00
    0.00
    0.00
  201.60
  250.72
  194.40
  292.80
  152.00
  266.72
  181.60
  265.92
  361.60
  393.44
  344.48
  356.80
  352.40
  407.68
  363.20
  364.40
  364.00
  357.33
  412.16
  361.20
  359.84
  391.47
  356.44
  419.56
    0.00
    0.00
    0.00
    0.00
  256.40
  266.72
  137.20
  278.40
    0.00
    0.00
    0.00
    0.00
    0.00
    0.00
    0.00
    0.00
  267.68
  199.36
  255.04
  272.80
  278.24
  260.96
  266.67
  275.73
  363.40
  361.20
  360.00
  373.00
    0.00
    0.00
    0.00
    0.00
    0.00
    0.00
  267.20
  167.40
  132.00
  130.40
  176.00
  144.00
    0.00
    0.00
    0.00
    0.00
    0.00
    0.00
    0.00
    0.00
    0.00
    0.00
    0.00
    0.00
  248.48
  186.56
  163.84
  161.60
  286.40
  193.60
  312.00
  285.60
  200.00
  177.92
  284.00
  284.80
  360.46
  356.11
  366.86
  342.86
    0.00
    0.00
    0.00
    0.00
  151.54
  269.71
  128.76
  164.57
    0.00
    0.00
    0.00
    0.00
    0.00
    0.00
    0.00
    0.00
  196.48
  252.48
  171.73
  254.67
  134.40
  252.80
  290.67
  278.40
  359.52
  357.28
  360.00
  345.60
  373.87
  360.00
  376.96
  371.73
  374.40
  351.68
  366.93
  388.16
    0.00
    0.00
    0.00
    0.00
    0.00
    0.00
    0.00
    0.00
    0.00
    0.00
    0.00
    0.00
  253.76
  264.64
   96.00
  128.00
  137.60
  264.64
  131.20
  146.67
  264.80
  172.64
  149.33
  144.80
    0.00
    0.00
    0.00
    0.00
    0.00
    0.00
    0.00
    0.00
    0.00
    0.00
    0.00
    0.00
    0.00
    0.00
    0.00
    0.00
    0.00
    0.00
  275.52
  244.32
  268.16
  202.88
  161.28
  181.60
  261.44
  166.40
  272.80
  146.40
  178.40
  302.40
  292.00
  147.20
  270.72
  272.64
  267.84
  275.84
  356.48
  360.80
  356.48
  357.60
  401.92
  366.80
  359.20
  382.72
  364.00
  356.16
  362.24
  542.08
    0.00
    0.00
    0.00
    0.00
    0.00
    0.00
    0.00
    0.00
    0.00
    0.00
    0.00
    0.00
    0.00
    0.00
    0.00
    0.00
    0.00
    0.00
  154.40
  269.76
  178.08
  269.60
  268.16
  271.84
  271.04
  134.40
  271.68
  252.00
  132.80
  160.00
  134.40
  136.00
  313.60
  278.40
  269.60
  228.80
    0.00
    0.00
    0.00
    0.00
    0.00
    0.00
    0.00
    0.00
    0.00
    0.00
    0.00
    0.00
  247.68
  202.88
  158.88
  153.60
  263.04
  160.80
  300.80
  270.72
  163.20
  180.64
  267.84
  262.40
  352.80
  359.52
  352.80
  364.80
  362.00
  393.28
  357.60
  448.96
    0.00
    0.00
    0.00
    0.00
    0.00
    0.00
    0.00
    0.00
    0.00
    0.00
    0.00
    0.00
  268.16
  264.16
  263.60
  155.60
  138.40
  266.88
  142.00
  220.00
  337.60
  196.00
  148.00
  145.60
    0.00
    0.00
    0.00
    0.00
    0.00
    0.00
    0.00
    0.00
    0.00
    0.00
    0.00
    0.00
  244.48
  168.00
  158.40
  161.60
  275.84
  160.00
  348.80
  272.32
  195.20
  180.80
  271.36
  275.84
  596.64
  565.76
  362.40
  436.32
  406.72
  466.56
  376.00
  474.88
  594.24
  611.52
  620.16
  648.32
  604.00
  602.88
  618.24
  476.16
  462.08
  467.04
  619.20
  361.60
  380.80
  383.36
  636.48
  587.04
  404.80
  375.68
  386.08
  495.04
  379.20
  271.68
  381.60
  383.20
  361.60
  398.24
  439.52
  496.32
  545.44
  439.36
  617.76
  619.36
  272.16
  376.64
  618.40
  620.16
  630.40
  635.36
  409.12
  626.56
    0.00
    0.00
    0.00
    0.00
    0.00
    0.00
    0.00
    0.00
    0.00
    0.00
    0.00
    0.00
  271.47
  257.78
  276.98
  258.31
  256.89
  235.91
  146.67
  133.33
  255.47
  253.33
  272.53
  273.78
    0.00
    0.00
    0.00
    0.00
    0.00
    0.00
    0.00
    0.00
  264.36
  191.47
  252.44
  274.13
  270.76
  260.44
  265.78
  267.91
  347.36
  405.92
  376.96
  384.00
  598.08
  396.20
  439.20
  468.48
  406.40
  440.96
  384.96
  598.40
    0.00
    0.00
    0.00
    0.00
    0.00
    0.00
  266.40
  268.96
  268.00
  161.80
  266.56
  272.32
    0.00
    0.00
    0.00
    0.00
  252.48
  203.84
  272.32
  266.24
  360.80
  364.60
  357.60
  464.80
    0.00
    0.00
    0.00
    0.00
  200.20
  268.00
  146.00
  219.00
    0.00
    0.00
    0.00
    0.00
    0.00
    0.00
    0.00
    0.00
  187.36
  251.84
  174.40
  264.00
  163.20
  263.36
  274.13
  269.76
  292.64
  350.56
  329.60
  346.00
  443.84
  357.60
  296.40
  205.44
  355.20
  266.08
  226.88
  453.76
    0.00
    0.00
    0.00
    0.00
    0.00
    0.00
    0.00
    0.00
    0.00
    0.00
    0.00
    0.00
  271.84
  257.60
  255.36
  264.40
  253.87
  173.40
  215.33
  283.47
  142.67
  266.56
  285.60
  251.20
    0.00
    0.00
    0.00
    0.00
    0.00
    0.00
    0.00
    0.00
  203.36
  252.96
  178.67
  265.07
  117.33
  262.40
  278.93
  269.12
  346.00
  353.60
  367.60
  330.40
    0.00
    0.00
    0.00
    0.00
  133.40
  258.80
  150.50
  242.50
    0.00
    0.00
    0.00
    0.00
    0.00
    0.00
    0.00
    0.00
  193.60
  241.12
  179.60
  291.20
  162.40
  274.24
  132.80
  271.68
