# sky view factors
0.910706
0.180722
0.124217
0.916986
0.122303
0.958979
0.186971
0.921160
0.130364
0.971548
0.286803
0.923773
0.126401
0.978630
0.252183
0.264436
0.925558
0.120981
0.982112
0.285235
0.926842
0.138379
0.985261
0.298535
0.927837
0.121626
0.987203
0.292468
0.276391
0.928587
0.127755
0.988146
0.299654
0.929270
0.129174
0.988440
0.294815
0.272078
0.396148
0.929851
0.174467
0.129665
0.953070
0.158566
0.989252
0.278878
0.371713
0.953278
0.223384
0.953426
0.226416
0.988775
0.309490
0.361476
0.953602
0.153913
0.988626
0.285730
0.269695
0.930569
0.170992
0.129538
1.000000
0.440655
0.411197
0.930679
0.126875
0.988461
0.312121
0.347550
1.000000
0.324165
1.000000
0.457412
0.322587
0.930769
0.133282
0.988182
0.282222
0.272504
1.000000
0.309905
0.420691
1.000000
0.418623
0.291582
0.930527
0.123860
1.000000
0.408424
1.000000
0.354650
0.930771
0.131400
0.987834
0.286994
0.348341
1.000000
0.325161
1.000000
0.355912
0.930743
0.131410
1.000000
0.288195
0.409413
1.000000
0.355763
0.930584
0.123890
0.987197
0.319690
0.358389
1.000000
0.328121
1.000000
0.361497
0.930697
0.133333
0.985832
0.285118
0.275167
1.000000
0.301860
0.406327
1.000000
0.352880
0.930635
0.126948
1.000000
0.334712
1.000000
0.348195
0.930554
0.129532
0.984371
0.292990
0.361332
1.000000
0.302119
0.443739
1.000000
0.347096
0.930576
0.128981
1.000000
0.442964
0.930553
0.129146
0.982256
0.302121
0.368499
0.930553
0.128775
0.978998
0.264327
0.293946
1.000000
0.389772
0.442463
1.000000
0.305232
0.412027
0.930371
0.129179
1.000000
0.350277
0.294855
0.930512
0.129177
0.973920
0.260185
0.369758
1.000000
0.289729
0.282465
1.000000
0.305829
0.385805
0.930321
0.128768
0.966161
0.284434
0.297691
1.000000
0.245416
0.305921
0.930097
0.325795
0.129076
1.000000
0.267902
1.000000
0.306398
0.393255
1.000000
0.260302
1.000000
0.136168
0.374398
1.000000
0.306694
0.403870
1.000000
0.317483
1.000000
0.376384
0.365950
1.000000
0.245591
1.000000
0.300607
0.406017
1.000000
0.331589
0.423424
1.000000
0.315207
0.184399
1.000000
0.240680
0.255776
1.000000
0.338530
1.000000
0.274631
1.000000
0.285038
0.407430
1.000000
0.300203
0.429965
1.000000
0.438946
1.000000
0.257868
0.420976
1.000000
0.305702
0.413031
1.000000
0.246919
0.307356
1.000000
0.186452
0.273747
1.000000
0.305626
0.406135
1.000000
0.251118
1.000000
0.290820
1.000000
0.305568
0.407059
1.000000
0.230939
1.000000
0.425813
0.390215
1.000000
0.205962
0.241036
1.000000
0.278871
0.405814
1.000000
0.324392
1.000000
0.296501
1.000000
0.306139
0.410686
1.000000
0.274691
0.402755
1.000000
0.408964
1.000000
0.405484
1.000000
0.273058
0.397282
1.000000
0.323275
0.401883
1.000000
0.227125
0.251707
1.000000
0.286235
0.389966
1.000000
0.270800
1.000000
0.318904
1.000000
0.237177
0.372078
1.000000
0.213915
0.328140
0.932495
0.217113
1.000000
1.000000
0.329618
0.953367
1.000000
0.323538
0.953171
0.316663
0.354147
1.000000
0.311658
1.000000
1.000000
1.000000
0.321531
1.000000
1.000000
0.309395
1.000000
1.000000
1.000000
0.312172
1.000000
0.286329
1.000000
0.964705
0.974206
0.303332
0.959870
0.959915
0.945498
0.944493
0.210061
0.239996
1.000000
0.309103
1.000000
1.000000
1.000000
0.318560
1.000000
1.000000
1.000000
1.000000
0.221236
1.000000
0.312390
1.000000
1.000000
1.000000
0.369368
1.000000
0.222784
0.969900
1.000000
0.971301
0.971168
0.982434
0.292922
1.000000
0.283863
0.968323
0.968310
0.957953
0.963634
0.286267
0.248545
1.000000
1.000000
1.000000
0.343280
0.237435
1.000000
1.000000
1.000000
0.371481
0.170920
1.000000
0.257221
0.975365
0.975366
0.984745
0.286132
0.973573
0.965949
0.973808
0.288143
0.282416
1.000000
0.317414
1.000000
0.222270
0.979397
0.977031
0.976865
0.987732
0.277587
1.000000
1.000000
0.441464
0.310277
1.000000
0.215011
0.979261
0.983435
0.983482
0.988776
0.277974
0.982931
0.977453
0.985716
0.330372
0.295033
0.979390
0.988409
0.275401
0.978325
0.974294
0.982970
0.300056
0.266249
1.000000
1.000000
1.000000
0.225972
0.981239
0.983826
0.988925
0.276623
1.000000
0.308634
1.000000
0.211710
0.988916
0.284128
0.981302
0.988727
0.344425
0.299920
1.000000
1.000000
0.222550
1.000000
1.000000
1.000000
0.218751
0.259055
1.000000
1.000000
1.000000
1.000000
1.000000
1.000000
0.439725
0.290588
1.000000
0.306488
1.000000
0.296553
1.000000
1.000000
1.000000
1.000000
0.439304
0.291186
1.000000
1.000000
0.443698
0.289274
1.000000
1.000000
1.000000
0.442044
0.289726
1.000000
1.000000
1.000000
0.442556
0.289389
1.000000
0.408277
1.000000
0.315961
1.000000
1.000000
1.000000
1.000000
0.442751
0.289286
1.000000
0.411991
1.000000
0.442063
0.411972
0.407060
0.435604
0.452065
0.453609
0.451291
0.432034
0.345290
0.382334
0.383829
0.233257
0.306349
0.415953
0.420290
0.339448
0.397647
0.442528
0.447757
0.438402
0.445066
0.413155
0.338174
0.384408
0.359213
0.367854
0.396048
0.469579
0.456078
0.343713
0.344045
0.312682
0.346890
0.303788
0.358921
0.300293
0.407805
0.384180
0.300275
0.300856
0.394340
0.301748
0.442112
0.406765
0.303558
0.310349
0.471967
0.416150
0.623366
0.265152
0.340556
0.411118
0.539983
0.314483
0.289985
0.445576
0.544570
0.261870
0.406996
0.340613
0.603090
0.553025
0.315971
0.446711
0.526714
0.408758
0.496416
0.308489
0.408709
0.538696
0.492207
0.410961
0.303384
0.482282
0.305319
0.413196
0.522811
0.391425
0.409087
0.304799
0.507446
0.407966
0.302501
0.451765
0.543249
0.407089
0.407542
0.304714
0.414664
0.593337
0.406854
0.303673
0.413452
0.406354
0.303905
0.418580
0.529321
0.649512
0.406491
0.304053
0.664499
0.304153
0.455658
0.549724
0.305208
0.417253
0.738783
0.406335
0.583849
0.303743
0.371680
0.307429
0.459270
0.542279
0.364824
0.343319
0.401884
0.518490
0.311704
0.282417
0.354930
0.401458
0.512295
0.219201
0.349984
0.401373
0.510484
0.315991
0.608791
0.452468
0.265043
0.402369
0.507800
0.534435
0.314544
0.410361
0.206686
0.388628
0.500419
0.575451
0.550626
0.377615
0.559194
0.403590
0.532881
0.239681
0.255259
0.401475
0.511972
0.253503
0.398059
0.507407
0.241397
0.415229
0.541733
0.389237
0.502050
0.410222
0.198903
0.571920
0.381764
0.490254
0.539401
0.533694
0.371502
0.475940
0.566448
0.325906
0.332251
0.358199
0.452859
0.313204
0.340612
0.437483
0.314996
0.394314
0.494614
0.455685
0.482054
0.520602
0.490427
0.307578
0.532048
0.521002
0.522944
0.516642
0.519251
0.515280
0.477020
0.517945
0.555840
0.546350
0.611391
0.503111
0.450126
0.389036
0.395091
0.374687
0.498279
0.780715
0.631676
0.678322
0.724730
0.761649
0.760000
0.787886
0.819269
0.816256
0.857439
0.868962
0.875730
0.839615
0.804478
0.782424
0.761995
0.762476
0.764056
0.778347
0.789320
0.801541
0.822307
0.831936
0.836097
0.843242
0.839078
0.851067
0.836185
0.795005
0.778594
0.769358
0.696712
0.662759
0.634065
0.521012
0.657810
0.800175
0.839551
0.867568
0.886139
0.900651
0.911061
0.915843
0.917061
0.916181
0.908979
0.875648
0.793661
0.751288
0.760959
0.755472
0.754540
0.579233
0.605937
0.661884
0.737948
0.710495
0.718964
0.773883
0.778972
0.670760
0.643344
0.797980
0.578969
0.490219
0.437143
0.784981
0.771982
0.749091
0.711891
0.656077
0.589056
0.302706
0.661532
0.816060
0.850804
0.875339
0.891837
0.904791
0.912988
0.918320
0.922449
0.924758
0.924264
0.914329
0.887186
0.887316
0.892573
0.889924
0.883644
0.754771
0.756226
0.764084
0.777332
0.795995
0.819046
0.804958
0.790103
0.786429
0.450145
0.471679
0.454153
0.323637
0.792377
0.767416
0.802199
0.797702
0.792967
0.846501
0.848064
0.833441
0.792085
0.734864
0.676840
0.379848
0.658142
0.815471
0.849057
0.872725
0.889873
0.900302
0.905197
0.908495
0.902026
0.896697
0.887799
0.901097
0.906321
0.871410
0.786200
0.740404
0.743525
0.870114
0.837991
0.787903
0.719853
0.740207
0.627824
0.616626
0.628817
0.662459
0.788035
0.789878
0.746140
0.774677
0.807619
0.832675
0.609884
0.660275
0.643198
0.595820
0.597177
0.564916
0.538990
0.624531
0.802056
0.825458
0.829883
0.831292
0.792042
0.753090
0.743410
0.685776
0.716979
0.630050
0.668012
0.715667
0.630697
0.598655
0.642253
0.707614
0.731926
0.529053
0.477373
0.540689
0.455831
0.670302
0.665334
0.551464
0.648259
0.498288
0.405596
0.445448
0.760420
0.567502
