# Initial facet tempereatures in radiative equilibrium
331.917511
308.194458
331.371460
321.199158
329.106476
331.917114
313.232300
323.705536
318.068237
324.411835
331.375427
314.829102
322.520996
320.644073
320.317078
332.059326
315.929474
323.096436
322.920654
324.022125
331.914551
319.816925
325.723938
319.682312
329.971527
331.714691
318.899414
322.790527
321.180847
323.152863
331.917328
322.300415
324.750977
325.702881
312.729889
331.917328
320.801910
328.337830
320.092499
331.161438
331.913025
320.324982
327.216187
321.706970
322.306763
331.996124
324.880249
319.746124
325.396851
303.881165
332.382233
326.528412
326.300964
325.890564
330.293335
331.987488
323.785309
326.882599
322.562500
327.783386
331.936432
322.983551
321.533295
321.409973
328.144775
331.934753
324.072327
321.533081
321.578094
324.521637
325.279541
326.257874
330.587585
328.374634
329.723602
327.646210
309.873657
313.147980
303.107727
308.576599
309.806519
314.930878
322.256012
322.959564
313.888824
317.262451
315.364807
320.666107
319.487885
323.191742
319.059113
324.972748
319.313843
325.593475
325.885132
326.118011
312.564056
318.099854
316.217316
320.560791
316.993347
321.373749
317.377716
321.732880
318.169464
322.042480
320.220764
322.802887
321.865417
322.808685
319.537323
320.342651
318.337341
319.194672
318.984772
319.642029
319.606476
320.106262
319.180450
320.000183
318.044464
319.926208
325.455536
325.527863
325.359650
325.335114
325.471222
325.356262
325.769470
325.228943
325.052307
324.684326
324.424530
324.232147
326.600922
324.892914
327.532654
325.880859
325.504547
325.088257
326.551056
325.312592
326.031830
325.001862
324.762024
323.878113
318.505859
322.234131
323.528473
324.135254
324.353790
324.549896
323.763824
324.194275
321.108521
322.290436
311.690521
313.780884
308.932220
310.023438
311.791748
314.181641
317.163086
322.021484
305.087158
322.054626
303.143860
321.859467
302.909515
321.570221
304.902069
320.352173
311.911530
318.187897
308.071594
336.841583
317.728394
334.996460
312.845612
327.492523
319.871307
331.272034
314.163574
329.123199
322.996857
314.925842
327.168335
318.928131
319.287781
332.535980
322.229340
334.496948
319.050537
326.947021
323.594635
319.149017
329.312439
321.868744
308.070679
320.464111
335.320831
319.924591
336.129272
318.160004
334.434204
319.413147
320.489777
325.411163
321.438232
305.441101
323.644928
333.175171
330.342560
335.059387
322.342621
334.148163
319.748871
334.534882
321.988892
329.880005
323.398895
334.410919
322.362396
329.674500
318.815491
332.256927
324.549927
312.642090
313.253510
319.519562
312.918549
308.067078
313.911224
334.610962
324.936157
325.279205
332.687622
328.956207
329.815063
330.154480
332.153198
319.103760
334.354858
333.803345
333.423981
332.671295
329.199432
334.257019
333.676544
330.783966
333.383606
332.251831
319.689697
312.153290
329.321655
321.639526
334.050110
334.850037
334.341705
333.777985
332.736267
329.147949
330.160156
333.249359
324.319550
324.029022
330.492584
320.016510
302.603790
319.843506
331.259369
329.087250
332.608398
335.738953
334.290405
333.876434
332.929596
329.224915
324.783203
324.301544
326.376160
324.412781
327.994629
330.027466
320.586639
308.439972
329.192596
321.193909
317.973755
332.695831
334.603943
334.036255
333.894531
333.769409
331.270599
333.836182
332.876923
326.373047
330.550354
321.949127
325.370117
318.326538
329.585114
318.129486
322.231049
334.130249
334.468018
334.162109
333.380798
330.255432
334.036407
334.279785
333.693909
331.112335
322.944885
315.649261
321.166992
328.260437
323.687744
323.498596
326.885773
320.485596
318.394073
331.697571
332.206268
321.244537
315.230988
327.879181
327.514740
318.349823
323.581238
323.693787
332.489105
330.832855
320.555664
321.041718
332.434448
330.010895
320.442932
332.042847
332.406616
330.109161
320.912079
324.999237
332.248749
320.706238
331.569702
321.320068
318.899414
323.680756
325.128448
320.954620
330.356323
331.459320
320.059357
318.471466
335.354736
320.269257
331.768341
325.119904
319.588470
328.650116
335.366760
329.735504
321.059753
307.229156
328.700684
335.638824
323.577118
320.795105
304.700836
331.832794
334.648224
323.694031
334.037048
329.117371
333.858704
322.221161
331.733002
324.503540
333.375244
325.241272
329.653534
334.679718
332.918274
322.773743
332.974731
333.411285
330.607971
328.936493
334.519684
328.316528
330.505981
320.895996
335.175446
319.012878
332.353912
323.499023
308.099518
320.745697
304.409821
323.938965
332.698303
331.146057
329.593506
334.133118
332.721100
329.888367
332.779480
333.085510
334.283081
328.328522
323.097748
332.244049
322.910187
304.160492
320.325806
324.035461
331.255127
327.068939
330.155701
