#     z-grid
#           
0.500000000000000   
1.500000000000000   
2.500000000000000   
3.500000000000000   
4.500000000000000   
5.500000000000000   
6.500000000000000   
7.500000000000000   
8.500000000000000   
9.500000000000000   
10.500000000000000  
11.500000000000000  
12.500000000000000  
13.500000000000000  
14.500000000000000  
15.500000000000000  
16.500000000000000  
17.500000000000000  
18.500000000000000  
19.500000000000000  
20.500000000000000  
21.500000000000000  
22.500000000000000  
23.500000000000000  
24.500000000000000  
25.500000000000000  
26.500000000000000  
27.500000000000000  
28.500000000000000  
29.500000000000000  
30.500000000000000  
31.500000000000000  
32.746372864675635  
34.239351871994842  
35.732797508160985  
37.226709919018496  
38.721089250456870  
40.215935648411197  
41.711249258863248  
43.207030227839851  
44.703278701412373  
46.199994825699378  
47.697178746865561  
49.194830611119102  
50.692950564714835  
52.191538753954788  
53.690595325184475  
55.190120424796049  
56.690114199228361  
58.190576794964784  
59.691508358534804  
61.192909036513555  
62.694778975522254  
64.197118322228263  
65.699927223344048  
67.203205825628174  
68.706954275885863  
70.211172720966886  
71.715861307767682  
73.221020183230820  
74.726649494344485  
76.232749388142423  
77.739320011704535  
79.246361512157407  
