# Initial facet tempereatures in radiative equilibrium
331.917328
316.041870
325.102081
323.691315
319.892090
331.917328
320.133331
328.439423
324.662781
326.354279
331.917328
320.703400
329.003540
324.816833
327.902924
331.917328
321.025848
329.051910
324.131531
328.179535
331.917328
320.927429
328.910095
324.022400
327.570953
331.917328
320.743622
328.684509
323.578156
327.477875
331.917328
320.331451
327.154724
319.184845
327.175415
331.917328
320.750458
325.597382
324.673859
321.411163
331.917328
324.488861
328.889282
326.146057
327.276581
331.917328
325.026154
329.350037
326.253662
329.255920
331.917328
325.187225
329.389160
325.528900
329.475952
331.917328
324.979523
329.255341
325.411346
328.869263
331.917328
324.721710
329.048309
324.870880
328.782379
331.917328
323.238739
327.457336
319.846405
328.444305
331.917328
321.465302
325.736755
324.909271
321.689362
331.917328
325.182373
328.899597
326.338287
327.496399
331.917328
325.554321
329.382019
326.479187
329.444305
331.917328
325.703094
329.332581
325.806213
329.679810
331.917328
325.545410
329.286163
325.708221
329.104950
331.917328
325.280853
329.090546
325.127930
329.002106
331.917328
323.713043
327.534210
320.048157
328.728729
331.917328
321.634796
325.734436
325.577515
321.768555
331.917328
325.126343
328.851227
326.362091
328.202911
331.917328
325.644653
329.314789
326.415680
329.455048
331.917328
325.689392
329.353821
326.461884
329.764282
331.917328
325.579376
329.349365
326.381226
329.720642
331.917328
325.334015
329.138550
325.818237
329.679871
331.917328
323.669861
327.508575
320.124725
329.318207
331.917328
321.758331
325.396088
325.511627
321.725891
331.917328
325.189545
328.502319
326.260223
328.148438
331.917328
325.658203
328.982544
326.339020
329.387054
331.917328
325.704498
329.042023
326.445038
329.686310
331.917328
325.691040
329.037476
326.351959
329.694275
331.917328
325.466980
328.803040
325.785370
329.656036
331.917328
323.773956
327.163879
320.050171
329.296600
331.917328
321.603516
323.751465
324.932892
321.266052
331.917328
325.016815
326.836334
325.652832
327.543304
331.917328
325.518219
327.284912
325.771332
328.822845
331.917328
325.589142
327.420959
325.882385
329.111450
331.917328
325.584473
327.399841
325.767365
329.141296
331.917328
325.327911
327.149933
325.228485
329.088623
331.917328
323.612213
325.327209
319.457245
328.762726
331.917328
320.713837
313.417297
319.812134
317.642670
331.917328
324.155090
314.233337
320.358887
322.365417
331.917328
324.688873
314.492218
320.520630
323.252899
331.917328
324.707001
314.576599
320.528076
323.431885
331.917328
324.684570
314.551361
320.395874
323.491486
331.917328
324.397247
314.360718
319.765259
323.417877
331.917328
322.397095
314.291412
314.396362
323.022675
319.552246
324.015076
324.596222
324.778107
324.590546
324.438507
323.704987
313.607117
314.855896
315.156342
315.252625
315.229553
315.052856
314.328674
322.457031
323.493408
323.705536
323.797943
323.735931
323.202179
318.186432
317.742340
319.764832
320.071259
320.199799
320.151978
319.693298
316.414154
330.644745
319.514160
320.013611
334.403656
331.544739
320.463257
334.782379
331.667267
322.621033
334.825958
329.579651
322.534729
334.721466
329.494507
322.375061
334.485992
329.154602
322.354218
332.687714
321.245483
329.526154
320.981750
322.743500
334.752777
332.366394
323.126709
335.051300
332.466400
325.129425
335.079163
330.391815
324.984406
334.920715
330.279510
324.804413
334.869873
330.049408
323.616272
333.047760
321.858887
329.728210
321.227203
325.186096
334.782867
332.473389
323.563171
335.103516
332.611053
325.543457
335.247192
330.609619
325.427460
335.181854
330.519287
325.240021
334.944275
330.187958
323.871124
333.199097
322.043060
331.790161
321.323669
323.287262
334.767059
332.485443
323.650665
335.057770
332.716095
323.714355
335.317902
332.809387
323.645050
335.310516
332.737183
323.463959
335.080688
332.396820
322.030029
333.209198
322.118225
331.755402
321.278046
323.314789
334.459900
332.421173
323.658234
334.802338
332.648651
323.864319
335.020172
332.779083
323.853821
335.014984
332.708069
323.681152
334.799194
332.405396
322.054077
332.956207
322.054626
331.435333
320.863770
323.156586
333.698761
332.032379
323.518341
334.019958
332.321350
323.739899
334.115082
332.446228
323.734619
334.103607
332.363770
323.538910
333.950470
331.960297
321.848785
332.040741
321.502686
324.886688
316.397308
322.254333
311.528534
325.424530
322.574677
311.769867
325.577972
322.724854
311.850494
325.600800
322.711212
311.825836
325.529999
322.533295
311.638184
325.125763
320.453339
312.537415
313.119720
317.901520
315.147919
327.770264
325.311920
318.073059
328.320068
325.838043
318.655945
328.458160
325.967468
318.779053
328.447083
325.992310
318.803223
328.265747
325.856110
318.623474
327.316193
324.802582
317.436218
311.535858
312.125427
323.269135
327.783875
332.424011
329.469360
329.052063
332.728394
329.854065
329.242889
332.810974
329.915222
329.424164
333.014252
329.928986
329.424103
332.870300
329.736969
329.214874
332.421387
328.775146
327.662872
314.566803
312.894409
323.765320
329.006531
333.194733
329.905640
329.919464
333.741028
330.217316
330.162506
333.802917
330.260345
330.191925
333.803314
330.254211
330.161469
333.704071
330.125885
329.903534
332.929962
329.118652
328.268829
315.066223
313.165039
323.907196
329.170685
333.365143
329.947968
330.060242
333.844025
330.242401
330.266754
333.915833
330.322662
330.326935
333.959473
330.378113
330.324799
333.876129
330.271484
330.101013
333.180145
329.252991
328.410492
315.225037
313.252686
323.778564
329.016266
333.185974
329.840759
329.897308
333.726776
330.178802
330.149658
333.839142
330.293182
330.353271
334.021729
330.381805
330.387360
333.951599
330.278656
330.178528
333.263702
329.251190
328.440735
315.247314
313.230682
323.635010
328.934418
333.078400
329.663361
329.804657
333.650513
330.039551
330.062500
333.777130
330.188385
330.304260
333.974335
330.279663
330.345001
333.901245
330.120789
330.107330
333.171173
329.049927
328.367065
315.150543
313.064850
323.154572
328.713806
332.668365
328.837830
329.425690
333.244568
329.103241
329.674683
333.424042
329.207214
329.913849
333.632935
329.238281
329.940155
333.532043
329.080841
329.672791
332.716034
327.914368
327.940094
314.791382
312.631165
