# Fence location
#  il  iu  jl  ju  kl  ku  z0horiz[m]  z0hhoriz[m]  Thoriz[K]  Twest  Teast  Tnorth  Tsouth         
1   16  1   36  0   16  0.010000 0.000067 288.00 288.00 288.00 288.00 288.00
27  86  48  83  0   35  0.010000 0.000067 288.00 288.00 288.00 288.00 288.00
1   16  48  83  0   18  0.010000 0.000067 288.00 288.00 288.00 288.00 288.00
74  86  1   25  0   8   0.010000 0.000067 288.00 288.00 288.00 288.00 288.00
74  86  33  36  0   25  0.010000 0.000067 288.00 288.00 288.00 288.00 288.00
27  66  33  36  0   10  0.010000 0.000067 288.00 288.00 288.00 288.00 288.00
27  42  1   10  0   2   0.010000 0.000067 288.00 288.00 288.00 288.00 288.00
49  66  1   10  0   22  0.010000 0.000067 288.00 288.00 288.00 288.00 288.00
49  66  19  25  0   24  0.010000 0.000067 288.00 288.00 288.00 288.00 288.00
27  42  19  25  0   7   0.010000 0.000067 288.00 288.00 288.00 288.00 288.00
