# SDBL flow 
# z uq vq pqx pqy wfls dqtdxls dqtdyls dqtdtls dthlrad      
0.625000000000000    0.000000     0.000000     0.000000     0.000000     0.000000000     0.000000     0.000000     0.000000     0.000000000000   
1.875000000000000    0.000000     0.000000     0.000000     0.000000     0.000000000     0.000000     0.000000     0.000000     0.000000000000   
3.125000000000000    0.000000     0.000000     0.000000     0.000000     0.000000000     0.000000     0.000000     0.000000     0.000000000000   
4.375000000000000    0.000000     0.000000     0.000000     0.000000     0.000000000     0.000000     0.000000     0.000000     0.000000000000   
5.625000000000000    0.000000     0.000000     0.000000     0.000000     0.000000000     0.000000     0.000000     0.000000     0.000000000000   
6.875000000000000    0.000000     0.000000     0.000000     0.000000     0.000000000     0.000000     0.000000     0.000000     0.000000000000   
8.125000000000000    0.000000     0.000000     0.000000     0.000000     0.000000000     0.000000     0.000000     0.000000     0.000000000000   
9.375000000000000    0.000000     0.000000     0.000000     0.000000     0.000000000     0.000000     0.000000     0.000000     0.000000000000   
10.625000000000000   0.000000     0.000000     0.000000     0.000000     0.000000000     0.000000     0.000000     0.000000     0.000000000000   
11.875000000000000   0.000000     0.000000     0.000000     0.000000     0.000000000     0.000000     0.000000     0.000000     0.000000000000   
13.125000000000000   0.000000     0.000000     0.000000     0.000000     0.000000000     0.000000     0.000000     0.000000     0.000000000000   
14.375000000000000   0.000000     0.000000     0.000000     0.000000     0.000000000     0.000000     0.000000     0.000000     0.000000000000   
15.625000000000000   0.000000     0.000000     0.000000     0.000000     0.000000000     0.000000     0.000000     0.000000     0.000000000000   
16.875000000000000   0.000000     0.000000     0.000000     0.000000     0.000000000     0.000000     0.000000     0.000000     0.000000000000   
18.125000000000000   0.000000     0.000000     0.000000     0.000000     0.000000000     0.000000     0.000000     0.000000     0.000000000000   
19.375000000000000   0.000000     0.000000     0.000000     0.000000     0.000000000     0.000000     0.000000     0.000000     0.000000000000   
20.625000000000000   0.000000     0.000000     0.000000     0.000000     0.000000000     0.000000     0.000000     0.000000     0.000000000000   
21.875000000000000   0.000000     0.000000     0.000000     0.000000     0.000000000     0.000000     0.000000     0.000000     0.000000000000   
23.125000000000000   0.000000     0.000000     0.000000     0.000000     0.000000000     0.000000     0.000000     0.000000     0.000000000000   
24.375000000000000   0.000000     0.000000     0.000000     0.000000     0.000000000     0.000000     0.000000     0.000000     0.000000000000   
25.625000000000000   0.000000     0.000000     0.000000     0.000000     0.000000000     0.000000     0.000000     0.000000     0.000000000000   
26.875000000000000   0.000000     0.000000     0.000000     0.000000     0.000000000     0.000000     0.000000     0.000000     0.000000000000   
28.125000000000000   0.000000     0.000000     0.000000     0.000000     0.000000000     0.000000     0.000000     0.000000     0.000000000000   
29.375000000000000   0.000000     0.000000     0.000000     0.000000     0.000000000     0.000000     0.000000     0.000000     0.000000000000   
30.625000000000000   0.000000     0.000000     0.000000     0.000000     0.000000000     0.000000     0.000000     0.000000     0.000000000000   
31.875000000000000   0.000000     0.000000     0.000000     0.000000     0.000000000     0.000000     0.000000     0.000000     0.000000000000   
33.125000000000000   0.000000     0.000000     0.000000     0.000000     0.000000000     0.000000     0.000000     0.000000     0.000000000000   
34.375000000000000   0.000000     0.000000     0.000000     0.000000     0.000000000     0.000000     0.000000     0.000000     0.000000000000   
35.625000000000000   0.000000     0.000000     0.000000     0.000000     0.000000000     0.000000     0.000000     0.000000     0.000000000000   
36.875000000000000   0.000000     0.000000     0.000000     0.000000     0.000000000     0.000000     0.000000     0.000000     0.000000000000   
38.125000000000000   0.000000     0.000000     0.000000     0.000000     0.000000000     0.000000     0.000000     0.000000     0.000000000000   
39.375000000000000   0.000000     0.000000     0.000000     0.000000     0.000000000     0.000000     0.000000     0.000000     0.000000000000   
40.625000000000000   0.000000     0.000000     0.000000     0.000000     0.000000000     0.000000     0.000000     0.000000     0.000000000000   
41.875000000000000   0.000000     0.000000     0.000000     0.000000     0.000000000     0.000000     0.000000     0.000000     0.000000000000   
43.125000000000000   0.000000     0.000000     0.000000     0.000000     0.000000000     0.000000     0.000000     0.000000     0.000000000000   
44.375000000000000   0.000000     0.000000     0.000000     0.000000     0.000000000     0.000000     0.000000     0.000000     0.000000000000   
45.625000000000000   0.000000     0.000000     0.000000     0.000000     0.000000000     0.000000     0.000000     0.000000     0.000000000000   
46.875000000000000   0.000000     0.000000     0.000000     0.000000     0.000000000     0.000000     0.000000     0.000000     0.000000000000   
48.125000000000000   0.000000     0.000000     0.000000     0.000000     0.000000000     0.000000     0.000000     0.000000     0.000000000000   
49.375000000000000   0.000000     0.000000     0.000000     0.000000     0.000000000     0.000000     0.000000     0.000000     0.000000000000   
50.625000000000000   0.000000     0.000000     0.000000     0.000000     0.000000000     0.000000     0.000000     0.000000     0.000000000000   
51.875000000000000   0.000000     0.000000     0.000000     0.000000     0.000000000     0.000000     0.000000     0.000000     0.000000000000   
53.125000000000000   0.000000     0.000000     0.000000     0.000000     0.000000000     0.000000     0.000000     0.000000     0.000000000000   
54.375000000000000   0.000000     0.000000     0.000000     0.000000     0.000000000     0.000000     0.000000     0.000000     0.000000000000   
55.625000000000000   0.000000     0.000000     0.000000     0.000000     0.000000000     0.000000     0.000000     0.000000     0.000000000000   
56.875000000000000   0.000000     0.000000     0.000000     0.000000     0.000000000     0.000000     0.000000     0.000000     0.000000000000   
58.125000000000000   0.000000     0.000000     0.000000     0.000000     0.000000000     0.000000     0.000000     0.000000     0.000000000000   
59.375000000000000   0.000000     0.000000     0.000000     0.000000     0.000000000     0.000000     0.000000     0.000000     0.000000000000   
60.625000000000000   0.000000     0.000000     0.000000     0.000000     0.000000000     0.000000     0.000000     0.000000     0.000000000000   
61.875000000000000   0.000000     0.000000     0.000000     0.000000     0.000000000     0.000000     0.000000     0.000000     0.000000000000   
63.125000000000000   0.000000     0.000000     0.000000     0.000000     0.000000000     0.000000     0.000000     0.000000     0.000000000000   
64.375000000000000   0.000000     0.000000     0.000000     0.000000     0.000000000     0.000000     0.000000     0.000000     0.000000000000   
65.625000000000000   0.000000     0.000000     0.000000     0.000000     0.000000000     0.000000     0.000000     0.000000     0.000000000000   
66.875000000000000   0.000000     0.000000     0.000000     0.000000     0.000000000     0.000000     0.000000     0.000000     0.000000000000   
68.125000000000000   0.000000     0.000000     0.000000     0.000000     0.000000000     0.000000     0.000000     0.000000     0.000000000000   
69.375000000000000   0.000000     0.000000     0.000000     0.000000     0.000000000     0.000000     0.000000     0.000000     0.000000000000   
70.625000000000000   0.000000     0.000000     0.000000     0.000000     0.000000000     0.000000     0.000000     0.000000     0.000000000000   
71.875000000000000   0.000000     0.000000     0.000000     0.000000     0.000000000     0.000000     0.000000     0.000000     0.000000000000   
73.125000000000000   0.000000     0.000000     0.000000     0.000000     0.000000000     0.000000     0.000000     0.000000     0.000000000000   
74.375000000000000   0.000000     0.000000     0.000000     0.000000     0.000000000     0.000000     0.000000     0.000000     0.000000000000   
75.625000000000000   0.000000     0.000000     0.000000     0.000000     0.000000000     0.000000     0.000000     0.000000     0.000000000000   
76.875000000000000   0.000000     0.000000     0.000000     0.000000     0.000000000     0.000000     0.000000     0.000000     0.000000000000   
78.125000000000000   0.000000     0.000000     0.000000     0.000000     0.000000000     0.000000     0.000000     0.000000     0.000000000000   
79.375000000000000   0.000000     0.000000     0.000000     0.000000     0.000000000     0.000000     0.000000     0.000000     0.000000000000   
80.625000000000000   0.000000     0.000000     0.000000     0.000000     0.000000000     0.000000     0.000000     0.000000     0.000000000000   
81.875000000000000   0.000000     0.000000     0.000000     0.000000     0.000000000     0.000000     0.000000     0.000000     0.000000000000   
83.125000000000000   0.000000     0.000000     0.000000     0.000000     0.000000000     0.000000     0.000000     0.000000     0.000000000000   
84.375000000000000   0.000000     0.000000     0.000000     0.000000     0.000000000     0.000000     0.000000     0.000000     0.000000000000   
85.625000000000000   0.000000     0.000000     0.000000     0.000000     0.000000000     0.000000     0.000000     0.000000     0.000000000000   
86.875000000000000   0.000000     0.000000     0.000000     0.000000     0.000000000     0.000000     0.000000     0.000000     0.000000000000   
88.125000000000000   0.000000     0.000000     0.000000     0.000000     0.000000000     0.000000     0.000000     0.000000     0.000000000000   
89.375000000000000   0.000000     0.000000     0.000000     0.000000     0.000000000     0.000000     0.000000     0.000000     0.000000000000   
90.625000000000000   0.000000     0.000000     0.000000     0.000000     0.000000000     0.000000     0.000000     0.000000     0.000000000000   
91.875000000000000   0.000000     0.000000     0.000000     0.000000     0.000000000     0.000000     0.000000     0.000000     0.000000000000   
93.125000000000000   0.000000     0.000000     0.000000     0.000000     0.000000000     0.000000     0.000000     0.000000     0.000000000000   
94.375000000000000   0.000000     0.000000     0.000000     0.000000     0.000000000     0.000000     0.000000     0.000000     0.000000000000   
95.625000000000000   0.000000     0.000000     0.000000     0.000000     0.000000000     0.000000     0.000000     0.000000     0.000000000000   
96.875000000000000   0.000000     0.000000     0.000000     0.000000     0.000000000     0.000000     0.000000     0.000000     0.000000000000   
98.125000000000000   0.000000     0.000000     0.000000     0.000000     0.000000000     0.000000     0.000000     0.000000     0.000000000000   
99.375000000000000   0.000000     0.000000     0.000000     0.000000     0.000000000     0.000000     0.000000     0.000000     0.000000000000   
100.625000000000000  0.000000     0.000000     0.000000     0.000000     0.000000000     0.000000     0.000000     0.000000     0.000000000000   
101.875000000000000  0.000000     0.000000     0.000000     0.000000     0.000000000     0.000000     0.000000     0.000000     0.000000000000   
103.125000000000000  0.000000     0.000000     0.000000     0.000000     0.000000000     0.000000     0.000000     0.000000     0.000000000000   
104.375000000000000  0.000000     0.000000     0.000000     0.000000     0.000000000     0.000000     0.000000     0.000000     0.000000000000   
105.625000000000000  0.000000     0.000000     0.000000     0.000000     0.000000000     0.000000     0.000000     0.000000     0.000000000000   
106.875000000000000  0.000000     0.000000     0.000000     0.000000     0.000000000     0.000000     0.000000     0.000000     0.000000000000   
108.125000000000000  0.000000     0.000000     0.000000     0.000000     0.000000000     0.000000     0.000000     0.000000     0.000000000000   
109.375000000000000  0.000000     0.000000     0.000000     0.000000     0.000000000     0.000000     0.000000     0.000000     0.000000000000   
110.625000000000000  0.000000     0.000000     0.000000     0.000000     0.000000000     0.000000     0.000000     0.000000     0.000000000000   
111.875000000000000  0.000000     0.000000     0.000000     0.000000     0.000000000     0.000000     0.000000     0.000000     0.000000000000   
113.125000000000000  0.000000     0.000000     0.000000     0.000000     0.000000000     0.000000     0.000000     0.000000     0.000000000000   
114.375000000000000  0.000000     0.000000     0.000000     0.000000     0.000000000     0.000000     0.000000     0.000000     0.000000000000   
115.625000000000000  0.000000     0.000000     0.000000     0.000000     0.000000000     0.000000     0.000000     0.000000     0.000000000000   
116.875000000000000  0.000000     0.000000     0.000000     0.000000     0.000000000     0.000000     0.000000     0.000000     0.000000000000   
118.125000000000000  0.000000     0.000000     0.000000     0.000000     0.000000000     0.000000     0.000000     0.000000     0.000000000000   
119.375000000000000  0.000000     0.000000     0.000000     0.000000     0.000000000     0.000000     0.000000     0.000000     0.000000000000   
120.625000000000000  0.000000     0.000000     0.000000     0.000000     0.000000000     0.000000     0.000000     0.000000     0.000000000000   
121.875000000000000  0.000000     0.000000     0.000000     0.000000     0.000000000     0.000000     0.000000     0.000000     0.000000000000   
123.125000000000000  0.000000     0.000000     0.000000     0.000000     0.000000000     0.000000     0.000000     0.000000     0.000000000000   
124.375000000000000  0.000000     0.000000     0.000000     0.000000     0.000000000     0.000000     0.000000     0.000000     0.000000000000   
125.625000000000000  0.000000     0.000000     0.000000     0.000000     0.000000000     0.000000     0.000000     0.000000     0.000000000000   
126.875000000000000  0.000000     0.000000     0.000000     0.000000     0.000000000     0.000000     0.000000     0.000000     0.000000000000   
128.125000000000000  0.000000     0.000000     0.000000     0.000000     0.000000000     0.000000     0.000000     0.000000     0.000000000000   
129.375000000000000  0.000000     0.000000     0.000000     0.000000     0.000000000     0.000000     0.000000     0.000000     0.000000000000   
130.625000000000000  0.000000     0.000000     0.000000     0.000000     0.000000000     0.000000     0.000000     0.000000     0.000000000000   
131.875000000000000  0.000000     0.000000     0.000000     0.000000     0.000000000     0.000000     0.000000     0.000000     0.000000000000   
133.125000000000000  0.000000     0.000000     0.000000     0.000000     0.000000000     0.000000     0.000000     0.000000     0.000000000000   
134.375000000000000  0.000000     0.000000     0.000000     0.000000     0.000000000     0.000000     0.000000     0.000000     0.000000000000   
135.625000000000000  0.000000     0.000000     0.000000     0.000000     0.000000000     0.000000     0.000000     0.000000     0.000000000000   
136.875000000000000  0.000000     0.000000     0.000000     0.000000     0.000000000     0.000000     0.000000     0.000000     0.000000000000   
138.125000000000000  0.000000     0.000000     0.000000     0.000000     0.000000000     0.000000     0.000000     0.000000     0.000000000000   
139.375000000000000  0.000000     0.000000     0.000000     0.000000     0.000000000     0.000000     0.000000     0.000000     0.000000000000   
140.625000000000000  0.000000     0.000000     0.000000     0.000000     0.000000000     0.000000     0.000000     0.000000     0.000000000000   
141.875000000000000  0.000000     0.000000     0.000000     0.000000     0.000000000     0.000000     0.000000     0.000000     0.000000000000   
143.125000000000000  0.000000     0.000000     0.000000     0.000000     0.000000000     0.000000     0.000000     0.000000     0.000000000000   
144.375000000000000  0.000000     0.000000     0.000000     0.000000     0.000000000     0.000000     0.000000     0.000000     0.000000000000   
145.625000000000000  0.000000     0.000000     0.000000     0.000000     0.000000000     0.000000     0.000000     0.000000     0.000000000000   
146.875000000000000  0.000000     0.000000     0.000000     0.000000     0.000000000     0.000000     0.000000     0.000000     0.000000000000   
148.125000000000000  0.000000     0.000000     0.000000     0.000000     0.000000000     0.000000     0.000000     0.000000     0.000000000000   
149.375000000000000  0.000000     0.000000     0.000000     0.000000     0.000000000     0.000000     0.000000     0.000000     0.000000000000   
150.625000000000000  0.000000     0.000000     0.000000     0.000000     0.000000000     0.000000     0.000000     0.000000     0.000000000000   
151.875000000000000  0.000000     0.000000     0.000000     0.000000     0.000000000     0.000000     0.000000     0.000000     0.000000000000   
153.125000000000000  0.000000     0.000000     0.000000     0.000000     0.000000000     0.000000     0.000000     0.000000     0.000000000000   
154.375000000000000  0.000000     0.000000     0.000000     0.000000     0.000000000     0.000000     0.000000     0.000000     0.000000000000   
155.625000000000000  0.000000     0.000000     0.000000     0.000000     0.000000000     0.000000     0.000000     0.000000     0.000000000000   
156.875000000000000  0.000000     0.000000     0.000000     0.000000     0.000000000     0.000000     0.000000     0.000000     0.000000000000   
158.125000000000000  0.000000     0.000000     0.000000     0.000000     0.000000000     0.000000     0.000000     0.000000     0.000000000000   
159.375000000000000  0.000000     0.000000     0.000000     0.000000     0.000000000     0.000000     0.000000     0.000000     0.000000000000   
160.625000000000000  0.000000     0.000000     0.000000     0.000000     0.000000000     0.000000     0.000000     0.000000     0.000000000000   
161.875000000000000  0.000000     0.000000     0.000000     0.000000     0.000000000     0.000000     0.000000     0.000000     0.000000000000   
163.125000000000000  0.000000     0.000000     0.000000     0.000000     0.000000000     0.000000     0.000000     0.000000     0.000000000000   
164.375000000000000  0.000000     0.000000     0.000000     0.000000     0.000000000     0.000000     0.000000     0.000000     0.000000000000   
165.625000000000000  0.000000     0.000000     0.000000     0.000000     0.000000000     0.000000     0.000000     0.000000     0.000000000000   
166.875000000000000  0.000000     0.000000     0.000000     0.000000     0.000000000     0.000000     0.000000     0.000000     0.000000000000   
168.125000000000000  0.000000     0.000000     0.000000     0.000000     0.000000000     0.000000     0.000000     0.000000     0.000000000000   
169.375000000000000  0.000000     0.000000     0.000000     0.000000     0.000000000     0.000000     0.000000     0.000000     0.000000000000   
170.625000000000000  0.000000     0.000000     0.000000     0.000000     0.000000000     0.000000     0.000000     0.000000     0.000000000000   
171.875000000000000  0.000000     0.000000     0.000000     0.000000     0.000000000     0.000000     0.000000     0.000000     0.000000000000   
173.125000000000000  0.000000     0.000000     0.000000     0.000000     0.000000000     0.000000     0.000000     0.000000     0.000000000000   
174.375000000000000  0.000000     0.000000     0.000000     0.000000     0.000000000     0.000000     0.000000     0.000000     0.000000000000   
175.625000000000000  0.000000     0.000000     0.000000     0.000000     0.000000000     0.000000     0.000000     0.000000     0.000000000000   
176.875000000000000  0.000000     0.000000     0.000000     0.000000     0.000000000     0.000000     0.000000     0.000000     0.000000000000   
178.125000000000000  0.000000     0.000000     0.000000     0.000000     0.000000000     0.000000     0.000000     0.000000     0.000000000000   
179.375000000000000  0.000000     0.000000     0.000000     0.000000     0.000000000     0.000000     0.000000     0.000000     0.000000000000   
