# area of facets
256.000000
272.000000
272.000000
272.000000
272.000000
256.000000
272.000000
272.000000
272.000000
272.000000
256.000000
272.000000
272.000000
272.000000
272.000000
256.000000
272.000000
272.000000
272.000000
272.000000
100.000000
70.000000
100.000000
70.000000
100.000000
70.000000
100.000000
70.000000
100.000000
70.000000
100.000000
70.000000
40.000000
28.000000
100.000000
70.000000
100.000000
70.000000
100.000000
70.000000
100.000000
70.000000
100.000000
70.000000
100.000000
70.000000
40.000000
28.000000
100.000000
70.000000
100.000000
70.000000
100.000000
70.000000
100.000000
70.000000
100.000000
70.000000
100.000000
70.000000
40.000000
28.000000
100.000000
70.000000
100.000000
70.000000
100.000000
70.000000
100.000000
70.000000
100.000000
70.000000
100.000000
70.000000
40.000000
28.000000
16.000000
16.000000
10.000000
80.000000
16.000000
16.000000
80.000000
50.000000
16.000000
16.000000
10.000000
80.000000
16.000000
16.000000
80.000000
50.000000
70.000000
8.000000
8.000000
100.000000
8.000000
8.000000
70.000000
70.000000
10.000000
100.000000
10.000000
100.000000
10.000000
100.000000
10.000000
70.000000
70.000000
6.000000
6.000000
100.000000
6.000000
6.000000
70.000000
70.000000
8.000000
8.000000
100.000000
8.000000
8.000000
70.000000
70.000000
100.000000
70.000000
70.000000
100.000000
70.000000
28.000000
40.000000
28.000000
6.000000
48.000000
48.000000
30.000000
6.000000
48.000000
48.000000
30.000000
40.000000
60.000000
40.000000
60.000000
40.000000
40.000000
40.000000
40.000000
16.000000
