# Initial facet tempereatures in radiative equilibrium
331.917328
316.231720
325.087158
322.852478
317.889343
331.917328
319.210297
326.575897
319.176544
326.770996
331.917328
320.883026
318.361267
321.641388
317.737885
331.917328
322.623169
319.310638
317.669189
325.708557
315.235199
318.523010
318.277130
319.642883
322.462769
322.784485
325.899628
324.532684
322.096283
322.080414
321.517365
322.186523
322.179138
323.175232
311.997620
314.768158
315.151581
316.483795
318.382629
319.054504
319.554047
319.933289
316.781036
317.706024
315.901001
317.344299
313.540314
316.970123
321.878540
322.717407
321.178955
321.764374
324.770874
323.553986
324.883240
324.342072
320.519318
321.300629
319.146027
320.380951
313.336792
319.363068
313.513397
316.107605
314.451385
316.044861
317.423584
318.281036
318.352081
319.136139
315.394714
316.718536
313.345123
315.391083
311.093781
314.312439
315.944977
332.425568
319.535004
316.951904
320.549652
333.882812
320.569733
333.676544
320.047729
326.944458
318.697815
317.971039
321.423767
327.761292
319.984100
332.624756
314.602478
317.375214
319.695282
320.849487
319.728455
315.797272
313.218262
318.327026
323.570801
324.026520
332.121338
329.772430
323.481567
323.360870
330.129639
317.552490
321.723328
332.407166
332.513184
328.259094
332.356140
330.386810
319.965851
330.124176
321.427155
331.281372
330.312134
322.290955
326.920258
320.945038
323.275818
330.781281
318.953674
321.123535
328.773193
318.031982
323.410889
329.974823
316.364502
323.553833
318.161804
326.358032
333.121429
322.303467
316.686127
325.462585
331.933777
318.508545
330.292664
320.338684
328.961884
319.200348
328.305695
323.607513
319.537537
323.295959
