 #  input file Large Scale Forcings - DYCOMS RF02
#  height      ug        vg       wfls      dqtdxls  dqtdyls  dqtdtls dthlrad
5.0000E+000	3.0215E+000	-8.9720E+000	-1.88E-005	0.00E+000	0.00E+000	0.00E+000	0.00E+000
1.5000E+001	3.0645E+000	-8.9160E+000	-5.63E-005	0.00E+000	0.00E+000	0.00E+000	0.00E+000
2.5000E+001	3.1075E+000	-8.8600E+000	-9.38E-005	0.00E+000	0.00E+000	0.00E+000	0.00E+000
3.5000E+001	3.1505E+000	-8.8040E+000	-1.31E-004	0.00E+000	0.00E+000	0.00E+000	0.00E+000
4.5000E+001	3.1935E+000	-8.7480E+000	-1.69E-004	0.00E+000	0.00E+000	0.00E+000	0.00E+000
5.5000E+001	3.2365E+000	-8.6920E+000	-2.06E-004	0.00E+000	0.00E+000	0.00E+000	0.00E+000
6.5000E+001	3.2795E+000	-8.6360E+000	-2.44E-004	0.00E+000	0.00E+000	0.00E+000	0.00E+000
7.5000E+001	3.3225E+000	-8.5800E+000	-2.81E-004	0.00E+000	0.00E+000	0.00E+000	0.00E+000
8.5000E+001	3.3655E+000	-8.5240E+000	-3.19E-004	0.00E+000	0.00E+000	0.00E+000	0.00E+000
9.5000E+001	3.4085E+000	-8.4680E+000	-3.56E-004	0.00E+000	0.00E+000	0.00E+000	0.00E+000
1.0500E+002	3.4515E+000	-8.4120E+000	-3.94E-004	0.00E+000	0.00E+000	0.00E+000	0.00E+000
1.1500E+002	3.4945E+000	-8.3560E+000	-4.31E-004	0.00E+000	0.00E+000	0.00E+000	0.00E+000
1.2500E+002	3.5375E+000	-8.3000E+000	-4.69E-004	0.00E+000	0.00E+000	0.00E+000	0.00E+000
1.3500E+002	3.5805E+000	-8.2440E+000	-5.06E-004	0.00E+000	0.00E+000	0.00E+000	0.00E+000
1.4500E+002	3.6235E+000	-8.1880E+000	-5.44E-004	0.00E+000	0.00E+000	0.00E+000	0.00E+000
1.5500E+002	3.6665E+000	-8.1320E+000	-5.81E-004	0.00E+000	0.00E+000	0.00E+000	0.00E+000
1.6500E+002	3.7095E+000	-8.0760E+000	-6.19E-004	0.00E+000	0.00E+000	0.00E+000	0.00E+000
1.7500E+002	3.7525E+000	-8.0200E+000	-6.56E-004	0.00E+000	0.00E+000	0.00E+000	0.00E+000
1.8500E+002	3.7955E+000	-7.9640E+000	-6.94E-004	0.00E+000	0.00E+000	0.00E+000	0.00E+000
1.9500E+002	3.8385E+000	-7.9080E+000	-7.31E-004	0.00E+000	0.00E+000	0.00E+000	0.00E+000
2.0500E+002	3.8815E+000	-7.8520E+000	-7.69E-004	0.00E+000	0.00E+000	0.00E+000	0.00E+000
2.1500E+002	3.9245E+000	-7.7960E+000	-8.06E-004	0.00E+000	0.00E+000	0.00E+000	0.00E+000
2.2500E+002	3.9675E+000	-7.7400E+000	-8.44E-004	0.00E+000	0.00E+000	0.00E+000	0.00E+000
2.3500E+002	4.0105E+000	-7.6840E+000	-8.81E-004	0.00E+000	0.00E+000	0.00E+000	0.00E+000
2.4500E+002	4.0535E+000	-7.6280E+000	-9.19E-004	0.00E+000	0.00E+000	0.00E+000	0.00E+000
2.5500E+002	4.0965E+000	-7.5720E+000	-9.56E-004	0.00E+000	0.00E+000	0.00E+000	0.00E+000
2.6500E+002	4.1395E+000	-7.5160E+000	-9.94E-004	0.00E+000	0.00E+000	0.00E+000	0.00E+000
2.7500E+002	4.1825E+000	-7.4600E+000	-1.03E-003	0.00E+000	0.00E+000	0.00E+000	0.00E+000
2.8500E+002	4.2255E+000	-7.4040E+000	-1.07E-003	0.00E+000	0.00E+000	0.00E+000	0.00E+000
2.9500E+002	4.2685E+000	-7.3480E+000	-1.11E-003	0.00E+000	0.00E+000	0.00E+000	0.00E+000
3.0500E+002	4.3115E+000	-7.2920E+000	-1.14E-003	0.00E+000	0.00E+000	0.00E+000	0.00E+000
3.1500E+002	4.3545E+000	-7.2360E+000	-1.18E-003	0.00E+000	0.00E+000	0.00E+000	0.00E+000
3.2500E+002	4.3975E+000	-7.1800E+000	-1.22E-003	0.00E+000	0.00E+000	0.00E+000	0.00E+000
3.3500E+002	4.4405E+000	-7.1240E+000	-1.26E-003	0.00E+000	0.00E+000	0.00E+000	0.00E+000
3.4500E+002	4.4835E+000	-7.0680E+000	-1.29E-003	0.00E+000	0.00E+000	0.00E+000	0.00E+000
3.5500E+002	4.5265E+000	-7.0120E+000	-1.33E-003	0.00E+000	0.00E+000	0.00E+000	0.00E+000
3.6500E+002	4.5695E+000	-6.9560E+000	-1.37E-003	0.00E+000	0.00E+000	0.00E+000	0.00E+000
3.7500E+002	4.6125E+000	-6.9000E+000	-1.41E-003	0.00E+000	0.00E+000	0.00E+000	0.00E+000
3.8500E+002	4.6555E+000	-6.8440E+000	-1.44E-003	0.00E+000	0.00E+000	0.00E+000	0.00E+000
3.9500E+002	4.6985E+000	-6.7880E+000	-1.48E-003	0.00E+000	0.00E+000	0.00E+000	0.00E+000
4.0500E+002	4.7415E+000	-6.7320E+000	-1.52E-003	0.00E+000	0.00E+000	0.00E+000	0.00E+000
4.1500E+002	4.7845E+000	-6.6760E+000	-1.56E-003	0.00E+000	0.00E+000	0.00E+000	0.00E+000
4.2500E+002	4.8275E+000	-6.6200E+000	-1.59E-003	0.00E+000	0.00E+000	0.00E+000	0.00E+000
4.3500E+002	4.8705E+000	-6.5640E+000	-1.63E-003	0.00E+000	0.00E+000	0.00E+000	0.00E+000
4.4500E+002	4.9135E+000	-6.5080E+000	-1.67E-003	0.00E+000	0.00E+000	0.00E+000	0.00E+000
4.5500E+002	4.9565E+000	-6.4520E+000	-1.71E-003	0.00E+000	0.00E+000	0.00E+000	0.00E+000
4.6500E+002	4.9995E+000	-6.3960E+000	-1.74E-003	0.00E+000	0.00E+000	0.00E+000	0.00E+000
4.7500E+002	5.0425E+000	-6.3400E+000	-1.78E-003	0.00E+000	0.00E+000	0.00E+000	0.00E+000
4.8500E+002	5.0855E+000	-6.2840E+000	-1.82E-003	0.00E+000	0.00E+000	0.00E+000	0.00E+000
4.9500E+002	5.1285E+000	-6.2280E+000	-1.86E-003	0.00E+000	0.00E+000	0.00E+000	0.00E+000
5.0500E+002	5.1715E+000	-6.1720E+000	-1.89E-003	0.00E+000	0.00E+000	0.00E+000	0.00E+000
5.1500E+002	5.2145E+000	-6.1160E+000	-1.93E-003	0.00E+000	0.00E+000	0.00E+000	0.00E+000
5.2500E+002	5.2575E+000	-6.0600E+000	-1.97E-003	0.00E+000	0.00E+000	0.00E+000	0.00E+000
5.3500E+002	5.3005E+000	-6.0040E+000	-2.01E-003	0.00E+000	0.00E+000	0.00E+000	0.00E+000
5.4500E+002	5.3435E+000	-5.9480E+000	-2.04E-003	0.00E+000	0.00E+000	0.00E+000	0.00E+000
5.5500E+002	5.3865E+000	-5.8920E+000	-2.08E-003	0.00E+000	0.00E+000	0.00E+000	0.00E+000
5.6500E+002	5.4295E+000	-5.8360E+000	-2.12E-003	0.00E+000	0.00E+000	0.00E+000	0.00E+000
5.7500E+002	5.4725E+000	-5.7800E+000	-2.16E-003	0.00E+000	0.00E+000	0.00E+000	0.00E+000
5.8500E+002	5.5155E+000	-5.7240E+000	-2.19E-003	0.00E+000	0.00E+000	0.00E+000	0.00E+000
5.9500E+002	5.5585E+000	-5.6680E+000	-2.23E-003	0.00E+000	0.00E+000	0.00E+000	0.00E+000
6.0500E+002	5.6015E+000	-5.6120E+000	-2.27E-003	0.00E+000	0.00E+000	0.00E+000	0.00E+000
6.1500E+002	5.6445E+000	-5.5560E+000	-2.31E-003	0.00E+000	0.00E+000	0.00E+000	0.00E+000
6.2500E+002	5.6875E+000	-5.5000E+000	-2.34E-003	0.00E+000	0.00E+000	0.00E+000	0.00E+000
6.3500E+002	5.7305E+000	-5.4440E+000	-2.38E-003	0.00E+000	0.00E+000	0.00E+000	0.00E+000
6.4500E+002	5.7735E+000	-5.3880E+000	-2.42E-003	0.00E+000	0.00E+000	0.00E+000	0.00E+000
6.5500E+002	5.8165E+000	-5.3320E+000	-2.46E-003	0.00E+000	0.00E+000	0.00E+000	0.00E+000
6.6500E+002	5.8595E+000	-5.2760E+000	-2.49E-003	0.00E+000	0.00E+000	0.00E+000	0.00E+000
6.7500E+002	5.9025E+000	-5.2200E+000	-2.53E-003	0.00E+000	0.00E+000	0.00E+000	0.00E+000
6.8500E+002	5.9455E+000	-5.1640E+000	-2.57E-003	0.00E+000	0.00E+000	0.00E+000	0.00E+000
6.9500E+002	5.9885E+000	-5.1080E+000	-2.61E-003	0.00E+000	0.00E+000	0.00E+000	0.00E+000
7.0500E+002	6.0315E+000	-5.0520E+000	-2.64E-003	0.00E+000	0.00E+000	0.00E+000	0.00E+000
7.1500E+002	6.0745E+000	-4.9960E+000	-2.68E-003	0.00E+000	0.00E+000	0.00E+000	0.00E+000
7.2500E+002	6.1175E+000	-4.9400E+000	-2.72E-003	0.00E+000	0.00E+000	0.00E+000	0.00E+000
7.3500E+002	6.1605E+000	-4.8840E+000	-2.76E-003	0.00E+000	0.00E+000	0.00E+000	0.00E+000
7.4500E+002	6.2035E+000	-4.8280E+000	-2.79E-003	0.00E+000	0.00E+000	0.00E+000	0.00E+000
7.5500E+002	6.2465E+000	-4.7720E+000	-2.83E-003	0.00E+000	0.00E+000	0.00E+000	0.00E+000
7.6500E+002	6.2895E+000	-4.7160E+000	-2.87E-003	0.00E+000	0.00E+000	0.00E+000	0.00E+000
7.7500E+002	6.3325E+000	-4.6600E+000	-2.91E-003	0.00E+000	0.00E+000	0.00E+000	0.00E+000
7.8500E+002	6.3755E+000	-4.6040E+000	-2.94E-003	0.00E+000	0.00E+000	0.00E+000	0.00E+000
7.9500E+002	6.4185E+000	-4.5480E+000	-2.98E-003	0.00E+000	0.00E+000	0.00E+000	0.00E+000
8.0500E+002	6.4615E+000	-4.4920E+000	-3.02E-003	0.00E+000	0.00E+000	0.00E+000	0.00E+000
8.1500E+002	6.5045E+000	-4.4360E+000	-3.06E-003	0.00E+000	0.00E+000	0.00E+000	0.00E+000
8.2500E+002	6.5475E+000	-4.3800E+000	-3.09E-003	0.00E+000	0.00E+000	0.00E+000	0.00E+000
8.3500E+002	6.5905E+000	-4.3240E+000	-3.13E-003	0.00E+000	0.00E+000	0.00E+000	0.00E+000
8.4500E+002	6.6335E+000	-4.2680E+000	-3.17E-003	0.00E+000	0.00E+000	0.00E+000	0.00E+000
8.5500E+002	6.6765E+000	-4.2120E+000	-3.21E-003	0.00E+000	0.00E+000	0.00E+000	0.00E+000
8.6500E+002	6.7195E+000	-4.1560E+000	-3.24E-003	0.00E+000	0.00E+000	0.00E+000	0.00E+000
8.7500E+002	6.7625E+000	-4.1000E+000	-3.28E-003	0.00E+000	0.00E+000	0.00E+000	0.00E+000
8.8500E+002	6.8055E+000	-4.0440E+000	-3.32E-003	0.00E+000	0.00E+000	0.00E+000	0.00E+000
8.9500E+002	6.8485E+000	-3.9880E+000	-3.36E-003	0.00E+000	0.00E+000	0.00E+000	0.00E+000
9.0500E+002	6.8915E+000	-3.9320E+000	-3.39E-003	0.00E+000	0.00E+000	0.00E+000	0.00E+000
9.1500E+002	6.9345E+000	-3.8760E+000	-3.43E-003	0.00E+000	0.00E+000	0.00E+000	0.00E+000
9.2500E+002	6.9775E+000	-3.8200E+000	-3.47E-003	0.00E+000	0.00E+000	0.00E+000	0.00E+000
9.3500E+002	7.0205E+000	-3.7640E+000	-3.51E-003	0.00E+000	0.00E+000	0.00E+000	0.00E+000
9.4500E+002	7.0635E+000	-3.7080E+000	-3.54E-003	0.00E+000	0.00E+000	0.00E+000	0.00E+000
9.5500E+002	7.1065E+000	-3.6520E+000	-3.58E-003	0.00E+000	0.00E+000	0.00E+000	0.00E+000
9.6500E+002	7.1495E+000	-3.5960E+000	-3.62E-003	0.00E+000	0.00E+000	0.00E+000	0.00E+000
9.7500E+002	7.1925E+000	-3.5400E+000	-3.66E-003	0.00E+000	0.00E+000	0.00E+000	0.00E+000
9.8500E+002	7.2355E+000	-3.4840E+000	-3.69E-003	0.00E+000	0.00E+000	0.00E+000	0.00E+000
9.9500E+002	7.2785E+000	-3.4280E+000	-3.73E-003	0.00E+000	0.00E+000	0.00E+000	0.00E+000
1.0050E+003	7.3215E+000	-3.3720E+000	-3.77E-003	0.00E+000	0.00E+000	0.00E+000	0.00E+000
1.0150E+003	7.3645E+000	-3.3160E+000	-3.81E-003	0.00E+000	0.00E+000	0.00E+000	0.00E+000
1.0250E+003	7.4075E+000	-3.2600E+000	-3.84E-003	0.00E+000	0.00E+000	0.00E+000	0.00E+000
1.0350E+003	7.4505E+000	-3.2040E+000	-3.88E-003	0.00E+000	0.00E+000	0.00E+000	0.00E+000
1.0450E+003	7.4935E+000	-3.1480E+000	-3.92E-003	0.00E+000	0.00E+000	0.00E+000	0.00E+000
1.0550E+003	7.5365E+000	-3.0920E+000	-3.96E-003	0.00E+000	0.00E+000	0.00E+000	0.00E+000
1.0650E+003	7.5795E+000	-3.0360E+000	-3.99E-003	0.00E+000	0.00E+000	0.00E+000	0.00E+000
1.0750E+003	7.6225E+000	-2.9800E+000	-4.03E-003	0.00E+000	0.00E+000	0.00E+000	0.00E+000
1.0850E+003	7.6655E+000	-2.9240E+000	-4.07E-003	0.00E+000	0.00E+000	0.00E+000	0.00E+000
1.0950E+003	7.7085E+000	-2.8680E+000	-4.11E-003	0.00E+000	0.00E+000	0.00E+000	0.00E+000
1.1050E+003	7.7515E+000	-2.8120E+000	-4.14E-003	0.00E+000	0.00E+000	0.00E+000	0.00E+000
1.1150E+003	7.7945E+000	-2.7560E+000	-4.18E-003	0.00E+000	0.00E+000	0.00E+000	0.00E+000
1.1250E+003	7.8375E+000	-2.7000E+000	-4.22E-003	0.00E+000	0.00E+000	0.00E+000	0.00E+000
1.1350E+003	7.8805E+000	-2.6440E+000	-4.26E-003	0.00E+000	0.00E+000	0.00E+000	0.00E+000
1.1450E+003	7.9235E+000	-2.5880E+000	-4.29E-003	0.00E+000	0.00E+000	0.00E+000	0.00E+000
1.1550E+003	7.9665E+000	-2.5320E+000	-4.33E-003	0.00E+000	0.00E+000	0.00E+000	0.00E+000
1.1650E+003	8.0095E+000	-2.4760E+000	-4.37E-003	0.00E+000	0.00E+000	0.00E+000	0.00E+000
1.1750E+003	8.0525E+000	-2.4200E+000	-4.41E-003	0.00E+000	0.00E+000	0.00E+000	0.00E+000
1.1850E+003	8.0955E+000	-2.3640E+000	-4.44E-003	0.00E+000	0.00E+000	0.00E+000	0.00E+000
1.1950E+003	8.1385E+000	-2.3080E+000	-4.48E-003	0.00E+000	0.00E+000	0.00E+000	0.00E+000
1.2050E+003	8.1815E+000	-2.2520E+000	-4.52E-003	0.00E+000	0.00E+000	0.00E+000	0.00E+000
1.2150E+003	8.2245E+000	-2.1960E+000	-4.56E-003	0.00E+000	0.00E+000	0.00E+000	0.00E+000
1.2250E+003	8.2675E+000	-2.1400E+000	-4.59E-003	0.00E+000	0.00E+000	0.00E+000	0.00E+000
1.2350E+003	8.3105E+000	-2.0840E+000	-4.63E-003	0.00E+000	0.00E+000	0.00E+000	0.00E+000
1.2450E+003	8.3535E+000	-2.0280E+000	-4.67E-003	0.00E+000	0.00E+000	0.00E+000	0.00E+000
1.2550E+003	8.3965E+000	-1.9720E+000	-4.71E-003	0.00E+000	0.00E+000	0.00E+000	0.00E+000
1.2650E+003	8.4395E+000	-1.9160E+000	-4.74E-003	0.00E+000	0.00E+000	0.00E+000	0.00E+000
1.2750E+003	8.4825E+000	-1.8600E+000	-4.78E-003	0.00E+000	0.00E+000	0.00E+000	0.00E+000
1.2850E+003	8.5255E+000	-1.8040E+000	-4.82E-003	0.00E+000	0.00E+000	0.00E+000	0.00E+000
1.2950E+003	8.5685E+000	-1.7480E+000	-4.86E-003	0.00E+000	0.00E+000	0.00E+000	0.00E+000
1.3050E+003	8.6115E+000	-1.6920E+000	-4.89E-003	0.00E+000	0.00E+000	0.00E+000	0.00E+000
1.3150E+003	8.6545E+000	-1.6360E+000	-4.93E-003	0.00E+000	0.00E+000	0.00E+000	0.00E+000
1.3250E+003	8.6975E+000	-1.5800E+000	-4.97E-003	0.00E+000	0.00E+000	0.00E+000	0.00E+000
1.3350E+003	8.7405E+000	-1.5240E+000	-5.01E-003	0.00E+000	0.00E+000	0.00E+000	0.00E+000
1.3450E+003	8.7835E+000	-1.4680E+000	-5.04E-003	0.00E+000	0.00E+000	0.00E+000	0.00E+000
1.3550E+003	8.8265E+000	-1.4120E+000	-5.08E-003	0.00E+000	0.00E+000	0.00E+000	0.00E+000
1.3650E+003	8.8695E+000	-1.3560E+000	-5.12E-003	0.00E+000	0.00E+000	0.00E+000	0.00E+000
1.3750E+003	8.9125E+000	-1.3000E+000	-5.16E-003	0.00E+000	0.00E+000	0.00E+000	0.00E+000
1.3850E+003	8.9555E+000	-1.2440E+000	-5.19E-003	0.00E+000	0.00E+000	0.00E+000	0.00E+000
1.3950E+003	8.9985E+000	-1.1880E+000	-5.23E-003	0.00E+000	0.00E+000	0.00E+000	0.00E+000
1.4050E+003	9.0415E+000	-1.1320E+000	-5.27E-003	0.00E+000	0.00E+000	0.00E+000	0.00E+000
1.4150E+003	9.0845E+000	-1.0760E+000	-5.31E-003	0.00E+000	0.00E+000	0.00E+000	0.00E+000
1.4250E+003	9.1275E+000	-1.0200E+000	-5.34E-003	0.00E+000	0.00E+000	0.00E+000	0.00E+000
1.4350E+003	9.1705E+000	-9.6400E-001	-5.38E-003	0.00E+000	0.00E+000	0.00E+000	0.00E+000
1.4450E+003	9.2135E+000	-9.0800E-001	-5.42E-003	0.00E+000	0.00E+000	0.00E+000	0.00E+000
1.4550E+003	9.2565E+000	-8.5200E-001	-5.46E-003	0.00E+000	0.00E+000	0.00E+000	0.00E+000
1.4650E+003	9.2995E+000	-7.9600E-001	-5.49E-003	0.00E+000	0.00E+000	0.00E+000	0.00E+000
1.4750E+003	9.3425E+000	-7.4000E-001	-5.53E-003	0.00E+000	0.00E+000	0.00E+000	0.00E+000
1.4850E+003	9.3855E+000	-6.8400E-001	-5.57E-003	0.00E+000	0.00E+000	0.00E+000	0.00E+000
1.4950E+003	9.4285E+000	-6.2800E-001	-5.61E-003	0.00E+000	0.00E+000	0.00E+000	0.00E+000
1.5050E+003	9.4715E+000	-5.7200E-001	-5.64E-003	0.00E+000	0.00E+000	0.00E+000	0.00E+000
1.5150E+003	9.5145E+000	-5.1600E-001	-5.68E-003	0.00E+000	0.00E+000	0.00E+000	0.00E+000
1.5250E+003	9.5575E+000	-4.6000E-001	-5.72E-003	0.00E+000	0.00E+000	0.00E+000	0.00E+000
1.5350E+003	9.6005E+000	-4.0400E-001	-5.76E-003	0.00E+000	0.00E+000	0.00E+000	0.00E+000
1.5450E+003	9.6435E+000	-3.4800E-001	-5.79E-003	0.00E+000	0.00E+000	0.00E+000	0.00E+000
1.5550E+003	9.6865E+000	-2.9200E-001	-5.83E-003	0.00E+000	0.00E+000	0.00E+000	0.00E+000
1.5650E+003	9.7295E+000	-2.3600E-001	-5.87E-003	0.00E+000	0.00E+000	0.00E+000	0.00E+000
1.5750E+003	9.7725E+000	-1.8000E-001	-5.91E-003	0.00E+000	0.00E+000	0.00E+000	0.00E+000
1.5850E+003	9.8155E+000	-1.2400E-001	-5.94E-003	0.00E+000	0.00E+000	0.00E+000	0.00E+000
1.5950E+003	9.8585E+000	-6.8000E-002	-5.98E-003	0.00E+000	0.00E+000	0.00E+000	0.00E+000
