# input file profiles
# height  th_l  q_t   u    v  tke
5.0000E+000	2.8830E+002	9.4500E-003	3.0215E+000	-8.9720E+000	2.0000E-001
1.5000E+001	2.8830E+002	9.4500E-003	3.0645E+000	-8.9160E+000	2.0000E-001
2.5000E+001	2.8830E+002	9.4500E-003	3.1075E+000	-8.8600E+000	2.0000E-001
3.5000E+001	2.8830E+002	9.4500E-003	3.1505E+000	-8.8040E+000	2.0000E-001
4.5000E+001	2.8830E+002	9.4500E-003	3.1935E+000	-8.7480E+000	2.0000E-001
5.5000E+001	2.8830E+002	9.4500E-003	3.2365E+000	-8.6920E+000	2.0000E-001
6.5000E+001	2.8830E+002	9.4500E-003	3.2795E+000	-8.6360E+000	2.0000E-001
7.5000E+001	2.8830E+002	9.4500E-003	3.3225E+000	-8.5800E+000	2.0000E-001
8.5000E+001	2.8830E+002	9.4500E-003	3.3655E+000	-8.5240E+000	2.0000E-001
9.5000E+001	2.8830E+002	9.4500E-003	3.4085E+000	-8.4680E+000	2.0000E-001
1.0500E+002	2.8830E+002	9.4500E-003	3.4515E+000	-8.4120E+000	2.0000E-001
1.1500E+002	2.8830E+002	9.4500E-003	3.4945E+000	-8.3560E+000	2.0000E-001
1.2500E+002	2.8830E+002	9.4500E-003	3.5375E+000	-8.3000E+000	2.0000E-001
1.3500E+002	2.8830E+002	9.4500E-003	3.5805E+000	-8.2440E+000	2.0000E-001
1.4500E+002	2.8830E+002	9.4500E-003	3.6235E+000	-8.1880E+000	2.0000E-001
1.5500E+002	2.8830E+002	9.4500E-003	3.6665E+000	-8.1320E+000	2.0000E-001
1.6500E+002	2.8830E+002	9.4500E-003	3.7095E+000	-8.0760E+000	2.0000E-001
1.7500E+002	2.8830E+002	9.4500E-003	3.7525E+000	-8.0200E+000	2.0000E-001
1.8500E+002	2.8830E+002	9.4500E-003	3.7955E+000	-7.9640E+000	2.0000E-001
1.9500E+002	2.8830E+002	9.4500E-003	3.8385E+000	-7.9080E+000	2.0000E-001
2.0500E+002	2.8830E+002	9.4500E-003	3.8815E+000	-7.8520E+000	2.0000E-001
2.1500E+002	2.8830E+002	9.4500E-003	3.9245E+000	-7.7960E+000	2.0000E-001
2.2500E+002	2.8830E+002	9.4500E-003	3.9675E+000	-7.7400E+000	2.0000E-001
2.3500E+002	2.8830E+002	9.4500E-003	4.0105E+000	-7.6840E+000	2.0000E-001
2.4500E+002	2.8830E+002	9.4500E-003	4.0535E+000	-7.6280E+000	2.0000E-001
2.5500E+002	2.8830E+002	9.4500E-003	4.0965E+000	-7.5720E+000	2.0000E-001
2.6500E+002	2.8830E+002	9.4500E-003	4.1395E+000	-7.5160E+000	2.0000E-001
2.7500E+002	2.8830E+002	9.4500E-003	4.1825E+000	-7.4600E+000	2.0000E-001
2.8500E+002	2.8830E+002	9.4500E-003	4.2255E+000	-7.4040E+000	2.0000E-001
2.9500E+002	2.8830E+002	9.4500E-003	4.2685E+000	-7.3480E+000	2.0000E-001
3.0500E+002	2.8830E+002	9.4500E-003	4.3115E+000	-7.2920E+000	2.0000E-001
3.1500E+002	2.8830E+002	9.4500E-003	4.3545E+000	-7.2360E+000	2.0000E-001
3.2500E+002	2.8830E+002	9.4500E-003	4.3975E+000	-7.1800E+000	2.0000E-001
3.3500E+002	2.8830E+002	9.4500E-003	4.4405E+000	-7.1240E+000	2.0000E-001
3.4500E+002	2.8830E+002	9.4500E-003	4.4835E+000	-7.0680E+000	2.0000E-001
3.5500E+002	2.8830E+002	9.4500E-003	4.5265E+000	-7.0120E+000	2.0000E-001
3.6500E+002	2.8830E+002	9.4500E-003	4.5695E+000	-6.9560E+000	2.0000E-001
3.7500E+002	2.8830E+002	9.4500E-003	4.6125E+000	-6.9000E+000	2.0000E-001
3.8500E+002	2.8830E+002	9.4500E-003	4.6555E+000	-6.8440E+000	2.0000E-001
3.9500E+002	2.8830E+002	9.4500E-003	4.6985E+000	-6.7880E+000	2.0000E-001
4.0500E+002	2.8830E+002	9.4500E-003	4.7415E+000	-6.7320E+000	2.0000E-001
4.1500E+002	2.8830E+002	9.4500E-003	4.7845E+000	-6.6760E+000	2.0000E-001
4.2500E+002	2.8830E+002	9.4500E-003	4.8275E+000	-6.6200E+000	2.0000E-001
4.3500E+002	2.8830E+002	9.4500E-003	4.8705E+000	-6.5640E+000	2.0000E-001
4.4500E+002	2.8830E+002	9.4500E-003	4.9135E+000	-6.5080E+000	2.0000E-001
4.5500E+002	2.8830E+002	9.4500E-003	4.9565E+000	-6.4520E+000	2.0000E-001
4.6500E+002	2.8830E+002	9.4500E-003	4.9995E+000	-6.3960E+000	2.0000E-001
4.7500E+002	2.8830E+002	9.4500E-003	5.0425E+000	-6.3400E+000	2.0000E-001
4.8500E+002	2.8830E+002	9.4500E-003	5.0855E+000	-6.2840E+000	2.0000E-001
4.9500E+002	2.8830E+002	9.4500E-003	5.1285E+000	-6.2280E+000	2.0000E-001
5.0500E+002	2.8830E+002	9.4500E-003	5.1715E+000	-6.1720E+000	2.0000E-001
5.1500E+002	2.8830E+002	9.4500E-003	5.2145E+000	-6.1160E+000	2.0000E-001
5.2500E+002	2.8830E+002	9.4500E-003	5.2575E+000	-6.0600E+000	2.0000E-001
5.3500E+002	2.8830E+002	9.4500E-003	5.3005E+000	-6.0040E+000	2.0000E-001
5.4500E+002	2.8830E+002	9.4500E-003	5.3435E+000	-5.9480E+000	2.0000E-001
5.5500E+002	2.8830E+002	9.4500E-003	5.3865E+000	-5.8920E+000	2.0000E-001
5.6500E+002	2.8830E+002	9.4500E-003	5.4295E+000	-5.8360E+000	2.0000E-001
5.7500E+002	2.8830E+002	9.4500E-003	5.4725E+000	-5.7800E+000	2.0000E-001
5.8500E+002	2.8830E+002	9.4500E-003	5.5155E+000	-5.7240E+000	2.0000E-001
5.9500E+002	2.8830E+002	9.4500E-003	5.5585E+000	-5.6680E+000	2.0000E-001
6.0500E+002	2.8830E+002	9.4500E-003	5.6015E+000	-5.6120E+000	2.0000E-001
6.1500E+002	2.8830E+002	9.4500E-003	5.6445E+000	-5.5560E+000	2.0000E-001
6.2500E+002	2.8830E+002	9.4500E-003	5.6875E+000	-5.5000E+000	2.0000E-001
6.3500E+002	2.8830E+002	9.4500E-003	5.7305E+000	-5.4440E+000	2.0000E-001
6.4500E+002	2.8830E+002	9.4500E-003	5.7735E+000	-5.3880E+000	2.0000E-001
6.5500E+002	2.8830E+002	9.4500E-003	5.8165E+000	-5.3320E+000	2.0000E-001
6.6500E+002	2.8830E+002	9.4500E-003	5.8595E+000	-5.2760E+000	2.0000E-001
6.7500E+002	2.8830E+002	9.4500E-003	5.9025E+000	-5.2200E+000	2.0000E-001
6.8500E+002	2.8830E+002	9.4500E-003	5.9455E+000	-5.1640E+000	2.0000E-001
6.9500E+002	2.8830E+002	9.4500E-003	5.9885E+000	-5.1080E+000	2.0000E-001
7.0500E+002	2.8830E+002	9.4500E-003	6.0315E+000	-5.0520E+000	2.0000E-001
7.1500E+002	2.8830E+002	9.4500E-003	6.0745E+000	-4.9960E+000	2.0000E-001
7.2500E+002	2.8830E+002	9.4500E-003	6.1175E+000	-4.9400E+000	2.0000E-001
7.3500E+002	2.8830E+002	9.4500E-003	6.1605E+000	-4.8840E+000	2.0000E-001
7.4500E+002	2.8830E+002	9.4500E-003	6.2035E+000	-4.8280E+000	2.0000E-001
7.5500E+002	2.8830E+002	9.4500E-003	6.2465E+000	-4.7720E+000	2.0000E-001
7.6500E+002	2.8830E+002	9.4500E-003	6.2895E+000	-4.7160E+000	2.0000E-001
7.7500E+002	2.8830E+002	9.4500E-003	6.3325E+000	-4.6600E+000	2.0000E-001
7.8500E+002	2.8830E+002	9.4500E-003	6.3755E+000	-4.6040E+000	2.0000E-001
7.9500E+002	2.9500E+002	5.0000E-003	6.4185E+000	-4.5480E+000	2.0000E-001
8.0500E+002	2.9715E+002	4.9406E-003	6.4615E+000	-4.4920E+000	2.0000E-001
8.1500E+002	2.9771E+002	4.8824E-003	6.5045E+000	-4.4360E+000	2.0000E-001
8.2500E+002	2.9811E+002	4.8253E-003	6.5475E+000	-4.3800E+000	2.0000E-001
8.3500E+002	2.9842E+002	4.7693E-003	6.5905E+000	-4.3240E+000	2.0000E-001
8.4500E+002	2.9868E+002	4.7145E-003	6.6335E+000	-4.2680E+000	2.0000E-001
8.5500E+002	2.9891E+002	4.6608E-003	6.6765E+000	-4.2120E+000	2.0000E-001
8.6500E+002	2.9912E+002	4.6081E-003	6.7195E+000	-4.1560E+000	2.0000E-001
8.7500E+002	2.9931E+002	4.5564E-003	6.7625E+000	-4.1000E+000	2.0000E-001
8.8500E+002	2.9948E+002	4.5058E-003	6.8055E+000	-4.0440E+000	2.0000E-001
8.9500E+002	2.9964E+002	4.4562E-003	6.8485E+000	-3.9880E+000	2.0000E-001
9.0500E+002	2.9979E+002	4.4076E-003	6.8915E+000	-3.9320E+000	2.0000E-001
9.1500E+002	2.9993E+002	4.3599E-003	6.9345E+000	-3.8760E+000	2.0000E-001
9.2500E+002	3.0007E+002	4.3132E-003	6.9775E+000	-3.8200E+000	2.0000E-001
9.3500E+002	3.0019E+002	4.2674E-003	7.0205E+000	-3.7640E+000	2.0000E-001
9.4500E+002	3.0031E+002	4.2225E-003	7.0635E+000	-3.7080E+000	2.0000E-001
9.5500E+002	3.0043E+002	4.1784E-003	7.1065E+000	-3.6520E+000	2.0000E-001
9.6500E+002	3.0054E+002	4.1353E-003	7.1495E+000	-3.5960E+000	2.0000E-001
9.7500E+002	3.0065E+002	4.0930E-003	7.1925E+000	-3.5400E+000	2.0000E-001
9.8500E+002	3.0075E+002	4.0516E-003	7.2355E+000	-3.4840E+000	2.0000E-001
9.9500E+002	3.0085E+002	4.0110E-003	7.2785E+000	-3.4280E+000	2.0000E-001
1.0050E+003	3.0094E+002	3.9711E-003	7.3215E+000	-3.3720E+000	2.0000E-001
1.0150E+003	3.0104E+002	3.9321E-003	7.3645E+000	-3.3160E+000	2.0000E-001
1.0250E+003	3.0113E+002	3.8939E-003	7.4075E+000	-3.2600E+000	2.0000E-001
1.0350E+003	3.0121E+002	3.8564E-003	7.4505E+000	-3.2040E+000	2.0000E-001
1.0450E+003	3.0130E+002	3.8196E-003	7.4935E+000	-3.1480E+000	2.0000E-001
1.0550E+003	3.0138E+002	3.7836E-003	7.5365E+000	-3.0920E+000	2.0000E-001
1.0650E+003	3.0146E+002	3.7482E-003	7.5795E+000	-3.0360E+000	2.0000E-001
1.0750E+003	3.0154E+002	3.7136E-003	7.6225E+000	-2.9800E+000	2.0000E-001
1.0850E+003	3.0162E+002	3.6797E-003	7.6655E+000	-2.9240E+000	2.0000E-001
1.0950E+003	3.0169E+002	3.6464E-003	7.7085E+000	-2.8680E+000	2.0000E-001
1.1050E+003	3.0177E+002	3.6138E-003	7.7515E+000	-2.8120E+000	2.0000E-001
1.1150E+003	3.0184E+002	3.5819E-003	7.7945E+000	-2.7560E+000	2.0000E-001
1.1250E+003	3.0191E+002	3.5506E-003	7.8375E+000	-2.7000E+000	2.0000E-001
1.1350E+003	3.0198E+002	3.5199E-003	7.8805E+000	-2.6440E+000	2.0000E-001
1.1450E+003	3.0205E+002	3.4898E-003	7.9235E+000	-2.5880E+000	2.0000E-001
1.1550E+003	3.0211E+002	3.4603E-003	7.9665E+000	-2.5320E+000	2.0000E-001
1.1650E+003	3.0218E+002	3.4313E-003	8.0095E+000	-2.4760E+000	2.0000E-001
1.1750E+003	3.0224E+002	3.4030E-003	8.0525E+000	-2.4200E+000	2.0000E-001
1.1850E+003	3.0231E+002	3.3752E-003	8.0955E+000	-2.3640E+000	2.0000E-001
1.1950E+003	3.0237E+002	3.3480E-003	8.1385E+000	-2.3080E+000	2.0000E-001
1.2050E+003	3.0243E+002	3.3213E-003	8.1815E+000	-2.2520E+000	2.0000E-001
1.2150E+003	3.0249E+002	3.2951E-003	8.2245E+000	-2.1960E+000	2.0000E-001
1.2250E+003	3.0255E+002	3.2695E-003	8.2675E+000	-2.1400E+000	2.0000E-001
1.2350E+003	3.0261E+002	3.2443E-003	8.3105E+000	-2.0840E+000	2.0000E-001
1.2450E+003	3.0266E+002	3.2197E-003	8.3535E+000	-2.0280E+000	2.0000E-001
1.2550E+003	3.0272E+002	3.1956E-003	8.3965E+000	-1.9720E+000	2.0000E-001
1.2650E+003	3.0277E+002	3.1719E-003	8.4395E+000	-1.9160E+000	2.0000E-001
1.2750E+003	3.0283E+002	3.1487E-003	8.4825E+000	-1.8600E+000	2.0000E-001
1.2850E+003	3.0288E+002	3.1259E-003	8.5255E+000	-1.8040E+000	2.0000E-001
1.2950E+003	3.0294E+002	3.1036E-003	8.5685E+000	-1.7480E+000	2.0000E-001
1.3050E+003	3.0299E+002	3.0818E-003	8.6115E+000	-1.6920E+000	2.0000E-001
1.3150E+003	3.0304E+002	3.0604E-003	8.6545E+000	-1.6360E+000	2.0000E-001
1.3250E+003	3.0309E+002	3.0394E-003	8.6975E+000	-1.5800E+000	2.0000E-001
1.3350E+003	3.0314E+002	3.0188E-003	8.7405E+000	-1.5240E+000	2.0000E-001
1.3450E+003	3.0319E+002	2.9986E-003	8.7835E+000	-1.4680E+000	2.0000E-001
1.3550E+003	3.0324E+002	2.9788E-003	8.8265E+000	-1.4120E+000	2.0000E-001
1.3650E+003	3.0329E+002	2.9595E-003	8.8695E+000	-1.3560E+000	2.0000E-001
1.3750E+003	3.0334E+002	2.9405E-003	8.9125E+000	-1.3000E+000	2.0000E-001
1.3850E+003	3.0339E+002	2.9218E-003	8.9555E+000	-1.2440E+000	2.0000E-001
1.3950E+003	3.0343E+002	2.9036E-003	8.9985E+000	-1.1880E+000	2.0000E-001
1.4050E+003	3.0348E+002	2.8857E-003	9.0415E+000	-1.1320E+000	2.0000E-001
1.4150E+003	3.0353E+002	2.8682E-003	9.0845E+000	-1.0760E+000	2.0000E-001
1.4250E+003	3.0357E+002	2.8510E-003	9.1275E+000	-1.0200E+000	2.0000E-001
1.4350E+003	3.0362E+002	2.8341E-003	9.1705E+000	-9.6400E-001	2.0000E-001
1.4450E+003	3.0366E+002	2.8176E-003	9.2135E+000	-9.0800E-001	2.0000E-001
1.4550E+003	3.0371E+002	2.8014E-003	9.2565E+000	-8.5200E-001	2.0000E-001
1.4650E+003	3.0375E+002	2.7855E-003	9.2995E+000	-7.9600E-001	2.0000E-001
1.4750E+003	3.0379E+002	2.7700E-003	9.3425E+000	-7.4000E-001	2.0000E-001
1.4850E+003	3.0384E+002	2.7547E-003	9.3855E+000	-6.8400E-001	2.0000E-001
1.4950E+003	3.0388E+002	2.7398E-003	9.4285E+000	-6.2800E-001	2.0000E-001
1.5050E+003	3.0392E+002	2.7251E-003	9.4715E+000	-5.7200E-001	2.0000E-001
1.5150E+003	3.0396E+002	2.7108E-003	9.5145E+000	-5.1600E-001	2.0000E-001
1.5250E+003	3.0400E+002	2.6967E-003	9.5575E+000	-4.6000E-001	2.0000E-001
1.5350E+003	3.0405E+002	2.6829E-003	9.6005E+000	-4.0400E-001	2.0000E-001
1.5450E+003	3.0409E+002	2.6694E-003	9.6435E+000	-3.4800E-001	2.0000E-001
1.5550E+003	3.0413E+002	2.6561E-003	9.6865E+000	-2.9200E-001	2.0000E-001
1.5650E+003	3.0417E+002	2.6431E-003	9.7295E+000	-2.3600E-001	2.0000E-001
1.5750E+003	3.0421E+002	2.6304E-003	9.7725E+000	-1.8000E-001	2.0000E-001
1.5850E+003	3.0424E+002	2.6179E-003	9.8155E+000	-1.2400E-001	2.0000E-001
1.5950E+003	3.0428E+002	2.6057E-003	9.8585E+000	-6.8000E-002	2.0000E-001
