#  input file Scalar Profiles - DYCOMS RF02
#  height  sv0  sv1                                               
5.0000E+000	0	0
1.5000E+001	0	0
2.5000E+001	0	0
3.5000E+001	0	0
4.5000E+001	0	0
5.5000E+001	0	0
6.5000E+001	0	0
7.5000E+001	0	0
8.5000E+001	0	0
9.5000E+001	0	0
1.0500E+002	0	0
1.1500E+002	0	0
1.2500E+002	0	0
1.3500E+002	0	0
1.4500E+002	0	0
1.5500E+002	0	0
1.6500E+002	0	0
1.7500E+002	0	0
1.8500E+002	0	0
1.9500E+002	0	0
2.0500E+002	0	0
2.1500E+002	0	0
2.2500E+002	0	0
2.3500E+002	0	0
2.4500E+002	0	0
2.5500E+002	0	0
2.6500E+002	0	0
2.7500E+002	0	0
2.8500E+002	0	0
2.9500E+002	0	0
3.0500E+002	0	0
3.1500E+002	0	0
3.2500E+002	0	0
3.3500E+002	0	0
3.4500E+002	0	0
3.5500E+002	0	0
3.6500E+002	0	0
3.7500E+002	0	0
3.8500E+002	0	0
3.9500E+002	0	0
4.0500E+002	0	0
4.1500E+002	0	0
4.2500E+002	0	0
4.3500E+002	0	0
4.4500E+002	0	0
4.5500E+002	0	0
4.6500E+002	0	0
4.7500E+002	0	0
4.8500E+002	0	0
4.9500E+002	0	0
5.0500E+002	0	0
5.1500E+002	0	0
5.2500E+002	0	0
5.3500E+002	0	0
5.4500E+002	0	0
5.5500E+002	0	0
5.6500E+002	0	0
5.7500E+002	0	0
5.8500E+002	0	0
5.9500E+002	0	0
6.0500E+002	0	0
6.1500E+002	0	0
6.2500E+002	0	0
6.3500E+002	0	0
6.4500E+002	0	0
6.5500E+002	0	0
6.6500E+002	0	0
6.7500E+002	0	0
6.8500E+002	0	0
6.9500E+002	0	0
7.0500E+002	0	0
7.1500E+002	0	0
7.2500E+002	0	0
7.3500E+002	0	0
7.4500E+002	0	0
7.5500E+002	0	0
7.6500E+002	0	0
7.7500E+002	0	0
7.8500E+002	0	0
7.9500E+002	0	0
8.0500E+002	0	0
8.1500E+002	0	0
8.2500E+002	0	0
8.3500E+002	0	0
8.4500E+002	0	0
8.5500E+002	0	0
8.6500E+002	0	0
8.7500E+002	0	0
8.8500E+002	0	0
8.9500E+002	0	0
9.0500E+002	0	0
9.1500E+002	0	0
9.2500E+002	0	0
9.3500E+002	0	0
9.4500E+002	0	0
9.5500E+002	0	0
9.6500E+002	0	0
9.7500E+002	0	0
9.8500E+002	0	0
9.9500E+002	0	0
1.0050E+003	0	0
1.0150E+003	0	0
1.0250E+003	0	0
1.0350E+003	0	0
1.0450E+003	0	0
1.0550E+003	0	0
1.0650E+003	0	0
1.0750E+003	0	0
1.0850E+003	0	0
1.0950E+003	0	0
1.1050E+003	0	0
1.1150E+003	0	0
1.1250E+003	0	0
1.1350E+003	0	0
1.1450E+003	0	0
1.1550E+003	0	0
1.1650E+003	0	0
1.1750E+003	0	0
1.1850E+003	0	0
1.1950E+003	0	0
1.2050E+003	0	0
1.2150E+003	0	0
1.2250E+003	0	0
1.2350E+003	0	0
1.2450E+003	0	0
1.2550E+003	0	0
1.2650E+003	0	0
1.2750E+003	0	0
1.2850E+003	0	0
1.2950E+003	0	0
1.3050E+003	0	0
1.3150E+003	0	0
1.3250E+003	0	0
1.3350E+003	0	0
1.3450E+003	0	0
1.3550E+003	0	0
1.3650E+003	0	0
1.3750E+003	0	0
1.3850E+003	0	0
1.3950E+003	0	0
1.4050E+003	0	0
1.4150E+003	0	0
1.4250E+003	0	0
1.4350E+003	0	0
1.4450E+003	0	0
1.4550E+003	0	0
1.4650E+003	0	0
1.4750E+003	0	0
1.4850E+003	0	0
1.4950E+003	0	0
1.5050E+003	0	0
1.5150E+003	0	0
1.5250E+003	0	0
1.5350E+003	0	0
1.5450E+003	0	0
1.5550E+003	0	0
1.5650E+003	0	0
1.5750E+003	0	0
1.5850E+003	0	0
1.5950E+003	0	0
