# Block data
#  il	   iu	   jl	   ju	   kl	   ku	 dtop	 dwest	 deast	 dnor	 dsou
   9	  24	   9	  24	   1	  16	   1	   2	   3	   4	   5
   9	  24	  41	  56	   1	  16	   6	   7	   8	   9	  10
  41	  56	   1	   8	   1	  16	  11	  12	  13	  14	  15
  41	  56	  25	  40	   1	  16	  16	  17	  18	  19	  20
  41	  56	  57	  64	   1	  16	  21	  22	  23	  24	  25
   8	   8	   1	  64	   0	   0	  26	   0	   0	   0	   0
  25	  25	   1	  64	   0	   0	  27	   0	   0	   0	   0
   9	  24	  25	  40	   0	   0	  28	   0	   0	   0	   0
   9	  24	   1	   8	   0	   0	  29	   0	   0	   0	   0
   9	  24	  57	  64	   0	   0	  30	   0	   0	   0	   0
  40	  40	   1	  64	   0	   0	  31	   0	   0	   0	   0
  57	  57	   1	  64	   0	   0	  32	   0	   0	   0	   0
  41	  56	   9	  24	   0	   0	  33	   0	   0	   0	   0
  41	  56	  41	  64	   0	   0	  34	   0	   0	   0	   0
  40	  40	  57	  64	   0	   0	  35	   0	   0	   0	   0
  57	  57	  57	  64	   0	   0	  36	   0	   0	   0	   0
  41	  56	  56	  56	   0	   0	  37	   0	   0	   0	   0
   1	   7	   1	  64	   0	   0	  38	   0	   0	   0	   0
  26	  39	   1	  64	   0	   0	  39	   0	   0	   0	   0
  58	  64	   1	  64	   0	   0	  40	   0	   0	   0	   0
