# Block data
#  il	   iu	   jl	   ju	   kl	   ku	 dtop	 dwest	 deast	 dnor	 dsou
   6	  24	   6	  27	   1	  18	   1	   2	   3	   4	   5
   6	  24	  36	  56	   1	  18	   6	   7	   8	   9	  10
   6	  24	  66	  87	   1	  18	  11	  12	  13	  14	  15
   6	  24	  96	 116	   1	  18	  16	  17	  18	  19	  20
  36	  54	   6	  27	   1	  18	  21	  22	  23	  24	  25
  36	  54	  36	  56	   1	  18	  26	  27	  28	  29	  30
  36	  54	  66	  87	   1	  18	  31	  32	  33	  34	  35
  36	  54	  96	 116	   1	  18	  36	  37	  38	  39	  40
  66	  84	   6	  27	   1	  18	  41	  42	  43	  44	  45
  66	  84	  36	  56	   1	  18	  46	  47	  48	  49	  50
  66	  84	  66	  87	   1	  18	  51	  52	  53	  54	  55
  66	  84	  96	 116	   1	  18	  56	  57	  58	  59	  60
  96	 114	   6	  27	   1	  18	  61	  62	  63	  64	  65
  96	 114	  36	  56	   1	  18	  66	  67	  68	  69	  70
  96	 114	  66	  87	   1	  18	  71	  72	  73	  74	  75
  96	 114	  96	 116	   1	  18	  76	  77	  78	  79	  80
 126	 144	   6	  27	   1	  18	  81	  82	  83	  84	  85
 126	 144	  36	  56	   1	  18	  86	  87	  88	  89	  90
 126	 144	  66	  87	   1	  18	  91	  92	  93	  94	  95
 126	 144	  96	 116	   1	  18	  96	  97	  98	  99	 100
 156	 174	   6	  27	   1	  18	 101	 102	 103	 104	 105
 156	 174	  36	  56	   1	  18	 106	 107	 108	 109	 110
 156	 174	  66	  87	   1	  18	 111	 112	 113	 114	 115
 156	 174	  96	 116	   1	  18	 116	 117	 118	 119	 120
 186	 204	   6	  27	   1	  18	 121	 122	 123	 124	 125
 186	 204	  36	  56	   1	  18	 126	 127	 128	 129	 130
 186	 204	  66	  87	   1	  18	 131	 132	 133	 134	 135
 186	 204	  96	 116	   1	  18	 136	 137	 138	 139	 140
 216	 234	   6	  27	   1	  18	 141	 142	 143	 144	 145
 216	 234	  36	  56	   1	  18	 146	 147	 148	 149	 150
 216	 234	  66	  87	   1	  18	 151	 152	 153	 154	 155
 216	 234	  96	 116	   1	  18	 156	 157	 158	 159	 160
   5	   5	   1	 120	   0	   0	 161	   0	   0	   0	   0
  25	  25	   1	 120	   0	   0	 162	   0	   0	   0	   0
   6	  24	  28	  35	   0	   0	 163	   0	   0	   0	   0
   6	  24	   1	   5	   0	   0	 164	   0	   0	   0	   0
   6	  24	  57	  65	   0	   0	 165	   0	   0	   0	   0
   6	  24	  88	  95	   0	   0	 166	   0	   0	   0	   0
   6	  24	 117	 120	   0	   0	 167	   0	   0	   0	   0
  35	  35	   1	 120	   0	   0	 168	   0	   0	   0	   0
  55	  55	   1	 120	   0	   0	 169	   0	   0	   0	   0
  36	  54	  28	  35	   0	   0	 170	   0	   0	   0	   0
  36	  54	   1	   5	   0	   0	 171	   0	   0	   0	   0
  36	  54	  57	  65	   0	   0	 172	   0	   0	   0	   0
  36	  54	  88	  95	   0	   0	 173	   0	   0	   0	   0
  36	  54	 117	 120	   0	   0	 174	   0	   0	   0	   0
  65	  65	   1	 120	   0	   0	 175	   0	   0	   0	   0
  85	  85	   1	 120	   0	   0	 176	   0	   0	   0	   0
  66	  84	  28	  35	   0	   0	 177	   0	   0	   0	   0
  66	  84	   1	   5	   0	   0	 178	   0	   0	   0	   0
  66	  84	  57	  65	   0	   0	 179	   0	   0	   0	   0
  66	  84	  88	  95	   0	   0	 180	   0	   0	   0	   0
  66	  84	 117	 120	   0	   0	 181	   0	   0	   0	   0
  95	  95	   1	 120	   0	   0	 182	   0	   0	   0	   0
 115	 115	   1	 120	   0	   0	 183	   0	   0	   0	   0
  96	 114	  28	  35	   0	   0	 184	   0	   0	   0	   0
  96	 114	   1	   5	   0	   0	 185	   0	   0	   0	   0
  96	 114	  57	  65	   0	   0	 186	   0	   0	   0	   0
  96	 114	  88	  95	   0	   0	 187	   0	   0	   0	   0
  96	 114	 117	 120	   0	   0	 188	   0	   0	   0	   0
 125	 125	   1	 120	   0	   0	 189	   0	   0	   0	   0
 145	 145	   1	 120	   0	   0	 190	   0	   0	   0	   0
 126	 144	  28	  35	   0	   0	 191	   0	   0	   0	   0
 126	 144	   1	   5	   0	   0	 192	   0	   0	   0	   0
 126	 144	  57	  65	   0	   0	 193	   0	   0	   0	   0
 126	 144	  88	  95	   0	   0	 194	   0	   0	   0	   0
 126	 144	 117	 120	   0	   0	 195	   0	   0	   0	   0
 155	 155	   1	 120	   0	   0	 196	   0	   0	   0	   0
 175	 175	   1	 120	   0	   0	 197	   0	   0	   0	   0
 156	 174	  28	  35	   0	   0	 198	   0	   0	   0	   0
 156	 174	   1	   5	   0	   0	 199	   0	   0	   0	   0
 156	 174	  57	  65	   0	   0	 200	   0	   0	   0	   0
 156	 174	  88	  95	   0	   0	 201	   0	   0	   0	   0
 156	 174	 117	 120	   0	   0	 202	   0	   0	   0	   0
 185	 185	   1	 120	   0	   0	 203	   0	   0	   0	   0
 205	 205	   1	 120	   0	   0	 204	   0	   0	   0	   0
 186	 204	  28	  35	   0	   0	 205	   0	   0	   0	   0
 186	 204	   1	   5	   0	   0	 206	   0	   0	   0	   0
 186	 204	  57	  65	   0	   0	 207	   0	   0	   0	   0
 186	 204	  88	  95	   0	   0	 208	   0	   0	   0	   0
 186	 204	 117	 120	   0	   0	 209	   0	   0	   0	   0
 215	 215	   1	 120	   0	   0	 210	   0	   0	   0	   0
 235	 235	   1	 120	   0	   0	 211	   0	   0	   0	   0
 216	 234	  28	  35	   0	   0	 212	   0	   0	   0	   0
 216	 234	   1	   5	   0	   0	 213	   0	   0	   0	   0
 216	 234	  57	  65	   0	   0	 214	   0	   0	   0	   0
 216	 234	  88	  95	   0	   0	 215	   0	   0	   0	   0
 216	 234	 117	 120	   0	   0	 216	   0	   0	   0	   0
   1	   4	   1	 120	   0	   0	 217	   0	   0	   0	   0
  26	  34	   1	 120	   0	   0	 218	   0	   0	   0	   0
  56	  64	   1	 120	   0	   0	 219	   0	   0	   0	   0
  86	  94	   1	 120	   0	   0	 220	   0	   0	   0	   0
 116	 124	   1	 120	   0	   0	 221	   0	   0	   0	   0
 146	 154	   1	 120	   0	   0	 222	   0	   0	   0	   0
 176	 184	   1	 120	   0	   0	 223	   0	   0	   0	   0
 206	 214	   1	 120	   0	   0	 224	   0	   0	   0	   0
 236	 240	   1	 120	   0	   0	 225	   0	   0	   0	   0
