# Block data
#  il	   iu	   jl	   ju	   kl	   ku	 dtop	 dwest	 deast	 dnor	 dsou
   4	  15	   4	   8	   1	  13	   1	   2	   3	   4	   5
   4	  15	  15	  28	   1	  14	   6	   7	   8	   9	  10
   4	  31	  36	  56	   1	   4	  11	  12	  13	  14	  15
   4	  15	  64	  68	   1	  13	  16	  17	  18	  19	  20
   4	  15	  75	  88	   1	  14	  21	  22	  23	  24	  25
   4	  31	  96	 116	   1	   4	  26	  27	  28	  29	  30
  22	  31	   4	   8	   1	  13	  31	  32	  33	  34	  35
  22	  31	  15	  28	   1	  20	  36	  37	  38	  39	  40
  22	  31	  64	  68	   1	  13	  41	  42	  43	  44	  45
  22	  31	  75	  88	   1	  20	  46	  47	  48	  49	  50
  39	  43	   4	  16	   1	  17	  51	  52	  53	  54	  55
  39	  43	  23	  28	   1	  22	  56	  57	  58	  59	  60
  39	  57	  36	  56	   1	  15	  61	  62	  63	  64	  65
  39	  43	  64	  76	   1	  17	  66	  67	  68	  69	  70
  39	  43	  83	  88	   1	  22	  71	  72	  73	  74	  75
  39	  57	  96	 116	   1	  15	  76	  77	  78	  79	  80
  50	  57	   4	  16	   1	  12	  81	  82	  83	  84	  85
  50	  57	  23	  28	   1	  15	  86	  87	  88	  89	  90
  50	  57	  64	  76	   1	  12	  91	  92	  93	  94	  95
  50	  57	  83	  88	   1	  15	  96	  97	  98	  99	 100
  64	  75	   4	   8	   1	  13	 101	 102	 103	 104	 105
  64	  75	  15	  28	   1	  14	 106	 107	 108	 109	 110
  64	  91	  36	  56	   1	   4	 111	 112	 113	 114	 115
  64	  75	  64	  68	   1	  13	 116	 117	 118	 119	 120
  64	  75	  75	  88	   1	  14	 121	 122	 123	 124	 125
  64	  91	  96	 116	   1	   4	 126	 127	 128	 129	 130
  82	  91	   4	   8	   1	  13	 131	 132	 133	 134	 135
  82	  91	  15	  28	   1	  20	 136	 137	 138	 139	 140
  82	  91	  64	  68	   1	  13	 141	 142	 143	 144	 145
  82	  91	  75	  88	   1	  20	 146	 147	 148	 149	 150
  99	 103	   4	  16	   1	  17	 151	 152	 153	 154	 155
  99	 103	  23	  28	   1	  22	 156	 157	 158	 159	 160
  99	 117	  36	  56	   1	  15	 161	 162	 163	 164	 165
  99	 103	  64	  76	   1	  17	 166	 167	 168	 169	 170
  99	 103	  83	  88	   1	  22	 171	 172	 173	 174	 175
  99	 117	  96	 116	   1	  15	 176	 177	 178	 179	 180
 110	 117	   4	  16	   1	  12	 181	 182	 183	 184	 185
 110	 117	  23	  28	   1	  15	 186	 187	 188	 189	 190
 110	 117	  64	  76	   1	  12	 191	 192	 193	 194	 195
 110	 117	  83	  88	   1	  15	 196	 197	 198	 199	 200
 124	 135	   4	   8	   1	  13	 201	 202	 203	 204	 205
 124	 135	  15	  28	   1	  14	 206	 207	 208	 209	 210
 124	 151	  36	  56	   1	   4	 211	 212	 213	 214	 215
 124	 135	  64	  68	   1	  13	 216	 217	 218	 219	 220
 124	 135	  75	  88	   1	  14	 221	 222	 223	 224	 225
 124	 151	  96	 116	   1	   4	 226	 227	 228	 229	 230
 142	 151	   4	   8	   1	  13	 231	 232	 233	 234	 235
 142	 151	  15	  28	   1	  20	 236	 237	 238	 239	 240
 142	 151	  64	  68	   1	  13	 241	 242	 243	 244	 245
 142	 151	  75	  88	   1	  20	 246	 247	 248	 249	 250
 159	 163	   4	  16	   1	  17	 251	 252	 253	 254	 255
 159	 163	  23	  28	   1	  22	 256	 257	 258	 259	 260
 159	 177	  36	  56	   1	  15	 261	 262	 263	 264	 265
 159	 163	  64	  76	   1	  17	 266	 267	 268	 269	 270
 159	 163	  83	  88	   1	  22	 271	 272	 273	 274	 275
 159	 177	  96	 116	   1	  15	 276	 277	 278	 279	 280
 170	 177	   4	  16	   1	  12	 281	 282	 283	 284	 285
 170	 177	  23	  28	   1	  15	 286	 287	 288	 289	 290
 170	 177	  64	  76	   1	  12	 291	 292	 293	 294	 295
 170	 177	  83	  88	   1	  15	 296	 297	 298	 299	 300
 184	 195	   4	   8	   1	  13	 301	 302	 303	 304	 305
 184	 195	  15	  28	   1	  14	 306	 307	 308	 309	 310
 184	 211	  36	  56	   1	   4	 311	 312	 313	 314	 315
 184	 195	  64	  68	   1	  13	 316	 317	 318	 319	 320
 184	 195	  75	  88	   1	  14	 321	 322	 323	 324	 325
 184	 211	  96	 116	   1	   4	 326	 327	 328	 329	 330
 202	 211	   4	   8	   1	  13	 331	 332	 333	 334	 335
 202	 211	  15	  28	   1	  20	 336	 337	 338	 339	 340
 202	 211	  64	  68	   1	  13	 341	 342	 343	 344	 345
 202	 211	  75	  88	   1	  20	 346	 347	 348	 349	 350
 219	 223	   4	  16	   1	  17	 351	 352	 353	 354	 355
 219	 223	  23	  28	   1	  22	 356	 357	 358	 359	 360
 219	 237	  36	  56	   1	  15	 361	 362	 363	 364	 365
 219	 223	  64	  76	   1	  17	 366	 367	 368	 369	 370
 219	 223	  83	  88	   1	  22	 371	 372	 373	 374	 375
 219	 237	  96	 116	   1	  15	 376	 377	 378	 379	 380
 230	 237	   4	  16	   1	  12	 381	 382	 383	 384	 385
 230	 237	  23	  28	   1	  15	 386	 387	 388	 389	 390
 230	 237	  64	  76	   1	  12	 391	 392	 393	 394	 395
 230	 237	  83	  88	   1	  15	 396	 397	 398	 399	 400
   4	  13	   9	  14	   0	   0	 545	   0	   0	   0	   0
   4	  13	   1	   3	   0	   0	 546	   0	   0	   0	   0
   3	   3	  15	  28	   0	   0	 547	   0	   0	   0	   0
  16	  16	  15	  28	   0	   0	 548	   0	   0	   0	   0
   4	  13	  29	  35	   0	   0	 549	   0	   0	   0	   0
   3	   3	  36	  56	   0	   0	 550	   0	   0	   0	   0
  32	  32	  36	  56	   0	   0	 551	   0	   0	   0	   0
   4	  13	  57	  63	   0	   0	 552	   0	   0	   0	   0
   3	   3	  64	  68	   0	   0	 553	   0	   0	   0	   0
  16	  16	  64	  68	   0	   0	 554	   0	   0	   0	   0
   4	  13	  69	  74	   0	   0	 555	   0	   0	   0	   0
   3	   3	  75	  88	   0	   0	 556	   0	   0	   0	   0
  16	  16	  75	  88	   0	   0	 557	   0	   0	   0	   0
   4	  13	  89	  95	   0	   0	 558	   0	   0	   0	   0
   3	   3	  96	 116	   0	   0	 559	   0	   0	   0	   0
  32	  32	  96	 116	   0	   0	 560	   0	   0	   0	   0
   4	  13	 117	 120	   0	   0	 561	   0	   0	   0	   0
  22	  31	   9	  14	   0	   0	 562	   0	   0	   0	   0
  22	  31	   1	   3	   0	   0	 563	   0	   0	   0	   0
  21	  21	  15	  28	   0	   0	 564	   0	   0	   0	   0
  32	  32	  15	  28	   0	   0	 565	   0	   0	   0	   0
  22	  31	  29	  34	   0	   0	 566	   0	   0	   0	   0
  21	  21	  64	  68	   0	   0	 567	   0	   0	   0	   0
  32	  32	  64	  68	   0	   0	 568	   0	   0	   0	   0
  22	  31	  69	  74	   0	   0	 569	   0	   0	   0	   0
  22	  31	  58	  63	   0	   0	 570	   0	   0	   0	   0
  21	  21	  75	  88	   0	   0	 571	   0	   0	   0	   0
  32	  32	  75	  88	   0	   0	 572	   0	   0	   0	   0
  22	  31	  89	  94	   0	   0	 573	   0	   0	   0	   0
  38	  38	   4	  16	   0	   0	 574	   0	   0	   0	   0
  44	  44	   4	  16	   0	   0	 575	   0	   0	   0	   0
  39	  43	  17	  22	   0	   0	 576	   0	   0	   0	   0
  39	  43	   1	   3	   0	   0	 577	   0	   0	   0	   0
  38	  38	  23	  28	   0	   0	 578	   0	   0	   0	   0
  44	  44	  23	  28	   0	   0	 579	   0	   0	   0	   0
  39	  43	  29	  34	   0	   0	 580	   0	   0	   0	   0
  38	  38	  36	  56	   0	   0	 581	   0	   0	   0	   0
  58	  58	  36	  56	   0	   0	 582	   0	   0	   0	   0
  39	  48	  57	  57	   0	   0	 583	   0	   0	   0	   0
  39	  48	  35	  35	   0	   0	 584	   0	   0	   0	   0
  38	  38	  64	  76	   0	   0	 585	   0	   0	   0	   0
  44	  44	  64	  76	   0	   0	 586	   0	   0	   0	   0
  39	  43	  77	  82	   0	   0	 587	   0	   0	   0	   0
  39	  43	  58	  63	   0	   0	 588	   0	   0	   0	   0
  38	  38	  83	  88	   0	   0	 589	   0	   0	   0	   0
  44	  44	  83	  88	   0	   0	 590	   0	   0	   0	   0
  39	  43	  89	  94	   0	   0	 591	   0	   0	   0	   0
  38	  38	  96	 116	   0	   0	 592	   0	   0	   0	   0
  58	  58	  96	 116	   0	   0	 593	   0	   0	   0	   0
  39	  48	 117	 120	   0	   0	 594	   0	   0	   0	   0
  39	  48	  95	  95	   0	   0	 595	   0	   0	   0	   0
  49	  49	   4	  16	   0	   0	 596	   0	   0	   0	   0
  58	  58	   4	  16	   0	   0	 597	   0	   0	   0	   0
  50	  57	  17	  22	   0	   0	 598	   0	   0	   0	   0
  50	  57	   1	   3	   0	   0	 599	   0	   0	   0	   0
  49	  49	  23	  28	   0	   0	 600	   0	   0	   0	   0
  58	  58	  23	  28	   0	   0	 601	   0	   0	   0	   0
  50	  57	  29	  34	   0	   0	 602	   0	   0	   0	   0
  49	  49	  64	  76	   0	   0	 603	   0	   0	   0	   0
  58	  58	  64	  76	   0	   0	 604	   0	   0	   0	   0
  50	  57	  77	  82	   0	   0	 605	   0	   0	   0	   0
  50	  57	  58	  63	   0	   0	 606	   0	   0	   0	   0
  49	  49	  83	  88	   0	   0	 607	   0	   0	   0	   0
  58	  58	  83	  88	   0	   0	 608	   0	   0	   0	   0
  50	  57	  89	  94	   0	   0	 609	   0	   0	   0	   0
  64	  73	   9	  14	   0	   0	 610	   0	   0	   0	   0
  64	  73	   1	   3	   0	   0	 611	   0	   0	   0	   0
  63	  63	  15	  28	   0	   0	 612	   0	   0	   0	   0
  76	  76	  15	  28	   0	   0	 613	   0	   0	   0	   0
  64	  73	  29	  35	   0	   0	 614	   0	   0	   0	   0
  63	  63	  36	  56	   0	   0	 615	   0	   0	   0	   0
  92	  92	  36	  56	   0	   0	 616	   0	   0	   0	   0
  64	  73	  57	  63	   0	   0	 617	   0	   0	   0	   0
  63	  63	  64	  68	   0	   0	 618	   0	   0	   0	   0
  76	  76	  64	  68	   0	   0	 619	   0	   0	   0	   0
  64	  73	  69	  74	   0	   0	 620	   0	   0	   0	   0
  63	  63	  75	  88	   0	   0	 621	   0	   0	   0	   0
  76	  76	  75	  88	   0	   0	 622	   0	   0	   0	   0
  64	  73	  89	  95	   0	   0	 623	   0	   0	   0	   0
  63	  63	  96	 116	   0	   0	 624	   0	   0	   0	   0
  92	  92	  96	 116	   0	   0	 625	   0	   0	   0	   0
  64	  73	 117	 120	   0	   0	 626	   0	   0	   0	   0
  82	  91	   9	  14	   0	   0	 627	   0	   0	   0	   0
  82	  91	   1	   3	   0	   0	 628	   0	   0	   0	   0
  81	  81	  15	  28	   0	   0	 629	   0	   0	   0	   0
  92	  92	  15	  28	   0	   0	 630	   0	   0	   0	   0
  82	  91	  29	  34	   0	   0	 631	   0	   0	   0	   0
  81	  81	  64	  68	   0	   0	 632	   0	   0	   0	   0
  92	  92	  64	  68	   0	   0	 633	   0	   0	   0	   0
  82	  91	  69	  74	   0	   0	 634	   0	   0	   0	   0
  82	  91	  58	  63	   0	   0	 635	   0	   0	   0	   0
  81	  81	  75	  88	   0	   0	 636	   0	   0	   0	   0
  92	  92	  75	  88	   0	   0	 637	   0	   0	   0	   0
  82	  91	  89	  94	   0	   0	 638	   0	   0	   0	   0
  98	  98	   4	  16	   0	   0	 639	   0	   0	   0	   0
 104	 104	   4	  16	   0	   0	 640	   0	   0	   0	   0
  99	 103	  17	  22	   0	   0	 641	   0	   0	   0	   0
  99	 103	   1	   3	   0	   0	 642	   0	   0	   0	   0
  98	  98	  23	  28	   0	   0	 643	   0	   0	   0	   0
 104	 104	  23	  28	   0	   0	 644	   0	   0	   0	   0
  99	 103	  29	  34	   0	   0	 645	   0	   0	   0	   0
  98	  98	  36	  56	   0	   0	 646	   0	   0	   0	   0
 118	 118	  36	  56	   0	   0	 647	   0	   0	   0	   0
  99	 108	  57	  57	   0	   0	 648	   0	   0	   0	   0
  99	 108	  35	  35	   0	   0	 649	   0	   0	   0	   0
  98	  98	  64	  76	   0	   0	 650	   0	   0	   0	   0
 104	 104	  64	  76	   0	   0	 651	   0	   0	   0	   0
  99	 103	  77	  82	   0	   0	 652	   0	   0	   0	   0
  99	 103	  58	  63	   0	   0	 653	   0	   0	   0	   0
  98	  98	  83	  88	   0	   0	 654	   0	   0	   0	   0
 104	 104	  83	  88	   0	   0	 655	   0	   0	   0	   0
  99	 103	  89	  94	   0	   0	 656	   0	   0	   0	   0
  98	  98	  96	 116	   0	   0	 657	   0	   0	   0	   0
 118	 118	  96	 116	   0	   0	 658	   0	   0	   0	   0
  99	 108	 117	 120	   0	   0	 659	   0	   0	   0	   0
  99	 108	  95	  95	   0	   0	 660	   0	   0	   0	   0
 109	 109	   4	  16	   0	   0	 661	   0	   0	   0	   0
 118	 118	   4	  16	   0	   0	 662	   0	   0	   0	   0
 110	 117	  17	  22	   0	   0	 663	   0	   0	   0	   0
 110	 117	   1	   3	   0	   0	 664	   0	   0	   0	   0
 109	 109	  23	  28	   0	   0	 665	   0	   0	   0	   0
 118	 118	  23	  28	   0	   0	 666	   0	   0	   0	   0
 110	 117	  29	  34	   0	   0	 667	   0	   0	   0	   0
 109	 109	  64	  76	   0	   0	 668	   0	   0	   0	   0
 118	 118	  64	  76	   0	   0	 669	   0	   0	   0	   0
 110	 117	  77	  82	   0	   0	 670	   0	   0	   0	   0
 110	 117	  58	  63	   0	   0	 671	   0	   0	   0	   0
 109	 109	  83	  88	   0	   0	 672	   0	   0	   0	   0
 118	 118	  83	  88	   0	   0	 673	   0	   0	   0	   0
 110	 117	  89	  94	   0	   0	 674	   0	   0	   0	   0
 124	 133	   9	  14	   0	   0	 675	   0	   0	   0	   0
 124	 133	   1	   3	   0	   0	 676	   0	   0	   0	   0
 123	 123	  15	  28	   0	   0	 677	   0	   0	   0	   0
 136	 136	  15	  28	   0	   0	 678	   0	   0	   0	   0
 124	 133	  29	  35	   0	   0	 679	   0	   0	   0	   0
 123	 123	  36	  56	   0	   0	 680	   0	   0	   0	   0
 152	 152	  36	  56	   0	   0	 681	   0	   0	   0	   0
 124	 133	  57	  63	   0	   0	 682	   0	   0	   0	   0
 123	 123	  64	  68	   0	   0	 683	   0	   0	   0	   0
 136	 136	  64	  68	   0	   0	 684	   0	   0	   0	   0
 124	 133	  69	  74	   0	   0	 685	   0	   0	   0	   0
 123	 123	  75	  88	   0	   0	 686	   0	   0	   0	   0
 136	 136	  75	  88	   0	   0	 687	   0	   0	   0	   0
 124	 133	  89	  95	   0	   0	 688	   0	   0	   0	   0
 123	 123	  96	 116	   0	   0	 689	   0	   0	   0	   0
 152	 152	  96	 116	   0	   0	 690	   0	   0	   0	   0
 124	 133	 117	 120	   0	   0	 691	   0	   0	   0	   0
 142	 151	   9	  14	   0	   0	 692	   0	   0	   0	   0
 142	 151	   1	   3	   0	   0	 693	   0	   0	   0	   0
 141	 141	  15	  28	   0	   0	 694	   0	   0	   0	   0
 152	 152	  15	  28	   0	   0	 695	   0	   0	   0	   0
 142	 151	  29	  34	   0	   0	 696	   0	   0	   0	   0
 141	 141	  64	  68	   0	   0	 697	   0	   0	   0	   0
 152	 152	  64	  68	   0	   0	 698	   0	   0	   0	   0
 142	 151	  69	  74	   0	   0	 699	   0	   0	   0	   0
 142	 151	  58	  63	   0	   0	 700	   0	   0	   0	   0
 141	 141	  75	  88	   0	   0	 701	   0	   0	   0	   0
 152	 152	  75	  88	   0	   0	 702	   0	   0	   0	   0
 142	 151	  89	  94	   0	   0	 703	   0	   0	   0	   0
 158	 158	   4	  16	   0	   0	 704	   0	   0	   0	   0
 164	 164	   4	  16	   0	   0	 705	   0	   0	   0	   0
 159	 163	  17	  22	   0	   0	 706	   0	   0	   0	   0
 159	 163	   1	   3	   0	   0	 707	   0	   0	   0	   0
 158	 158	  23	  28	   0	   0	 708	   0	   0	   0	   0
 164	 164	  23	  28	   0	   0	 709	   0	   0	   0	   0
 159	 163	  29	  34	   0	   0	 710	   0	   0	   0	   0
 158	 158	  36	  56	   0	   0	 711	   0	   0	   0	   0
 178	 178	  36	  56	   0	   0	 712	   0	   0	   0	   0
 159	 168	  57	  57	   0	   0	 713	   0	   0	   0	   0
 159	 168	  35	  35	   0	   0	 714	   0	   0	   0	   0
 158	 158	  64	  76	   0	   0	 715	   0	   0	   0	   0
 164	 164	  64	  76	   0	   0	 716	   0	   0	   0	   0
 159	 163	  77	  82	   0	   0	 717	   0	   0	   0	   0
 159	 163	  58	  63	   0	   0	 718	   0	   0	   0	   0
 158	 158	  83	  88	   0	   0	 719	   0	   0	   0	   0
 164	 164	  83	  88	   0	   0	 720	   0	   0	   0	   0
 159	 163	  89	  94	   0	   0	 721	   0	   0	   0	   0
 158	 158	  96	 116	   0	   0	 722	   0	   0	   0	   0
 178	 178	  96	 116	   0	   0	 723	   0	   0	   0	   0
 159	 168	 117	 120	   0	   0	 724	   0	   0	   0	   0
 159	 168	  95	  95	   0	   0	 725	   0	   0	   0	   0
 169	 169	   4	  16	   0	   0	 726	   0	   0	   0	   0
 178	 178	   4	  16	   0	   0	 727	   0	   0	   0	   0
 170	 177	  17	  22	   0	   0	 728	   0	   0	   0	   0
 170	 177	   1	   3	   0	   0	 729	   0	   0	   0	   0
 169	 169	  23	  28	   0	   0	 730	   0	   0	   0	   0
 178	 178	  23	  28	   0	   0	 731	   0	   0	   0	   0
 170	 177	  29	  34	   0	   0	 732	   0	   0	   0	   0
 169	 169	  64	  76	   0	   0	 733	   0	   0	   0	   0
 178	 178	  64	  76	   0	   0	 734	   0	   0	   0	   0
 170	 177	  77	  82	   0	   0	 735	   0	   0	   0	   0
 170	 177	  58	  63	   0	   0	 736	   0	   0	   0	   0
 169	 169	  83	  88	   0	   0	 737	   0	   0	   0	   0
 178	 178	  83	  88	   0	   0	 738	   0	   0	   0	   0
 170	 177	  89	  94	   0	   0	 739	   0	   0	   0	   0
 184	 193	   9	  14	   0	   0	 740	   0	   0	   0	   0
 184	 193	   1	   3	   0	   0	 741	   0	   0	   0	   0
 183	 183	  15	  28	   0	   0	 742	   0	   0	   0	   0
 196	 196	  15	  28	   0	   0	 743	   0	   0	   0	   0
 184	 193	  29	  35	   0	   0	 744	   0	   0	   0	   0
 183	 183	  36	  56	   0	   0	 745	   0	   0	   0	   0
 212	 212	  36	  56	   0	   0	 746	   0	   0	   0	   0
 184	 193	  57	  63	   0	   0	 747	   0	   0	   0	   0
 183	 183	  64	  68	   0	   0	 748	   0	   0	   0	   0
 196	 196	  64	  68	   0	   0	 749	   0	   0	   0	   0
 184	 193	  69	  74	   0	   0	 750	   0	   0	   0	   0
 183	 183	  75	  88	   0	   0	 751	   0	   0	   0	   0
 196	 196	  75	  88	   0	   0	 752	   0	   0	   0	   0
 184	 193	  89	  95	   0	   0	 753	   0	   0	   0	   0
 183	 183	  96	 116	   0	   0	 754	   0	   0	   0	   0
 212	 212	  96	 116	   0	   0	 755	   0	   0	   0	   0
 184	 193	 117	 120	   0	   0	 756	   0	   0	   0	   0
 202	 211	   9	  14	   0	   0	 757	   0	   0	   0	   0
 202	 211	   1	   3	   0	   0	 758	   0	   0	   0	   0
 201	 201	  15	  28	   0	   0	 759	   0	   0	   0	   0
 212	 212	  15	  28	   0	   0	 760	   0	   0	   0	   0
 202	 211	  29	  34	   0	   0	 761	   0	   0	   0	   0
 201	 201	  64	  68	   0	   0	 762	   0	   0	   0	   0
 212	 212	  64	  68	   0	   0	 763	   0	   0	   0	   0
 202	 211	  69	  74	   0	   0	 764	   0	   0	   0	   0
 202	 211	  58	  63	   0	   0	 765	   0	   0	   0	   0
 201	 201	  75	  88	   0	   0	 766	   0	   0	   0	   0
 212	 212	  75	  88	   0	   0	 767	   0	   0	   0	   0
 202	 211	  89	  94	   0	   0	 768	   0	   0	   0	   0
 218	 218	   4	  16	   0	   0	 769	   0	   0	   0	   0
 224	 224	   4	  16	   0	   0	 770	   0	   0	   0	   0
 219	 223	  17	  22	   0	   0	 771	   0	   0	   0	   0
 219	 223	   1	   3	   0	   0	 772	   0	   0	   0	   0
 218	 218	  23	  28	   0	   0	 773	   0	   0	   0	   0
 224	 224	  23	  28	   0	   0	 774	   0	   0	   0	   0
 219	 223	  29	  34	   0	   0	 775	   0	   0	   0	   0
 218	 218	  36	  56	   0	   0	 776	   0	   0	   0	   0
 238	 238	  36	  56	   0	   0	 777	   0	   0	   0	   0
 219	 228	  57	  57	   0	   0	 778	   0	   0	   0	   0
 219	 228	  35	  35	   0	   0	 779	   0	   0	   0	   0
 218	 218	  64	  76	   0	   0	 780	   0	   0	   0	   0
 224	 224	  64	  76	   0	   0	 781	   0	   0	   0	   0
 219	 223	  77	  82	   0	   0	 782	   0	   0	   0	   0
 219	 223	  58	  63	   0	   0	 783	   0	   0	   0	   0
 218	 218	  83	  88	   0	   0	 784	   0	   0	   0	   0
 224	 224	  83	  88	   0	   0	 785	   0	   0	   0	   0
 219	 223	  89	  94	   0	   0	 786	   0	   0	   0	   0
 218	 218	  96	 116	   0	   0	 787	   0	   0	   0	   0
 238	 238	  96	 116	   0	   0	 788	   0	   0	   0	   0
 219	 228	 117	 120	   0	   0	 789	   0	   0	   0	   0
 219	 228	  95	  95	   0	   0	 790	   0	   0	   0	   0
 229	 229	   4	  16	   0	   0	 791	   0	   0	   0	   0
 238	 238	   4	  16	   0	   0	 792	   0	   0	   0	   0
 230	 237	  17	  22	   0	   0	 793	   0	   0	   0	   0
 230	 237	   1	   3	   0	   0	 794	   0	   0	   0	   0
 229	 229	  23	  28	   0	   0	 795	   0	   0	   0	   0
 238	 238	  23	  28	   0	   0	 796	   0	   0	   0	   0
 230	 237	  29	  34	   0	   0	 797	   0	   0	   0	   0
 229	 229	  64	  76	   0	   0	 798	   0	   0	   0	   0
 238	 238	  64	  76	   0	   0	 799	   0	   0	   0	   0
 230	 237	  77	  82	   0	   0	 800	   0	   0	   0	   0
 230	 237	  58	  63	   0	   0	 801	   0	   0	   0	   0
 229	 229	  83	  88	   0	   0	 802	   0	   0	   0	   0
 238	 238	  83	  88	   0	   0	 803	   0	   0	   0	   0
 230	 237	  89	  94	   0	   0	 804	   0	   0	   0	   0
   1	   2	   1	  10	   0	   0	 805	   0	   0	   0	   0
   3	   3	   1	   8	   0	   0	 806	   0	   0	   0	   0
  16	  16	   1	   8	   0	   0	 807	   0	   0	   0	   0
  17	  20	   1	  10	   0	   0	 808	   0	   0	   0	   0
  21	  21	   1	   8	   0	   0	 809	   0	   0	   0	   0
  32	  32	   1	   8	   0	   0	 810	   0	   0	   0	   0
  33	  37	   1	  10	   0	   0	 811	   0	   0	   0	   0
  38	  38	   1	   3	   0	   0	 812	   0	   0	   0	   0
  44	  44	   1	   3	   0	   0	 813	   0	   0	   0	   0
  45	  48	   1	  10	   0	   0	 814	   0	   0	   0	   0
  49	  49	   1	   3	   0	   0	 815	   0	   0	   0	   0
  58	  58	   1	   3	   0	   0	 816	   0	   0	   0	   0
  59	  62	   1	  10	   0	   0	 817	   0	   0	   0	   0
  63	  63	   1	   8	   0	   0	 818	   0	   0	   0	   0
  76	  76	   1	   8	   0	   0	 819	   0	   0	   0	   0
  77	  80	   1	  10	   0	   0	 820	   0	   0	   0	   0
  81	  81	   1	   8	   0	   0	 821	   0	   0	   0	   0
  92	  92	   1	   8	   0	   0	 822	   0	   0	   0	   0
  93	  97	   1	  10	   0	   0	 823	   0	   0	   0	   0
  98	  98	   1	   3	   0	   0	 824	   0	   0	   0	   0
 104	 104	   1	   3	   0	   0	 825	   0	   0	   0	   0
 105	 108	   1	  10	   0	   0	 826	   0	   0	   0	   0
 109	 109	   1	   3	   0	   0	 827	   0	   0	   0	   0
 118	 118	   1	   3	   0	   0	 828	   0	   0	   0	   0
 119	 122	   1	  10	   0	   0	 829	   0	   0	   0	   0
 123	 123	   1	   8	   0	   0	 830	   0	   0	   0	   0
 136	 136	   1	   8	   0	   0	 831	   0	   0	   0	   0
 137	 140	   1	  10	   0	   0	 832	   0	   0	   0	   0
 141	 141	   1	   8	   0	   0	 833	   0	   0	   0	   0
 152	 152	   1	   8	   0	   0	 834	   0	   0	   0	   0
 153	 157	   1	  10	   0	   0	 835	   0	   0	   0	   0
 158	 158	   1	   3	   0	   0	 836	   0	   0	   0	   0
 164	 164	   1	   3	   0	   0	 837	   0	   0	   0	   0
 165	 168	   1	  10	   0	   0	 838	   0	   0	   0	   0
 169	 169	   1	   3	   0	   0	 839	   0	   0	   0	   0
 178	 178	   1	   3	   0	   0	 840	   0	   0	   0	   0
 179	 182	   1	  10	   0	   0	 841	   0	   0	   0	   0
 183	 183	   1	   8	   0	   0	 842	   0	   0	   0	   0
 196	 196	   1	   8	   0	   0	 843	   0	   0	   0	   0
 197	 200	   1	  10	   0	   0	 844	   0	   0	   0	   0
 201	 201	   1	   8	   0	   0	 845	   0	   0	   0	   0
 212	 212	   1	   8	   0	   0	 846	   0	   0	   0	   0
 213	 217	   1	  10	   0	   0	 847	   0	   0	   0	   0
 218	 218	   1	   3	   0	   0	 848	   0	   0	   0	   0
 224	 224	   1	   3	   0	   0	 849	   0	   0	   0	   0
 225	 228	   1	  10	   0	   0	 850	   0	   0	   0	   0
 229	 229	   1	   3	   0	   0	 851	   0	   0	   0	   0
 238	 238	   1	   3	   0	   0	 852	   0	   0	   0	   0
 239	 240	   1	  10	   0	   0	 853	   0	   0	   0	   0
   1	   2	  11	  20	   0	   0	 854	   0	   0	   0	   0
   3	   3	   9	  14	   0	   0	 855	   0	   0	   0	   0
  16	  16	   9	  14	   0	   0	 856	   0	   0	   0	   0
  17	  20	  11	  20	   0	   0	 857	   0	   0	   0	   0
  21	  21	   9	  14	   0	   0	 858	   0	   0	   0	   0
  32	  32	   9	  14	   0	   0	 859	   0	   0	   0	   0
  33	  37	  11	  20	   0	   0	 860	   0	   0	   0	   0
  38	  38	  17	  22	   0	   0	 861	   0	   0	   0	   0
  44	  44	  17	  22	   0	   0	 862	   0	   0	   0	   0
  45	  48	  11	  20	   0	   0	 863	   0	   0	   0	   0
  49	  49	  17	  22	   0	   0	 864	   0	   0	   0	   0
  58	  58	  17	  22	   0	   0	 865	   0	   0	   0	   0
  59	  62	  11	  20	   0	   0	 866	   0	   0	   0	   0
  63	  63	   9	  14	   0	   0	 867	   0	   0	   0	   0
  76	  76	   9	  14	   0	   0	 868	   0	   0	   0	   0
  77	  80	  11	  20	   0	   0	 869	   0	   0	   0	   0
  81	  81	   9	  14	   0	   0	 870	   0	   0	   0	   0
  92	  92	   9	  14	   0	   0	 871	   0	   0	   0	   0
  93	  97	  11	  20	   0	   0	 872	   0	   0	   0	   0
  98	  98	  17	  22	   0	   0	 873	   0	   0	   0	   0
 104	 104	  17	  22	   0	   0	 874	   0	   0	   0	   0
 105	 108	  11	  20	   0	   0	 875	   0	   0	   0	   0
 109	 109	  17	  22	   0	   0	 876	   0	   0	   0	   0
 118	 118	  17	  22	   0	   0	 877	   0	   0	   0	   0
 119	 122	  11	  20	   0	   0	 878	   0	   0	   0	   0
 123	 123	   9	  14	   0	   0	 879	   0	   0	   0	   0
 136	 136	   9	  14	   0	   0	 880	   0	   0	   0	   0
 137	 140	  11	  20	   0	   0	 881	   0	   0	   0	   0
 141	 141	   9	  14	   0	   0	 882	   0	   0	   0	   0
 152	 152	   9	  14	   0	   0	 883	   0	   0	   0	   0
 153	 157	  11	  20	   0	   0	 884	   0	   0	   0	   0
 158	 158	  17	  22	   0	   0	 885	   0	   0	   0	   0
 164	 164	  17	  22	   0	   0	 886	   0	   0	   0	   0
 165	 168	  11	  20	   0	   0	 887	   0	   0	   0	   0
 169	 169	  17	  22	   0	   0	 888	   0	   0	   0	   0
 178	 178	  17	  22	   0	   0	 889	   0	   0	   0	   0
 179	 182	  11	  20	   0	   0	 890	   0	   0	   0	   0
 183	 183	   9	  14	   0	   0	 891	   0	   0	   0	   0
 196	 196	   9	  14	   0	   0	 892	   0	   0	   0	   0
 197	 200	  11	  20	   0	   0	 893	   0	   0	   0	   0
 201	 201	   9	  14	   0	   0	 894	   0	   0	   0	   0
 212	 212	   9	  14	   0	   0	 895	   0	   0	   0	   0
 213	 217	  11	  20	   0	   0	 896	   0	   0	   0	   0
 218	 218	  17	  22	   0	   0	 897	   0	   0	   0	   0
 224	 224	  17	  22	   0	   0	 898	   0	   0	   0	   0
 225	 228	  11	  20	   0	   0	 899	   0	   0	   0	   0
 229	 229	  17	  22	   0	   0	 900	   0	   0	   0	   0
 238	 238	  17	  22	   0	   0	 901	   0	   0	   0	   0
 239	 240	  11	  20	   0	   0	 902	   0	   0	   0	   0
   1	   2	  21	  30	   0	   0	 903	   0	   0	   0	   0
   3	   3	  29	  35	   0	   0	 904	   0	   0	   0	   0
  16	  16	  29	  34	   0	   0	 905	   0	   0	   0	   0
  17	  20	  21	  30	   0	   0	 906	   0	   0	   0	   0
  21	  21	  29	  34	   0	   0	 907	   0	   0	   0	   0
  32	  32	  29	  35	   0	   0	 908	   0	   0	   0	   0
  33	  37	  21	  30	   0	   0	 909	   0	   0	   0	   0
  38	  38	  29	  35	   0	   0	 910	   0	   0	   0	   0
  44	  44	  29	  34	   0	   0	 911	   0	   0	   0	   0
  45	  48	  21	  30	   0	   0	 912	   0	   0	   0	   0
  49	  49	  29	  34	   0	   0	 913	   0	   0	   0	   0
  58	  58	  29	  35	   0	   0	 914	   0	   0	   0	   0
  59	  62	  21	  30	   0	   0	 915	   0	   0	   0	   0
  63	  63	  29	  35	   0	   0	 916	   0	   0	   0	   0
  76	  76	  29	  34	   0	   0	 917	   0	   0	   0	   0
  77	  80	  21	  30	   0	   0	 918	   0	   0	   0	   0
  81	  81	  29	  34	   0	   0	 919	   0	   0	   0	   0
  92	  92	  29	  35	   0	   0	 920	   0	   0	   0	   0
  93	  97	  21	  30	   0	   0	 921	   0	   0	   0	   0
  98	  98	  29	  35	   0	   0	 922	   0	   0	   0	   0
 104	 104	  29	  34	   0	   0	 923	   0	   0	   0	   0
 105	 108	  21	  30	   0	   0	 924	   0	   0	   0	   0
 109	 109	  29	  34	   0	   0	 925	   0	   0	   0	   0
 118	 118	  29	  35	   0	   0	 926	   0	   0	   0	   0
 119	 122	  21	  30	   0	   0	 927	   0	   0	   0	   0
 123	 123	  29	  35	   0	   0	 928	   0	   0	   0	   0
 136	 136	  29	  34	   0	   0	 929	   0	   0	   0	   0
 137	 140	  21	  30	   0	   0	 930	   0	   0	   0	   0
 141	 141	  29	  34	   0	   0	 931	   0	   0	   0	   0
 152	 152	  29	  35	   0	   0	 932	   0	   0	   0	   0
 153	 157	  21	  30	   0	   0	 933	   0	   0	   0	   0
 158	 158	  29	  35	   0	   0	 934	   0	   0	   0	   0
 164	 164	  29	  34	   0	   0	 935	   0	   0	   0	   0
 165	 168	  21	  30	   0	   0	 936	   0	   0	   0	   0
 169	 169	  29	  34	   0	   0	 937	   0	   0	   0	   0
 178	 178	  29	  35	   0	   0	 938	   0	   0	   0	   0
 179	 182	  21	  30	   0	   0	 939	   0	   0	   0	   0
 183	 183	  29	  35	   0	   0	 940	   0	   0	   0	   0
 196	 196	  29	  34	   0	   0	 941	   0	   0	   0	   0
 197	 200	  21	  30	   0	   0	 942	   0	   0	   0	   0
 201	 201	  29	  34	   0	   0	 943	   0	   0	   0	   0
 212	 212	  29	  35	   0	   0	 944	   0	   0	   0	   0
 213	 217	  21	  30	   0	   0	 945	   0	   0	   0	   0
 218	 218	  29	  35	   0	   0	 946	   0	   0	   0	   0
 224	 224	  29	  34	   0	   0	 947	   0	   0	   0	   0
 225	 228	  21	  30	   0	   0	 948	   0	   0	   0	   0
 229	 229	  29	  34	   0	   0	 949	   0	   0	   0	   0
 238	 238	  29	  35	   0	   0	 950	   0	   0	   0	   0
 239	 240	  21	  30	   0	   0	 951	   0	   0	   0	   0
   1	   2	  31	  40	   0	   0	 952	   0	   0	   0	   0
   3	   3	  57	  63	   0	   0	 953	   0	   0	   0	   0
  16	  16	  58	  63	   0	   0	 954	   0	   0	   0	   0
  17	  20	  31	  34	   0	   0	 955	   0	   0	   0	   0
  21	  21	  58	  63	   0	   0	 956	   0	   0	   0	   0
  32	  32	  57	  63	   0	   0	 957	   0	   0	   0	   0
  33	  37	  31	  40	   0	   0	 958	   0	   0	   0	   0
  38	  38	  57	  63	   0	   0	 959	   0	   0	   0	   0
  44	  44	  58	  63	   0	   0	 960	   0	   0	   0	   0
  45	  48	  31	  34	   0	   0	 961	   0	   0	   0	   0
  49	  49	  58	  63	   0	   0	 962	   0	   0	   0	   0
  58	  58	  57	  63	   0	   0	 963	   0	   0	   0	   0
  59	  62	  31	  40	   0	   0	 964	   0	   0	   0	   0
  63	  63	  57	  63	   0	   0	 965	   0	   0	   0	   0
  76	  76	  58	  63	   0	   0	 966	   0	   0	   0	   0
  77	  80	  31	  34	   0	   0	 967	   0	   0	   0	   0
  81	  81	  58	  63	   0	   0	 968	   0	   0	   0	   0
  92	  92	  57	  63	   0	   0	 969	   0	   0	   0	   0
  93	  97	  31	  40	   0	   0	 970	   0	   0	   0	   0
  98	  98	  57	  63	   0	   0	 971	   0	   0	   0	   0
 104	 104	  58	  63	   0	   0	 972	   0	   0	   0	   0
 105	 108	  31	  34	   0	   0	 973	   0	   0	   0	   0
 109	 109	  58	  63	   0	   0	 974	   0	   0	   0	   0
 118	 118	  57	  63	   0	   0	 975	   0	   0	   0	   0
 119	 122	  31	  40	   0	   0	 976	   0	   0	   0	   0
 123	 123	  57	  63	   0	   0	 977	   0	   0	   0	   0
 136	 136	  58	  63	   0	   0	 978	   0	   0	   0	   0
 137	 140	  31	  34	   0	   0	 979	   0	   0	   0	   0
 141	 141	  58	  63	   0	   0	 980	   0	   0	   0	   0
 152	 152	  57	  63	   0	   0	 981	   0	   0	   0	   0
 153	 157	  31	  40	   0	   0	 982	   0	   0	   0	   0
 158	 158	  57	  63	   0	   0	 983	   0	   0	   0	   0
 164	 164	  58	  63	   0	   0	 984	   0	   0	   0	   0
 165	 168	  31	  34	   0	   0	 985	   0	   0	   0	   0
 169	 169	  58	  63	   0	   0	 986	   0	   0	   0	   0
 178	 178	  57	  63	   0	   0	 987	   0	   0	   0	   0
 179	 182	  31	  40	   0	   0	 988	   0	   0	   0	   0
 183	 183	  57	  63	   0	   0	 989	   0	   0	   0	   0
 196	 196	  58	  63	   0	   0	 990	   0	   0	   0	   0
 197	 200	  31	  34	   0	   0	 991	   0	   0	   0	   0
 201	 201	  58	  63	   0	   0	 992	   0	   0	   0	   0
 212	 212	  57	  63	   0	   0	 993	   0	   0	   0	   0
 213	 217	  31	  40	   0	   0	 994	   0	   0	   0	   0
 218	 218	  57	  63	   0	   0	 995	   0	   0	   0	   0
 224	 224	  58	  63	   0	   0	 996	   0	   0	   0	   0
 225	 228	  31	  34	   0	   0	 997	   0	   0	   0	   0
 229	 229	  58	  63	   0	   0	 998	   0	   0	   0	   0
 238	 238	  57	  63	   0	   0	 999	   0	   0	   0	   0
 239	 240	  31	  40	   0	   0	1000	   0	   0	   0	   0
   1	   2	  41	  50	   0	   0	1001	   0	   0	   0	   0
   3	   3	  69	  74	   0	   0	1002	   0	   0	   0	   0
  16	  16	  69	  74	   0	   0	1003	   0	   0	   0	   0
  17	  20	  58	  67	   0	   0	1004	   0	   0	   0	   0
  21	  21	  69	  74	   0	   0	1005	   0	   0	   0	   0
  32	  32	  69	  74	   0	   0	1006	   0	   0	   0	   0
  33	  37	  41	  50	   0	   0	1007	   0	   0	   0	   0
  38	  38	  77	  82	   0	   0	1008	   0	   0	   0	   0
  44	  44	  77	  82	   0	   0	1009	   0	   0	   0	   0
  45	  48	  58	  67	   0	   0	1010	   0	   0	   0	   0
  49	  49	  77	  82	   0	   0	1011	   0	   0	   0	   0
  58	  58	  77	  82	   0	   0	1012	   0	   0	   0	   0
  59	  62	  41	  50	   0	   0	1013	   0	   0	   0	   0
  63	  63	  69	  74	   0	   0	1014	   0	   0	   0	   0
  76	  76	  69	  74	   0	   0	1015	   0	   0	   0	   0
  77	  80	  58	  67	   0	   0	1016	   0	   0	   0	   0
  81	  81	  69	  74	   0	   0	1017	   0	   0	   0	   0
  92	  92	  69	  74	   0	   0	1018	   0	   0	   0	   0
  93	  97	  41	  50	   0	   0	1019	   0	   0	   0	   0
  98	  98	  77	  82	   0	   0	1020	   0	   0	   0	   0
 104	 104	  77	  82	   0	   0	1021	   0	   0	   0	   0
 105	 108	  58	  67	   0	   0	1022	   0	   0	   0	   0
 109	 109	  77	  82	   0	   0	1023	   0	   0	   0	   0
 118	 118	  77	  82	   0	   0	1024	   0	   0	   0	   0
 119	 122	  41	  50	   0	   0	1025	   0	   0	   0	   0
 123	 123	  69	  74	   0	   0	1026	   0	   0	   0	   0
 136	 136	  69	  74	   0	   0	1027	   0	   0	   0	   0
 137	 140	  58	  67	   0	   0	1028	   0	   0	   0	   0
 141	 141	  69	  74	   0	   0	1029	   0	   0	   0	   0
 152	 152	  69	  74	   0	   0	1030	   0	   0	   0	   0
 153	 157	  41	  50	   0	   0	1031	   0	   0	   0	   0
 158	 158	  77	  82	   0	   0	1032	   0	   0	   0	   0
 164	 164	  77	  82	   0	   0	1033	   0	   0	   0	   0
 165	 168	  58	  67	   0	   0	1034	   0	   0	   0	   0
 169	 169	  77	  82	   0	   0	1035	   0	   0	   0	   0
 178	 178	  77	  82	   0	   0	1036	   0	   0	   0	   0
 179	 182	  41	  50	   0	   0	1037	   0	   0	   0	   0
 183	 183	  69	  74	   0	   0	1038	   0	   0	   0	   0
 196	 196	  69	  74	   0	   0	1039	   0	   0	   0	   0
 197	 200	  58	  67	   0	   0	1040	   0	   0	   0	   0
 201	 201	  69	  74	   0	   0	1041	   0	   0	   0	   0
 212	 212	  69	  74	   0	   0	1042	   0	   0	   0	   0
 213	 217	  41	  50	   0	   0	1043	   0	   0	   0	   0
 218	 218	  77	  82	   0	   0	1044	   0	   0	   0	   0
 224	 224	  77	  82	   0	   0	1045	   0	   0	   0	   0
 225	 228	  58	  67	   0	   0	1046	   0	   0	   0	   0
 229	 229	  77	  82	   0	   0	1047	   0	   0	   0	   0
 238	 238	  77	  82	   0	   0	1048	   0	   0	   0	   0
 239	 240	  41	  50	   0	   0	1049	   0	   0	   0	   0
   1	   2	  51	  60	   0	   0	1050	   0	   0	   0	   0
   3	   3	  89	  95	   0	   0	1051	   0	   0	   0	   0
  16	  16	  89	  94	   0	   0	1052	   0	   0	   0	   0
  17	  20	  68	  77	   0	   0	1053	   0	   0	   0	   0
  21	  21	  89	  94	   0	   0	1054	   0	   0	   0	   0
  32	  32	  89	  95	   0	   0	1055	   0	   0	   0	   0
  33	  37	  51	  60	   0	   0	1056	   0	   0	   0	   0
  38	  38	  89	  95	   0	   0	1057	   0	   0	   0	   0
  44	  44	  89	  94	   0	   0	1058	   0	   0	   0	   0
  45	  48	  68	  77	   0	   0	1059	   0	   0	   0	   0
  49	  49	  89	  94	   0	   0	1060	   0	   0	   0	   0
  58	  58	  89	  95	   0	   0	1061	   0	   0	   0	   0
  59	  62	  51	  60	   0	   0	1062	   0	   0	   0	   0
  63	  63	  89	  95	   0	   0	1063	   0	   0	   0	   0
  76	  76	  89	  94	   0	   0	1064	   0	   0	   0	   0
  77	  80	  68	  77	   0	   0	1065	   0	   0	   0	   0
  81	  81	  89	  94	   0	   0	1066	   0	   0	   0	   0
  92	  92	  89	  95	   0	   0	1067	   0	   0	   0	   0
  93	  97	  51	  60	   0	   0	1068	   0	   0	   0	   0
  98	  98	  89	  95	   0	   0	1069	   0	   0	   0	   0
 104	 104	  89	  94	   0	   0	1070	   0	   0	   0	   0
 105	 108	  68	  77	   0	   0	1071	   0	   0	   0	   0
 109	 109	  89	  94	   0	   0	1072	   0	   0	   0	   0
 118	 118	  89	  95	   0	   0	1073	   0	   0	   0	   0
 119	 122	  51	  60	   0	   0	1074	   0	   0	   0	   0
 123	 123	  89	  95	   0	   0	1075	   0	   0	   0	   0
 136	 136	  89	  94	   0	   0	1076	   0	   0	   0	   0
 137	 140	  68	  77	   0	   0	1077	   0	   0	   0	   0
 141	 141	  89	  94	   0	   0	1078	   0	   0	   0	   0
 152	 152	  89	  95	   0	   0	1079	   0	   0	   0	   0
 153	 157	  51	  60	   0	   0	1080	   0	   0	   0	   0
 158	 158	  89	  95	   0	   0	1081	   0	   0	   0	   0
 164	 164	  89	  94	   0	   0	1082	   0	   0	   0	   0
 165	 168	  68	  77	   0	   0	1083	   0	   0	   0	   0
 169	 169	  89	  94	   0	   0	1084	   0	   0	   0	   0
 178	 178	  89	  95	   0	   0	1085	   0	   0	   0	   0
 179	 182	  51	  60	   0	   0	1086	   0	   0	   0	   0
 183	 183	  89	  95	   0	   0	1087	   0	   0	   0	   0
 196	 196	  89	  94	   0	   0	1088	   0	   0	   0	   0
 197	 200	  68	  77	   0	   0	1089	   0	   0	   0	   0
 201	 201	  89	  94	   0	   0	1090	   0	   0	   0	   0
 212	 212	  89	  95	   0	   0	1091	   0	   0	   0	   0
 213	 217	  51	  60	   0	   0	1092	   0	   0	   0	   0
 218	 218	  89	  95	   0	   0	1093	   0	   0	   0	   0
 224	 224	  89	  94	   0	   0	1094	   0	   0	   0	   0
 225	 228	  68	  77	   0	   0	1095	   0	   0	   0	   0
 229	 229	  89	  94	   0	   0	1096	   0	   0	   0	   0
 238	 238	  89	  95	   0	   0	1097	   0	   0	   0	   0
 239	 240	  51	  60	   0	   0	1098	   0	   0	   0	   0
   1	   2	  61	  70	   0	   0	1099	   0	   0	   0	   0
   3	   3	 117	 120	   0	   0	1100	   0	   0	   0	   0
  17	  20	  78	  87	   0	   0	1101	   0	   0	   0	   0
  32	  32	 117	 120	   0	   0	1102	   0	   0	   0	   0
  33	  37	  61	  70	   0	   0	1103	   0	   0	   0	   0
  38	  38	 117	 120	   0	   0	1104	   0	   0	   0	   0
  45	  48	  78	  87	   0	   0	1105	   0	   0	   0	   0
  58	  58	 117	 120	   0	   0	1106	   0	   0	   0	   0
  59	  62	  61	  70	   0	   0	1107	   0	   0	   0	   0
  63	  63	 117	 120	   0	   0	1108	   0	   0	   0	   0
  77	  80	  78	  87	   0	   0	1109	   0	   0	   0	   0
  92	  92	 117	 120	   0	   0	1110	   0	   0	   0	   0
  93	  97	  61	  70	   0	   0	1111	   0	   0	   0	   0
  98	  98	 117	 120	   0	   0	1112	   0	   0	   0	   0
 105	 108	  78	  87	   0	   0	1113	   0	   0	   0	   0
 118	 118	 117	 120	   0	   0	1114	   0	   0	   0	   0
 119	 122	  61	  70	   0	   0	1115	   0	   0	   0	   0
 123	 123	 117	 120	   0	   0	1116	   0	   0	   0	   0
 137	 140	  78	  87	   0	   0	1117	   0	   0	   0	   0
 152	 152	 117	 120	   0	   0	1118	   0	   0	   0	   0
 153	 157	  61	  70	   0	   0	1119	   0	   0	   0	   0
 158	 158	 117	 120	   0	   0	1120	   0	   0	   0	   0
 165	 168	  78	  87	   0	   0	1121	   0	   0	   0	   0
 178	 178	 117	 120	   0	   0	1122	   0	   0	   0	   0
 179	 182	  61	  70	   0	   0	1123	   0	   0	   0	   0
 183	 183	 117	 120	   0	   0	1124	   0	   0	   0	   0
 197	 200	  78	  87	   0	   0	1125	   0	   0	   0	   0
 212	 212	 117	 120	   0	   0	1126	   0	   0	   0	   0
 213	 217	  61	  70	   0	   0	1127	   0	   0	   0	   0
 218	 218	 117	 120	   0	   0	1128	   0	   0	   0	   0
 225	 228	  78	  87	   0	   0	1129	   0	   0	   0	   0
 238	 238	 117	 120	   0	   0	1130	   0	   0	   0	   0
 239	 240	  61	  70	   0	   0	1131	   0	   0	   0	   0
   1	   2	  71	  80	   0	   0	1132	   0	   0	   0	   0
  17	  20	  88	  94	   0	   0	1133	   0	   0	   0	   0
  33	  37	  71	  80	   0	   0	1134	   0	   0	   0	   0
  45	  48	  88	  94	   0	   0	1135	   0	   0	   0	   0
  59	  62	  71	  80	   0	   0	1136	   0	   0	   0	   0
  77	  80	  88	  94	   0	   0	1137	   0	   0	   0	   0
  93	  97	  71	  80	   0	   0	1138	   0	   0	   0	   0
 105	 108	  88	  94	   0	   0	1139	   0	   0	   0	   0
 119	 122	  71	  80	   0	   0	1140	   0	   0	   0	   0
 137	 140	  88	  94	   0	   0	1141	   0	   0	   0	   0
 153	 157	  71	  80	   0	   0	1142	   0	   0	   0	   0
 165	 168	  88	  94	   0	   0	1143	   0	   0	   0	   0
 179	 182	  71	  80	   0	   0	1144	   0	   0	   0	   0
 197	 200	  88	  94	   0	   0	1145	   0	   0	   0	   0
 213	 217	  71	  80	   0	   0	1146	   0	   0	   0	   0
 225	 228	  88	  94	   0	   0	1147	   0	   0	   0	   0
 239	 240	  71	  80	   0	   0	1148	   0	   0	   0	   0
   1	   2	  81	  90	   0	   0	1149	   0	   0	   0	   0
  33	  37	  81	  90	   0	   0	1150	   0	   0	   0	   0
  59	  62	  81	  90	   0	   0	1151	   0	   0	   0	   0
  93	  97	  81	  90	   0	   0	1152	   0	   0	   0	   0
 119	 122	  81	  90	   0	   0	1153	   0	   0	   0	   0
 153	 157	  81	  90	   0	   0	1154	   0	   0	   0	   0
 179	 182	  81	  90	   0	   0	1155	   0	   0	   0	   0
 213	 217	  81	  90	   0	   0	1156	   0	   0	   0	   0
 239	 240	  81	  90	   0	   0	1157	   0	   0	   0	   0
   1	   2	  91	 100	   0	   0	1158	   0	   0	   0	   0
  33	  37	  91	 100	   0	   0	1159	   0	   0	   0	   0
  59	  62	  91	 100	   0	   0	1160	   0	   0	   0	   0
  93	  97	  91	 100	   0	   0	1161	   0	   0	   0	   0
 119	 122	  91	 100	   0	   0	1162	   0	   0	   0	   0
 153	 157	  91	 100	   0	   0	1163	   0	   0	   0	   0
 179	 182	  91	 100	   0	   0	1164	   0	   0	   0	   0
 213	 217	  91	 100	   0	   0	1165	   0	   0	   0	   0
 239	 240	  91	 100	   0	   0	1166	   0	   0	   0	   0
   1	   2	 101	 110	   0	   0	1167	   0	   0	   0	   0
  33	  37	 101	 110	   0	   0	1168	   0	   0	   0	   0
  59	  62	 101	 110	   0	   0	1169	   0	   0	   0	   0
  93	  97	 101	 110	   0	   0	1170	   0	   0	   0	   0
 119	 122	 101	 110	   0	   0	1171	   0	   0	   0	   0
 153	 157	 101	 110	   0	   0	1172	   0	   0	   0	   0
 179	 182	 101	 110	   0	   0	1173	   0	   0	   0	   0
 213	 217	 101	 110	   0	   0	1174	   0	   0	   0	   0
 239	 240	 101	 110	   0	   0	1175	   0	   0	   0	   0
   1	   2	 111	 120	   0	   0	1176	   0	   0	   0	   0
  33	  37	 111	 120	   0	   0	1177	   0	   0	   0	   0
  59	  62	 111	 120	   0	   0	1178	   0	   0	   0	   0
  93	  97	 111	 120	   0	   0	1179	   0	   0	   0	   0
 119	 122	 111	 120	   0	   0	1180	   0	   0	   0	   0
 153	 157	 111	 120	   0	   0	1181	   0	   0	   0	   0
 179	 182	 111	 120	   0	   0	1182	   0	   0	   0	   0
 213	 217	 111	 120	   0	   0	1183	   0	   0	   0	   0
 239	 240	 111	 120	   0	   0	1184	   0	   0	   0	   0
  14	  15	   9	  14	   0	   0	1185	   0	   0	   0	   0
  14	  15	   1	   3	   0	   0	1186	   0	   0	   0	   0
  14	  15	  29	  34	   0	   0	1187	   0	   0	   0	   0
  14	  23	  57	  57	   0	   0	1188	   0	   0	   0	   0
  14	  23	  35	  35	   0	   0	1189	   0	   0	   0	   0
  14	  15	  69	  74	   0	   0	1190	   0	   0	   0	   0
  14	  15	  58	  63	   0	   0	1191	   0	   0	   0	   0
  14	  15	  89	  94	   0	   0	1192	   0	   0	   0	   0
  14	  23	 117	 120	   0	   0	1193	   0	   0	   0	   0
  14	  23	  95	  95	   0	   0	1194	   0	   0	   0	   0
  49	  57	  57	  57	   0	   0	1195	   0	   0	   0	   0
  49	  57	  35	  35	   0	   0	1196	   0	   0	   0	   0
  49	  57	 117	 120	   0	   0	1197	   0	   0	   0	   0
  49	  57	  95	  95	   0	   0	1198	   0	   0	   0	   0
  74	  75	   9	  14	   0	   0	1199	   0	   0	   0	   0
  74	  75	   1	   3	   0	   0	1200	   0	   0	   0	   0
  74	  75	  29	  34	   0	   0	1201	   0	   0	   0	   0
  74	  83	  57	  57	   0	   0	1202	   0	   0	   0	   0
  74	  83	  35	  35	   0	   0	1203	   0	   0	   0	   0
  74	  75	  69	  74	   0	   0	1204	   0	   0	   0	   0
  74	  75	  58	  63	   0	   0	1205	   0	   0	   0	   0
  74	  75	  89	  94	   0	   0	1206	   0	   0	   0	   0
  74	  83	 117	 120	   0	   0	1207	   0	   0	   0	   0
  74	  83	  95	  95	   0	   0	1208	   0	   0	   0	   0
 109	 117	  57	  57	   0	   0	1209	   0	   0	   0	   0
 109	 117	  35	  35	   0	   0	1210	   0	   0	   0	   0
 109	 117	 117	 120	   0	   0	1211	   0	   0	   0	   0
 109	 117	  95	  95	   0	   0	1212	   0	   0	   0	   0
 134	 135	   9	  14	   0	   0	1213	   0	   0	   0	   0
 134	 135	   1	   3	   0	   0	1214	   0	   0	   0	   0
 134	 135	  29	  34	   0	   0	1215	   0	   0	   0	   0
 134	 143	  57	  57	   0	   0	1216	   0	   0	   0	   0
 134	 143	  35	  35	   0	   0	1217	   0	   0	   0	   0
 134	 135	  69	  74	   0	   0	1218	   0	   0	   0	   0
 134	 135	  58	  63	   0	   0	1219	   0	   0	   0	   0
 134	 135	  89	  94	   0	   0	1220	   0	   0	   0	   0
 134	 143	 117	 120	   0	   0	1221	   0	   0	   0	   0
 134	 143	  95	  95	   0	   0	1222	   0	   0	   0	   0
 169	 177	  57	  57	   0	   0	1223	   0	   0	   0	   0
 169	 177	  35	  35	   0	   0	1224	   0	   0	   0	   0
 169	 177	 117	 120	   0	   0	1225	   0	   0	   0	   0
 169	 177	  95	  95	   0	   0	1226	   0	   0	   0	   0
 194	 195	   9	  14	   0	   0	1227	   0	   0	   0	   0
 194	 195	   1	   3	   0	   0	1228	   0	   0	   0	   0
 194	 195	  29	  34	   0	   0	1229	   0	   0	   0	   0
 194	 203	  57	  57	   0	   0	1230	   0	   0	   0	   0
 194	 203	  35	  35	   0	   0	1231	   0	   0	   0	   0
 194	 195	  69	  74	   0	   0	1232	   0	   0	   0	   0
 194	 195	  58	  63	   0	   0	1233	   0	   0	   0	   0
 194	 195	  89	  94	   0	   0	1234	   0	   0	   0	   0
 194	 203	 117	 120	   0	   0	1235	   0	   0	   0	   0
 194	 203	  95	  95	   0	   0	1236	   0	   0	   0	   0
 229	 237	  57	  57	   0	   0	1237	   0	   0	   0	   0
 229	 237	  35	  35	   0	   0	1238	   0	   0	   0	   0
 229	 237	 117	 120	   0	   0	1239	   0	   0	   0	   0
 229	 237	  95	  95	   0	   0	1240	   0	   0	   0	   0
  24	  31	  57	  57	   0	   0	1241	   0	   0	   0	   0
  24	  31	  35	  35	   0	   0	1242	   0	   0	   0	   0
  24	  31	 117	 120	   0	   0	1243	   0	   0	   0	   0
  24	  31	  95	  95	   0	   0	1244	   0	   0	   0	   0
  84	  91	  57	  57	   0	   0	1245	   0	   0	   0	   0
  84	  91	  35	  35	   0	   0	1246	   0	   0	   0	   0
  84	  91	 117	 120	   0	   0	1247	   0	   0	   0	   0
  84	  91	  95	  95	   0	   0	1248	   0	   0	   0	   0
 144	 151	  57	  57	   0	   0	1249	   0	   0	   0	   0
 144	 151	  35	  35	   0	   0	1250	   0	   0	   0	   0
 144	 151	 117	 120	   0	   0	1251	   0	   0	   0	   0
 144	 151	  95	  95	   0	   0	1252	   0	   0	   0	   0
 204	 211	  57	  57	   0	   0	1253	   0	   0	   0	   0
 204	 211	  35	  35	   0	   0	1254	   0	   0	   0	   0
 204	 211	 117	 120	   0	   0	1255	   0	   0	   0	   0
 204	 211	  95	  95	   0	   0	1256	   0	   0	   0	   0
