# area of facets
240.000000
130.000000
130.000000
312.000000
312.000000
672.000000
392.000000
392.000000
336.000000
336.000000
2352.000000
168.000000
168.000000
224.000000
224.000000
240.000000
130.000000
130.000000
312.000000
312.000000
672.000000
392.000000
392.000000
336.000000
336.000000
2352.000000
168.000000
168.000000
224.000000
224.000000
200.000000
130.000000
130.000000
260.000000
260.000000
560.000000
560.000000
560.000000
400.000000
400.000000
200.000000
130.000000
130.000000
260.000000
260.000000
560.000000
560.000000
560.000000
400.000000
400.000000
260.000000
442.000000
442.000000
170.000000
170.000000
120.000000
264.000000
264.000000
220.000000
220.000000
1596.000000
630.000000
630.000000
570.000000
570.000000
260.000000
442.000000
442.000000
170.000000
170.000000
120.000000
264.000000
264.000000
220.000000
220.000000
1596.000000
630.000000
630.000000
570.000000
570.000000
416.000000
312.000000
312.000000
192.000000
192.000000
192.000000
180.000000
180.000000
240.000000
240.000000
416.000000
312.000000
312.000000
192.000000
192.000000
192.000000
180.000000
180.000000
240.000000
240.000000
240.000000
130.000000
130.000000
312.000000
312.000000
672.000000
392.000000
392.000000
336.000000
336.000000
2352.000000
168.000000
168.000000
224.000000
224.000000
240.000000
130.000000
130.000000
312.000000
312.000000
672.000000
392.000000
392.000000
336.000000
336.000000
2352.000000
168.000000
168.000000
224.000000
224.000000
200.000000
130.000000
130.000000
260.000000
260.000000
560.000000
560.000000
560.000000
400.000000
400.000000
200.000000
130.000000
130.000000
260.000000
260.000000
560.000000
560.000000
560.000000
400.000000
400.000000
260.000000
442.000000
442.000000
170.000000
170.000000
120.000000
264.000000
264.000000
220.000000
220.000000
1596.000000
630.000000
630.000000
570.000000
570.000000
260.000000
442.000000
442.000000
170.000000
170.000000
120.000000
264.000000
264.000000
220.000000
220.000000
1596.000000
630.000000
630.000000
570.000000
570.000000
416.000000
312.000000
312.000000
192.000000
192.000000
192.000000
180.000000
180.000000
240.000000
240.000000
416.000000
312.000000
312.000000
192.000000
192.000000
192.000000
180.000000
180.000000
240.000000
240.000000
240.000000
130.000000
130.000000
312.000000
312.000000
672.000000
392.000000
392.000000
336.000000
336.000000
2352.000000
168.000000
168.000000
224.000000
224.000000
240.000000
130.000000
130.000000
312.000000
312.000000
672.000000
392.000000
392.000000
336.000000
336.000000
2352.000000
168.000000
168.000000
224.000000
224.000000
200.000000
130.000000
130.000000
260.000000
260.000000
560.000000
560.000000
560.000000
400.000000
400.000000
200.000000
130.000000
130.000000
260.000000
260.000000
560.000000
560.000000
560.000000
400.000000
400.000000
260.000000
442.000000
442.000000
170.000000
170.000000
120.000000
264.000000
264.000000
220.000000
220.000000
1596.000000
630.000000
630.000000
570.000000
570.000000
260.000000
442.000000
442.000000
170.000000
170.000000
120.000000
264.000000
264.000000
220.000000
220.000000
1596.000000
630.000000
630.000000
570.000000
570.000000
416.000000
312.000000
312.000000
192.000000
192.000000
192.000000
180.000000
180.000000
240.000000
240.000000
416.000000
312.000000
312.000000
192.000000
192.000000
192.000000
180.000000
180.000000
240.000000
240.000000
240.000000
130.000000
130.000000
312.000000
312.000000
672.000000
392.000000
392.000000
336.000000
336.000000
2352.000000
168.000000
168.000000
224.000000
224.000000
240.000000
130.000000
130.000000
312.000000
312.000000
672.000000
392.000000
392.000000
336.000000
336.000000
2352.000000
168.000000
168.000000
224.000000
224.000000
200.000000
130.000000
130.000000
260.000000
260.000000
560.000000
560.000000
560.000000
400.000000
400.000000
200.000000
130.000000
130.000000
260.000000
260.000000
560.000000
560.000000
560.000000
400.000000
400.000000
260.000000
442.000000
442.000000
170.000000
170.000000
120.000000
264.000000
264.000000
220.000000
220.000000
1596.000000
630.000000
630.000000
570.000000
570.000000
260.000000
442.000000
442.000000
170.000000
170.000000
120.000000
264.000000
264.000000
220.000000
220.000000
1596.000000
630.000000
630.000000
570.000000
570.000000
416.000000
312.000000
312.000000
192.000000
192.000000
192.000000
180.000000
180.000000
240.000000
240.000000
416.000000
312.000000
312.000000
192.000000
192.000000
192.000000
180.000000
180.000000
240.000000
240.000000
40.000000
80.000000
40.000000
80.000000
40.000000
80.000000
40.000000
80.000000
40.000000
80.000000
40.000000
80.000000
40.000000
80.000000
40.000000
80.000000
40.000000
80.000000
40.000000
80.000000
40.000000
80.000000
40.000000
80.000000
40.000000
80.000000
40.000000
80.000000
40.000000
80.000000
40.000000
80.000000
40.000000
80.000000
40.000000
80.000000
40.000000
80.000000
40.000000
80.000000
40.000000
80.000000
40.000000
80.000000
40.000000
80.000000
40.000000
80.000000
40.000000
80.000000
40.000000
80.000000
40.000000
80.000000
40.000000
80.000000
40.000000
80.000000
40.000000
80.000000
40.000000
80.000000
40.000000
80.000000
40.000000
80.000000
40.000000
80.000000
40.000000
80.000000
40.000000
80.000000
40.000000
80.000000
40.000000
80.000000
40.000000
80.000000
40.000000
80.000000
40.000000
80.000000
40.000000
80.000000
40.000000
80.000000
40.000000
80.000000
40.000000
80.000000
40.000000
80.000000
40.000000
80.000000
40.000000
80.000000
40.000000
80.000000
40.000000
80.000000
40.000000
80.000000
40.000000
80.000000
40.000000
80.000000
40.000000
80.000000
40.000000
80.000000
40.000000
80.000000
40.000000
80.000000
40.000000
80.000000
40.000000
80.000000
40.000000
80.000000
40.000000
80.000000
40.000000
80.000000
40.000000
80.000000
40.000000
80.000000
40.000000
80.000000
40.000000
80.000000
40.000000
80.000000
40.000000
80.000000
40.000000
80.000000
40.000000
80.000000
40.000000
80.000000
40.000000
80.000000
240.000000
120.000000
56.000000
56.000000
280.000000
84.000000
84.000000
280.000000
20.000000
20.000000
240.000000
56.000000
56.000000
280.000000
84.000000
84.000000
160.000000
240.000000
120.000000
56.000000
56.000000
240.000000
20.000000
20.000000
240.000000
240.000000
56.000000
56.000000
240.000000
52.000000
52.000000
120.000000
60.000000
24.000000
24.000000
120.000000
84.000000
84.000000
40.000000
40.000000
52.000000
52.000000
120.000000
120.000000
24.000000
24.000000
120.000000
84.000000
84.000000
160.000000
40.000000
52.000000
52.000000
192.000000
96.000000
24.000000
24.000000
192.000000
52.000000
52.000000
192.000000
192.000000
24.000000
24.000000
192.000000
240.000000
120.000000
56.000000
56.000000
280.000000
84.000000
84.000000
280.000000
20.000000
20.000000
240.000000
56.000000
56.000000
280.000000
84.000000
84.000000
160.000000
240.000000
120.000000
56.000000
56.000000
240.000000
20.000000
20.000000
240.000000
240.000000
56.000000
56.000000
240.000000
52.000000
52.000000
120.000000
60.000000
24.000000
24.000000
120.000000
84.000000
84.000000
40.000000
40.000000
52.000000
52.000000
120.000000
120.000000
24.000000
24.000000
120.000000
84.000000
84.000000
160.000000
40.000000
52.000000
52.000000
192.000000
96.000000
24.000000
24.000000
192.000000
52.000000
52.000000
192.000000
192.000000
24.000000
24.000000
192.000000
240.000000
120.000000
56.000000
56.000000
280.000000
84.000000
84.000000
280.000000
20.000000
20.000000
240.000000
56.000000
56.000000
280.000000
84.000000
84.000000
160.000000
240.000000
120.000000
56.000000
56.000000
240.000000
20.000000
20.000000
240.000000
240.000000
56.000000
56.000000
240.000000
52.000000
52.000000
120.000000
60.000000
24.000000
24.000000
120.000000
84.000000
84.000000
40.000000
40.000000
52.000000
52.000000
120.000000
120.000000
24.000000
24.000000
120.000000
84.000000
84.000000
160.000000
40.000000
52.000000
52.000000
192.000000
96.000000
24.000000
24.000000
192.000000
52.000000
52.000000
192.000000
192.000000
24.000000
24.000000
192.000000
240.000000
120.000000
56.000000
56.000000
280.000000
84.000000
84.000000
280.000000
20.000000
20.000000
240.000000
56.000000
56.000000
280.000000
84.000000
84.000000
160.000000
240.000000
120.000000
56.000000
56.000000
240.000000
20.000000
20.000000
240.000000
240.000000
56.000000
56.000000
240.000000
52.000000
52.000000
120.000000
60.000000
24.000000
24.000000
120.000000
84.000000
84.000000
40.000000
40.000000
52.000000
52.000000
120.000000
120.000000
24.000000
24.000000
120.000000
84.000000
84.000000
160.000000
40.000000
52.000000
52.000000
192.000000
96.000000
24.000000
24.000000
192.000000
52.000000
52.000000
192.000000
192.000000
24.000000
24.000000
192.000000
80.000000
32.000000
32.000000
160.000000
32.000000
32.000000
200.000000
12.000000
12.000000
160.000000
12.000000
12.000000
160.000000
32.000000
32.000000
160.000000
32.000000
32.000000
200.000000
12.000000
12.000000
160.000000
12.000000
12.000000
160.000000
32.000000
32.000000
160.000000
32.000000
32.000000
200.000000
12.000000
12.000000
160.000000
12.000000
12.000000
160.000000
32.000000
32.000000
160.000000
32.000000
32.000000
200.000000
12.000000
12.000000
160.000000
12.000000
12.000000
80.000000
80.000000
24.000000
24.000000
160.000000
24.000000
24.000000
200.000000
24.000000
24.000000
160.000000
24.000000
24.000000
160.000000
24.000000
24.000000
160.000000
24.000000
24.000000
200.000000
24.000000
24.000000
160.000000
24.000000
24.000000
160.000000
24.000000
24.000000
160.000000
24.000000
24.000000
200.000000
24.000000
24.000000
160.000000
24.000000
24.000000
160.000000
24.000000
24.000000
160.000000
24.000000
24.000000
200.000000
24.000000
24.000000
160.000000
24.000000
24.000000
80.000000
80.000000
28.000000
24.000000
160.000000
24.000000
28.000000
200.000000
28.000000
24.000000
160.000000
24.000000
28.000000
160.000000
28.000000
24.000000
160.000000
24.000000
28.000000
200.000000
28.000000
24.000000
160.000000
24.000000
28.000000
160.000000
28.000000
24.000000
160.000000
24.000000
28.000000
200.000000
28.000000
24.000000
160.000000
24.000000
28.000000
160.000000
28.000000
24.000000
160.000000
24.000000
28.000000
200.000000
28.000000
24.000000
160.000000
24.000000
28.000000
80.000000
80.000000
28.000000
24.000000
64.000000
24.000000
28.000000
200.000000
28.000000
24.000000
64.000000
24.000000
28.000000
160.000000
28.000000
24.000000
64.000000
24.000000
28.000000
200.000000
28.000000
24.000000
64.000000
24.000000
28.000000
160.000000
28.000000
24.000000
64.000000
24.000000
28.000000
200.000000
28.000000
24.000000
64.000000
24.000000
28.000000
160.000000
28.000000
24.000000
64.000000
24.000000
28.000000
200.000000
28.000000
24.000000
64.000000
24.000000
28.000000
80.000000
80.000000
24.000000
24.000000
160.000000
24.000000
24.000000
200.000000
24.000000
24.000000
160.000000
24.000000
24.000000
160.000000
24.000000
24.000000
160.000000
24.000000
24.000000
200.000000
24.000000
24.000000
160.000000
24.000000
24.000000
160.000000
24.000000
24.000000
160.000000
24.000000
24.000000
200.000000
24.000000
24.000000
160.000000
24.000000
24.000000
160.000000
24.000000
24.000000
160.000000
24.000000
24.000000
200.000000
24.000000
24.000000
160.000000
24.000000
24.000000
80.000000
80.000000
28.000000
24.000000
160.000000
24.000000
28.000000
200.000000
28.000000
24.000000
160.000000
24.000000
28.000000
160.000000
28.000000
24.000000
160.000000
24.000000
28.000000
200.000000
28.000000
24.000000
160.000000
24.000000
28.000000
160.000000
28.000000
24.000000
160.000000
24.000000
28.000000
200.000000
28.000000
24.000000
160.000000
24.000000
28.000000
160.000000
28.000000
24.000000
160.000000
24.000000
28.000000
200.000000
28.000000
24.000000
160.000000
24.000000
28.000000
80.000000
80.000000
16.000000
160.000000
16.000000
200.000000
16.000000
160.000000
16.000000
160.000000
16.000000
160.000000
16.000000
200.000000
16.000000
160.000000
16.000000
160.000000
16.000000
160.000000
16.000000
200.000000
16.000000
160.000000
16.000000
160.000000
16.000000
160.000000
16.000000
200.000000
16.000000
160.000000
16.000000
80.000000
80.000000
112.000000
200.000000
112.000000
160.000000
112.000000
200.000000
112.000000
160.000000
112.000000
200.000000
112.000000
160.000000
112.000000
200.000000
112.000000
80.000000
80.000000
200.000000
160.000000
200.000000
160.000000
200.000000
160.000000
200.000000
80.000000
80.000000
200.000000
160.000000
200.000000
160.000000
200.000000
160.000000
200.000000
80.000000
80.000000
200.000000
160.000000
200.000000
160.000000
200.000000
160.000000
200.000000
80.000000
80.000000
200.000000
160.000000
200.000000
160.000000
200.000000
160.000000
200.000000
80.000000
48.000000
24.000000
48.000000
40.000000
40.000000
48.000000
48.000000
48.000000
160.000000
40.000000
36.000000
36.000000
144.000000
36.000000
48.000000
24.000000
48.000000
40.000000
40.000000
48.000000
48.000000
48.000000
160.000000
40.000000
36.000000
36.000000
144.000000
36.000000
48.000000
24.000000
48.000000
40.000000
40.000000
48.000000
48.000000
48.000000
160.000000
40.000000
36.000000
36.000000
144.000000
36.000000
48.000000
24.000000
48.000000
40.000000
40.000000
48.000000
48.000000
48.000000
160.000000
40.000000
36.000000
36.000000
144.000000
36.000000
32.000000
32.000000
128.000000
32.000000
32.000000
32.000000
128.000000
32.000000
32.000000
32.000000
128.000000
32.000000
32.000000
32.000000
128.000000
32.000000
