# sky view factors
0.991098
0.570763
0.321083
0.335027
0.594818
0.988015
0.583246
0.223487
0.474564
0.360833
0.913019
0.458609
0.311546
0.328435
0.274925
0.992793
0.577205
0.311052
0.327972
0.470167
0.988015
0.583216
0.225763
0.504782
0.350555
0.910542
0.458472
0.326711
0.499401
0.278791
0.969323
0.367323
0.295884
0.207730
0.577408
0.999456
0.395675
0.344835
0.451031
0.403629
0.970712
0.358029
0.266859
0.212202
0.423635
0.999454
0.389705
0.359163
0.496520
0.365703
0.989643
0.374056
0.353334
0.269397
0.610330
1.000000
0.343582
0.333325
0.383281
0.435126
0.994637
0.481473
0.417245
0.356522
0.341188
0.989504
0.383455
0.322894
0.286676
0.351945
1.000000
0.348252
0.331796
0.424419
0.402214
0.995561
0.511565
0.453598
0.585753
0.330728
0.974840
0.247048
0.358010
0.272983
0.573715
0.986698
0.223291
0.301916
0.320514
0.329830
0.976506
0.225925
0.342490
0.278595
0.298283
0.986735
0.223692
0.312352
0.342260
0.314855
0.989977
0.328254
0.321061
0.286143
0.593936
0.984622
0.323380
0.223485
0.424579
0.357278
0.911126
0.183407
0.314622
0.321120
0.266259
0.991257
0.272389
0.309194
0.288897
0.424915
0.984602
0.317027
0.225611
0.467207
0.327805
0.907743
0.185304
0.326728
0.499520
0.269330
0.968859
0.350926
0.295855
0.204735
0.577399
0.999419
0.352674
0.348035
0.432814
0.402358
0.970022
0.321613
0.266973
0.209291
0.409893
0.999416
0.351434
0.357266
0.487215
0.354805
0.989592
0.362514
0.354095
0.268673
0.610322
1.000000
0.318183
0.334231
0.374994
0.439460
0.994503
0.449296
0.418592
0.356221
0.342193
0.989429
0.361652
0.324097
0.286632
0.343334
1.000000
0.325352
0.334032
0.420651
0.391651
0.995479
0.487998
0.454350
0.585747
0.331009
0.974848
0.247488
0.357982
0.272598
0.573714
0.985619
0.220726
0.303174
0.317747
0.329816
0.976533
0.223255
0.342762
0.278595
0.297101
0.985721
0.222283
0.312721
0.340135
0.312051
0.989957
0.326776
0.320991
0.284612
0.593936
0.984639
0.323475
0.224029
0.424738
0.357278
0.910718
0.182643
0.314581
0.320859
0.266977
0.991230
0.268900
0.309738
0.288897
0.424579
0.984555
0.315158
0.225598
0.466774
0.327173
0.907757
0.184721
0.326808
0.499522
0.268956
0.968849
0.350852
0.295750
0.204735
0.577399
0.999417
0.347619
0.352080
0.432350
0.402360
0.970005
0.319309
0.266911
0.209291
0.409206
0.999414
0.344749
0.359933
0.487361
0.354122
0.989602
0.361575
0.357018
0.270093
0.610323
1.000000
0.312837
0.340051
0.375729
0.439473
0.994530
0.446799
0.424463
0.356720
0.342544
0.989435
0.358918
0.328371
0.286771
0.343351
1.000000
0.318146
0.338561
0.420713
0.392025
0.995490
0.486306
0.456246
0.585749
0.331837
0.974844
0.247526
0.357841
0.272598
0.573715
0.985638
0.220139
0.306119
0.317613
0.329816
0.976575
0.222660
0.344824
0.278595
0.296888
0.985741
0.221839
0.313872
0.340293
0.312979
0.989955
0.326823
0.320481
0.284612
0.593937
0.984666
0.323367
0.225417
0.426769
0.357278
0.910517
0.182567
0.316003
0.321532
0.268925
0.991294
0.268393
0.312454
0.288897
0.426454
0.984580
0.315122
0.226645
0.467211
0.328618
0.907604
0.184687
0.327324
0.499499
0.270901
0.968841
0.350885
0.294464
0.204735
0.577402
0.999420
0.346231
0.379851
0.440832
0.403035
0.970100
0.318926
0.264185
0.209291
0.410506
0.999417
0.342632
0.388053
0.489211
0.359208
0.989717
0.361174
0.381343
0.284680
0.610396
1.000000
0.311386
0.391314
0.391824
0.446077
0.995065
0.445778
0.591995
0.388460
0.364489
0.989574
0.357814
0.356676
0.296392
0.352841
1.000000
0.316565
0.386095
0.425643
0.406790
0.995850
0.485915
0.592357
0.586695
0.356790
0.970802
0.247539
0.574531
0.307849
0.575041
0.986364
0.219855
0.590201
0.346206
0.379577
0.972182
0.222649
0.573699
0.310423
0.316286
0.986441
0.221834
0.590186
0.357488
0.367276
0.201931
0.459988
0.106822
0.355693
0.096985
0.324338
0.253867
0.454554
0.246982
0.474624
0.255481
0.451473
0.210103
0.435430
0.105464
0.349618
0.097044
0.331111
0.260146
0.470777
0.254902
0.515423
0.306108
0.522554
0.119374
0.426613
0.101766
0.390491
0.123915
0.346364
0.127306
0.335019
0.039411
0.266876
0.130037
0.346785
0.077360
0.372528
0.092491
0.369180
0.121112
0.347301
0.127035
0.336527
0.042594
0.273628
0.160893
0.389934
0.420075
0.523977
0.430240
0.504422
0.254016
0.485373
0.201935
0.473381
0.000000
0.322627
0.185928
0.367800
0.391211
0.450001
0.420314
0.464990
0.247694
0.462788
0.197922
0.458206
0.000000
0.316604
0.185232
0.367389
0.390752
0.449785
0.419979
0.464482
0.247516
0.461968
0.197868
0.457477
0.000000
0.316487
0.185425
0.368765
0.391111
0.451734
0.420585
0.467464
0.248522
0.464940
0.199556
0.460538
0.000000
0.321285
0.159620
0.410094
0.231180
0.380696
0.186207
0.373417
0.252563
0.325976
0.226763
0.398227
0.269687
0.384335
0.082328
0.407163
0.222988
0.332776
0.178292
0.345476
0.249209
0.311315
0.225085
0.390521
0.268748
0.382180
0.081765
0.405791
0.222639
0.332409
0.178078
0.345182
0.249091
0.310885
0.225042
0.390401
0.268774
0.382686
0.081865
0.406513
0.222830
0.332688
0.178398
0.345517
0.249619
0.311582
0.225968
0.394633
0.270846
0.397432
0.071210
0.442800
0.469008
0.550790
0.461134
0.359362
0.652433
0.531287
0.457502
0.657230
0.495604
0.459810
0.472151
0.461675
0.361921
0.652390
0.534834
0.463080
0.743049
0.414792
0.526255
0.393540
0.396924
0.599402
0.466808
0.419135
0.417486
0.641864
0.396428
0.395519
0.599772
0.399253
0.380298
0.450035
0.522173
0.401794
0.394993
0.496524
0.490793
0.503367
0.609250
0.572214
0.410994
0.373764
0.451238
0.531884
0.401037
0.393459
0.496583
0.491008
0.502190
0.501805
0.571727
0.359257
0.422700
0.437752
0.453994
0.367217
0.425307
0.472126
0.351398
0.429911
0.438409
0.509672
0.365702
0.425092
0.471962
0.459992
0.544134
0.417759
0.361479
0.637781
0.443834
0.457607
0.661986
0.442933
0.461047
0.462976
0.416924
0.364037
0.637720
0.444213
0.463186
0.744728
0.414877
0.525244
0.395924
0.397366
0.598104
0.470669
0.419460
0.417762
0.640597
0.398708
0.395961
0.598473
0.398992
0.380323
0.450016
0.521764
0.402287
0.394973
0.495860
0.490914
0.503380
0.608471
0.571469
0.410904
0.373723
0.451221
0.531265
0.401545
0.393438
0.495965
0.491134
0.502203
0.501586
0.570981
0.359319
0.422715
0.437752
0.453776
0.367353
0.425349
0.471837
0.351384
0.429947
0.438409
0.509328
0.365794
0.425134
0.471664
0.459992
0.544027
0.417819
0.361491
0.637601
0.443855
0.457604
0.661829
0.443002
0.461061
0.462976
0.416984
0.364049
0.637540
0.444236
0.463181
0.744667
0.414877
0.525207
0.395951
0.397358
0.598061
0.470698
0.419451
0.417762
0.640534
0.398734
0.395953
0.598431
0.398993
0.380310
0.450016
0.521768
0.402286
0.394956
0.495896
0.490915
0.503361
0.608469
0.571527
0.410902
0.373707
0.451221
0.531257
0.401544
0.393421
0.496001
0.491134
0.502180
0.501584
0.571040
0.359315
0.422688
0.437752
0.453815
0.367345
0.425312
0.471961
0.351377
0.429913
0.438409
0.509371
0.365787
0.425098
0.471787
0.459992
0.544123
0.417798
0.361387
0.637870
0.443844
0.457340
0.661942
0.442981
0.460949
0.462976
0.416963
0.363946
0.637809
0.444222
0.462890
0.744687
0.414877
0.525428
0.395877
0.398140
0.598579
0.470619
0.419019
0.417762
0.640703
0.398660
0.396735
0.598948
0.398301
0.377389
0.450641
0.522209
0.401407
0.391760
0.496145
0.490653
0.457469
0.609490
0.571252
0.410120
0.370390
0.451847
0.531046
0.400664
0.390259
0.496250
0.490855
0.459080
0.500789
0.570764
0.356263
0.460607
0.458186
0.461576
0.366668
0.473326
0.460011
0.348058
0.454447
0.458671
0.492950
0.365110
0.472315
0.459801
0.511686
0.529734
0.452697
0.553903
0.471503
0.424142
0.527109
0.622542
0.495797
0.509332
0.517503
0.631990
0.546134
0.489321
0.450233
0.553657
0.469767
0.423462
0.526655
0.622061
0.495450
0.509030
0.517234
0.631815
0.545981
0.489186
0.450162
0.553594
0.469713
0.423441
0.526642
0.622056
0.495462
0.509047
0.517260
0.631869
0.546038
0.489251
0.450282
0.553730
0.469860
0.423660
0.526891
0.622434
0.495981
0.509208
0.518102
0.648054
0.466986
0.484883
0.614392
0.555458
0.483231
0.562340
0.517375
0.477329
0.504944
0.561888
0.475864
0.537904
0.534023
0.504799
0.550493
0.555503
0.484880
0.562516
0.517428
0.477609
0.504915
0.561874
0.475912
0.537904
0.534023
0.504799
0.550493
0.555503
0.484880
0.562516
0.517428
0.477609
0.504915
0.561874
0.475912
0.537904
0.534023
0.504799
0.550493
0.555503
0.484880
0.562516
0.517428
0.476955
0.505379
0.562973
0.478433
0.534871
0.609018
0.484898
0.492607
0.716567
0.682295
0.487294
0.615171
0.650098
0.508936
0.610794
0.528803
0.489158
0.495062
0.633370
0.525414
0.670628
0.680265
0.486579
0.613495
0.649125
0.508575
0.610079
0.528304
0.488926
0.494743
0.633069
0.525275
0.670392
0.680150
0.486533
0.613417
0.649110
0.508607
0.610095
0.528360
0.489027
0.494833
0.633231
0.525495
0.670601
0.680511
0.487082
0.613852
0.649704
0.509462
0.610611
0.528137
0.492837
0.492495
0.621118
0.513021
0.630911
0.723105
0.717651
0.701848
0.645393
0.681255
0.640918
0.658249
0.555618
0.488264
0.529565
0.663109
0.639037
0.686345
0.715829
0.699871
0.643895
0.680328
0.640263
0.657564
0.555116
0.487769
0.529223
0.662856
0.638883
0.686144
0.715722
0.699751
0.643815
0.680283
0.640235
0.657545
0.555121
0.487843
0.529248
0.662922
0.638920
0.686231
0.715867
0.700160
0.643979
0.680450
0.640386
0.657578
0.554579
0.486658
0.523234
0.638233
0.495970
0.618461
0.616653
0.566759
0.684214
0.572901
0.516917
0.598130
0.504186
0.560668
0.553244
0.535214
0.533023
0.571300
0.553626
0.566803
0.683176
0.573096
0.516970
0.598130
0.504216
0.560653
0.553122
0.535214
0.533023
0.571300
0.553626
0.566803
0.683129
0.573096
0.516970
0.598130
0.504216
0.560653
0.553148
0.535214
0.533023
0.571300
0.553626
0.566803
0.683283
0.573096
0.516970
0.598130
0.504681
0.561752
0.550817
0.532181
0.607099
0.414555
0.642444
0.717347
0.682854
0.567823
0.615974
0.650611
0.669159
0.610570
0.527737
0.425098
0.494226
0.632857
0.656596
0.671040
0.680824
0.564803
0.614299
0.649638
0.668521
0.609855
0.527254
0.425098
0.493888
0.632557
0.656468
0.670804
0.680710
0.564803
0.614220
0.649623
0.668491
0.609871
0.527309
0.425098
0.493978
0.632719
0.656482
0.671012
0.681070
0.564803
0.614655
0.650217
0.668373
0.610387
0.527086
0.422302
0.491533
0.620738
0.508713
0.568569
0.765947
0.413094
0.679257
0.551484
0.705695
0.515020
0.705722
0.577386
0.735565
0.412618
0.678882
0.551396
0.705412
0.514973
0.705648
0.577273
0.735507
0.412618
0.678862
0.551380
0.705402
0.514973
0.705656
0.577327
0.735522
0.412618
0.678797
0.551559
0.705159
0.516209
0.666595
0.498710
0.486355
0.696469
0.476593
0.539117
0.503766
0.694380
0.476853
0.538886
0.503766
0.694332
0.476853
0.538971
0.503766
0.694740
0.476198
0.540049
0.482129
0.492906
0.507779
0.524933
0.507419
0.524794
0.507451
0.525015
0.508306
0.512022
0.630871
0.640617
0.639008
0.639962
0.638855
0.639934
0.638892
0.640085
0.495861
0.617335
0.597133
0.571085
0.597133
0.571085
0.597133
0.571085
0.597133
0.415340
0.626734
0.672721
0.655101
0.672101
0.654976
0.672070
0.654985
0.671893
0.485847
0.476359
0.460264
0.591036
0.628658
0.592042
0.479644
0.612428
0.591221
0.711774
0.592231
0.476391
0.441514
0.458875
0.441612
0.476072
0.457701
0.588922
0.624448
0.589073
0.479357
0.610700
0.589108
0.711385
0.589262
0.476014
0.441048
0.458736
0.441146
0.476072
0.457622
0.588796
0.624309
0.588951
0.479357
0.610584
0.588981
0.711337
0.589141
0.476056
0.441179
0.458746
0.441276
0.476072
0.457749
0.589135
0.624502
0.589390
0.479357
0.610722
0.589321
0.711357
0.589580
0.472280
0.433437
0.444013
0.433401
0.472044
0.426659
0.632575
0.426705
0.469953
0.424873
0.632124
0.424919
0.469873
0.424821
0.632096
0.424867
0.470130
0.425422
0.632080
0.425468
