# Block data
#  il	   iu	   jl	   ju	   kl	   ku	 dtop	 dwest	 deast	 dnor	 dsou
   6	  10	  45	  50	   1	   5	   1	   2	   3	   4	   5
  10	  15	  10	  17	   1	   7	   6	   7	   8	   9	  10
  12	  14	  19	  20	   1	  11	  11	  12	  13	  14	  15
  20	  29	  21	  28	   1	   9	  16	  17	   0	   0	  18
  20	  29	  29	  33	   1	   9	  19	  20	   0	  21	   0
  20	  30	  29	  33	  10	  13	  22	  23	   0	  24	   0
  23	  27	  57	  60	   1	  17	  25	  26	  27	  28	  29
  30	  30	  21	  25	   1	   9	  30	   0	  31	   0	  32
  30	  30	  26	  28	   1	   8	  33	   0	   0	   0	   0
  30	  30	  26	  28	   9	   9	  34	   0	   0	   0	   0
  30	  30	  29	  33	   1	   8	  35	   0	   0	  36	   0
  30	  30	  29	  33	   9	   9	  37	   0	   0	  38	   0
  31	  31	  26	  28	   1	   8	  39	   0	   0	   0	  40
  31	  31	  29	  33	   1	   8	  41	   0	   0	   0	   0
  31	  31	  34	  40	   1	   8	  42	  43	   0	  44	   0
  32	  38	  26	  40	   1	   8	  45	   0	  46	  47	  48
  38	  44	   6	  12	   1	   7	  49	  50	  51	  52	  53
  48	  52	  13	  30	   1	   5	  54	  55	  56	  57	  58
  48	  51	  35	  50	   1	   5	  59	  60	   0	  61	  62
  52	  52	  35	  36	   1	   5	  63	   0	  64	   0	  65
  52	  52	  37	  50	   1	   3	  66	   0	   0	  67	   0
  52	  52	  37	  50	   4	   5	  68	   0	   0	  69	   0
  53	  53	  37	  50	   1	   3	  70	   0	   0	   0	  71
  53	  53	  51	  53	   1	   3	  72	  73	   0	  74	   0
  54	  59	  37	  53	   1	   3	  75	   0	  76	  77	  78
  55	  59	  20	  30	   1	   7	  79	  80	  81	  82	  83
   5	   5	   1	  64	   0	   0	  84	   0	   0	   0	   0
  11	  11	  19	  64	   0	   0	  85	   0	   0	   0	   0
   6	  10	  51	  64	   0	   0	  86	   0	   0	   0	   0
   6	  10	  44	  44	   0	   0	  87	   0	   0	   0	   0
   9	   9	   1	  43	   0	   0	  88	   0	   0	   0	   0
  16	  16	   1	  64	   0	   0	  89	   0	   0	   0	   0
  10	  15	  18	  18	   0	   0	  90	   0	   0	   0	   0
  10	  15	   1	   9	   0	   0	  91	   0	   0	   0	   0
  15	  15	  19	  64	   0	   0	  92	   0	   0	   0	   0
  12	  14	  21	  64	   0	   0	  93	   0	   0	   0	   0
  19	  19	   1	  64	   0	   0	  94	   0	   0	   0	   0
  20	  29	  20	  20	   0	   0	  95	   0	   0	   0	   0
  20	  30	  34	  34	   0	   0	  96	   0	   0	   0	   0
  22	  22	  35	  64	   0	   0	  97	   0	   0	   0	   0
  28	  28	  35	  64	   0	   0	  98	   0	   0	   0	   0
  23	  27	  61	  64	   0	   0	  99	   0	   0	   0	   0
  23	  27	  35	  56	   0	   0	 100	   0	   0	   0	   0
  31	  31	  21	  25	   0	   0	 101	   0	   0	   0	   0
  30	  30	  20	  20	   0	   0	 102	   0	   0	   0	   0
  30	  30	  34	  40	   0	   0	 103	   0	   0	   0	   0
  31	  31	  41	  41	   0	   0	 104	   0	   0	   0	   0
  39	  39	  14	  64	   0	   0	 105	   0	   0	   0	   0
  32	  38	  41	  41	   0	   0	 106	   0	   0	   0	   0
  32	  38	  25	  25	   0	   0	 107	   0	   0	   0	   0
  37	  37	   1	  24	   0	   0	 108	   0	   0	   0	   0
  45	  45	   1	  64	   0	   0	 109	   0	   0	   0	   0
  38	  44	  13	  13	   0	   0	 110	   0	   0	   0	   0
  38	  44	   1	   5	   0	   0	 111	   0	   0	   0	   0
  47	  47	   1	  64	   0	   0	 112	   0	   0	   0	   0
  48	  52	  31	  33	   0	   0	 113	   0	   0	   0	   0
  48	  52	   1	  12	   0	   0	 114	   0	   0	   0	   0
  48	  51	  51	  64	   0	   0	 115	   0	   0	   0	   0
  48	  51	  34	  34	   0	   0	 116	   0	   0	   0	   0
  53	  53	  35	  36	   0	   0	 117	   0	   0	   0	   0
  52	  52	  34	  34	   0	   0	 118	   0	   0	   0	   0
  52	  52	  51	  53	   0	   0	 119	   0	   0	   0	   0
  53	  53	  54	  54	   0	   0	 120	   0	   0	   0	   0
  60	  60	   1	  64	   0	   0	 121	   0	   0	   0	   0
  54	  59	  54	  54	   0	   0	 122	   0	   0	   0	   0
  54	  59	  36	  36	   0	   0	 123	   0	   0	   0	   0
  54	  54	   1	  35	   0	   0	 124	   0	   0	   0	   0
  55	  59	  31	  35	   0	   0	 125	   0	   0	   0	   0
  55	  59	   1	  19	   0	   0	 126	   0	   0	   0	   0
   1	   4	   1	  64	   0	   0	 127	   0	   0	   0	   0
   6	   8	   1	  43	   0	   0	 128	   0	   0	   0	   0
  17	  18	   1	  64	   0	   0	 129	   0	   0	   0	   0
  20	  30	   1	  19	   0	   0	 130	   0	   0	   0	   0
  31	  31	   1	  20	   0	   0	 131	   0	   0	   0	   0
  32	  36	   1	  24	   0	   0	 132	   0	   0	   0	   0
  46	  46	   1	  64	   0	   0	 133	   0	   0	   0	   0
  53	  53	   1	  34	   0	   0	 134	   0	   0	   0	   0
  61	  64	   1	  64	   0	   0	 135	   0	   0	   0	   0
  10	  10	  19	  43	   0	   0	 136	   0	   0	   0	   0
  20	  21	  35	  64	   0	   0	 137	   0	   0	   0	   0
  29	  29	  35	  64	   0	   0	 138	   0	   0	   0	   0
  30	  30	  41	  64	   0	   0	 139	   0	   0	   0	   0
  31	  38	  42	  64	   0	   0	 140	   0	   0	   0	   0
  38	  38	  14	  24	   0	   0	 141	   0	   0	   0	   0
  40	  44	  14	  64	   0	   0	 142	   0	   0	   0	   0
  52	  52	  54	  64	   0	   0	 143	   0	   0	   0	   0
  53	  59	  55	  64	   0	   0	 144	   0	   0	   0	   0
