#   or     wl    blk    bld
     1      1      1      3
     2      1      1      3
     4      1      1      3
     5      1      1      3
     1      1      2      3
     5      1      2      3
     1      1      3      3
     2      1      3      3
     4      1      3      3
     1      1      4      3
     5      1      4      3
     1      1      5      3
     2      1      5      3
     4      1      5      3
     1      1      6      3
     5      1      6      3
     1      1      7      3
     2      1      7      3
     4      1      7      3
     1      1      8      3
     5      1      8      3
     1      1      9      3
     2      1      9      3
     4      1      9      3
     1      1     10      3
     4      1     10      3
     5      1     10      3
     1      1     11      1
     2      1     11      1
     4      1     11      1
     5      1     11      1
     1      1     12      3
     5      1     12      3
     1      1     13      3
     3      1     13      3
     4      1     13      3
     1      1     14      1
     5      1     14      1
     1      1     15      1
     2      1     15      1
     4      1     15      1
     1      1     16      3
     4      1     16      3
     5      1     16      3
     1      1     17      1
     5      1     17      1
     1      1     18      1
     2      1     18      1
     4      1     18      1
     1      1     19      1
     4      1     19      1
     5      1     19      1
     1      1     20      1
     2      1     20      1
     5      1     20      1
     1      1     21      1
     4      1     21      1
     1      1     22      3
     5      1     22      3
     1      1     23      3
     3      1     23      3
     1      1     24      3
     4      1     24      3
     1      1     25      1
     4      1     25      1
     5      1     25      1
     1      1     26      3
     4      1     26      3
     5      1     26      3
     1      1     27      3
     4      1     27      3
     5      1     27      3
     1      1     28      3
     5      1     28      3
     1      1     29      3
     3      1     29      3
     4      1     29      3
     1      1     30      3
     5      1     30      3
     1      1     31      3
     3      1     31      3
     4      1     31      3
     1      1     32      3
     4      1     32      3
     5      1     32      3
     1      1     33      3
     2      1     33      3
     5      1     33      3
     1      1     34      3
     4      1     34      3
     1      1     35      3
     4      1     35      3
     5      1     35      3
     1      1     36      1
     2      1     36      1
     5      1     36      1
     1      1     37      1
     1      1     38      1
     3      1     38      1
     4      1     38      1
     1      1     39      1
     4      1     39      1
     5      1     39      1
     1      1     40      3
     5      1     40      3
     1      1     41      3
     3      1     41      3
     4      1     41      3
     1      1     42      3
     5      1     42      3
     1      1     43      3
     3      1     43      3
     4      1     43      3
     1      1     44      3
     4      1     44      3
     5      1     44      3
     1      1     45      3
     2      1     45      3
     5      1     45      3
     1      1     46      3
     4      1     46      3
     1      1     47      1
     5      1     47      1
     1      1     48      1
     3      1     48      1
     4      1     48      1
     1      1     49      3
     4      1     49      3
     5      1     49      3
     1      1     50      1
     4      1     50      1
     5      1     50      1
     1      1     51      1
     2      1     51      1
     5      1     51      1
     1      1     52      1
     4      1     52      1
     1      1     53      3
     5      1     53      3
     1      1     54      3
     3      1     54      3
     4      1     54      3
     1      1     55      3
     5      1     55      3
     1      1     56      3
     3      1     56      3
     4      1     56      3
     1      1     57      1
     4      1     57      1
     5      1     57      1
     1      1     58      3
     4      1     58      3
     5      1     58      3
     1      1     59      3
     2      1     59      3
     5      1     59      3
     1      1     60      3
     4      1     60      3
     1      1     61      3
     4      1     61      3
     5      1     61      3
     1      1     62      1
     5      1     62      1
     1      1     63      1
     2      1     63      1
     4      1     63      1
     1      1     64      1
     5      1     64      1
     1      1     65      1
     2      1     65      1
     4      1     65      1
     1      1     66      1
     4      1     66      1
     5      1     66      1
     1      1     67      3
     5      1     67      3
     1      1     68      3
     3      1     68      3
     4      1     68      3
     1      1     69      1
     2      1     69      1
     5      1     69      1
     1      1     70      1
     4      1     70      1
     1      1     71      3
     4      1     71      3
     5      1     71      3
     1      1     72      3
     5      1     72      3
     1      1     73      3
     3      1     73      3
     4      1     73      3
     1      1     74      1
     4      1     74      1
     5      1     74      1
     1      1     75      3
     2      1     75      3
     5      1     75      3
     1      1     76      3
     4      1     76      3
     1      1     77      3
     4      1     77      3
     5      1     77      3
     1      1     78      3
     5      1     78      3
     1      1     79      3
     3      1     79      3
     4      1     79      3
     1      1     80      1
     3      1     80      1
     5      1     80      1
     1      1     81      1
     4      1     81      1
     1      1     82      3
     4      1     82      3
     5      1     82      3
     1      1     83      3
     5      1     83      3
     1      1     84      3
     3      1     84      3
     4      1     84      3
     1      1     85      1
     3      1     85      1
     5      1     85      1
     1      1     86      1
     4      1     86      1
     1      1     87      3
     2      1     87      3
     5      1     87      3
     1      1     88      3
     4      1     88      3
     1      1     89      1
     3      1     89      1
     4      1     89      1
     5      1     89      1
     1      1     90      3
     4      1     90      3
     5      1     90      3
     1      1     91      3
     5      1     91      3
     1      1     92      3
     3      1     92      3
     4      1     92      3
     1      1     93      3
     4      1     93      3
     5      1     93      3
     1      1     94      3
     5      1     94      3
     1      1     95      3
     3      1     95      3
     4      1     95      3
     1      1     96      3
     2      1     96      3
     5      1     96      3
     1      1     97      3
     4      1     97      3
     1      1     98      3
     4      1     98      3
     5      1     98      3
     1      1     99      2
     2      1     99      2
     4      1     99      2
     5      1     99      2
     1      1    100      3
     5      1    100      3
     1      1    101      3
     3      1    101      3
     4      1    101      3
     1      1    102      2
     5      1    102      2
     1      1    103      2
     2      1    103      2
     4      1    103      2
     1      1    104      3
     3      1    104      3
     4      1    104      3
     5      1    104      3
     1      1    105      2
     5      1    105      2
     1      1    106      2
     2      1    106      2
     4      1    106      2
     1      1    107      3
     2      1    107      3
     5      1    107      3
     1      1    108      3
     1      1    109      3
     3      1    109      3
     4      1    109      3
     1      1    110      2
     5      1    110      2
     1      1    111      2
     2      1    111      2
     4      1    111      2
     1      1    112      3
     4      1    112      3
     5      1    112      3
     1      1    113      2
     4      1    113      2
     5      1    113      2
     1      1    114      2
     2      1    114      2
     5      1    114      2
     1      1    115      2
     4      1    115      2
     1      1    116      2
     3      1    116      2
     4      1    116      2
     5      1    116      2
     1      1    117      3
     2      1    117      3
     5      1    117      3
     1      1    118      3
     1      1    119      3
     3      1    119      3
     4      1    119      3
     1      1    120      3
     3      1    120      3
     4      1    120      3
     5      1    120      3
     1     -1      1     -1
     1     -1      2     -1
     1     -1      3     -1
     1     -1      4     -1
     1     -1      5     -1
     1     -1      6     -1
     1     -1      7     -1
     1     -1      8     -1
     1     -1      9     -1
     1     -1     10     -1
     1     -1     11     -1
     1     -1     12     -1
     1     -1     13     -1
     1     -1     14     -1
     1     -1     15     -1
     1     -1     16     -1
     1     -1     17     -1
     1     -1     18     -1
     1     -1     19     -1
     1     -1     20     -1
     1     -1     21     -1
     1     -1     22     -1
     1     -1     23     -1
     1     -1     24     -1
     1     -1     25     -1
     1     -1     26     -1
     1     -1     27     -1
     1     -1     28     -1
     1     -1     29     -1
     1     -1     30     -1
     1     -1     31     -1
     1     -1     32     -1
     1     -1     33     -1
     1     -1     34     -1
     1     -1     35     -1
     1     -1     36     -1
     1     -1     37     -1
     1     -1     38     -1
     1     -1     39     -1
     1     -1     40     -1
     1     -1     41     -1
     1     -1     42     -1
     1     -1     43     -1
     1     -1     44     -1
     1     -1     45     -1
     1     -1     46     -1
     1     -1     47     -1
     1     -1     48     -1
     1     -1     49     -1
     1     -1     50     -1
     1     -1     51     -1
     1     -1     52     -1
     1     -1     53     -1
     1     -1     54     -1
     1     -1     55     -1
     1     -1     56     -1
     1     -1     57     -1
     1     -1     58     -1
     1     -1     59     -1
     1     -1     60     -1
     1     -1     61     -1
     1     -1     62     -1
     1     -1     63     -1
     1     -1     64     -1
     1     -1     65     -1
     1     -1     66     -1
     1     -1     67     -1
     1     -1     68     -1
     1     -1     69     -1
     1     -1     70     -1
     1     -1     71     -1
     1     -1     72     -1
     1     -1     73     -1
     1     -1     74     -1
     1     -1     75     -1
     1     -1     76     -1
     1     -1     77     -1
     1     -1     78     -1
     1     -1     79     -1
     1     -1     80     -1
     1     -1     81     -1
     1     -1     82     -1
     1     -1     83     -1
     1     -1     84     -1
     1     -1     85     -1
     1     -1     86     -1
     1     -1     87     -1
     1     -1     88     -1
     1     -1     89     -1
     1     -1     90     -1
     1     -1     91     -1
     1     -1     92     -1
     1     -1     93     -1
     1     -1     94     -1
     1     -1     95     -1
     1     -1     96     -1
     1     -1     97     -1
     1     -1     98     -1
     1     -1     99     -1
     1     -1    100     -1
     1     -1    101     -1
     1     -1    102     -1
     1     -1    103     -1
     1     -1    104     -1
     1     -1    105     -1
     1     -1    106     -1
     1     -1    107     -1
     1     -1    108     -1
     1     -1    109     -1
     1     -1    110     -1
     1     -1    111     -1
     1     -1    112     -1
     1     -1    113     -1
     1     -1    114     -1
     1     -1    115     -1
     1     -1    116     -1
     1     -1    117     -1
     1     -1    118     -1
     1     -1    119     -1
     1     -1    120     -1
     1     -1    121     -1
     1     -1    122     -1
     1     -1    123     -1
     1     -1    124     -1
     1     -1    125     -1
     1     -1    126     -1
     1     -1    127     -1
     1     -1    128     -1
     1     -1    129     -1
     1     -1    130     -1
     1     -1    131     -1
     1     -1    132     -1
     1     -1    133     -1
     1     -1    134     -1
     1     -1    135     -1
     1     -1    136     -1
     1     -1    137     -1
     1     -1    138     -1
     1     -1    139     -1
     1     -1    140     -1
     1     -1    141     -1
     1     -1    142     -1
     1     -1    143     -1
     1     -1    144     -1
     1     -1    145     -1
     1     -1    146     -1
     1     -1    147     -1
     1     -1    148     -1
     1     -1    149     -1
     1     -1    150     -1
     1     -1    151     -1
     1     -1    152     -1
     1     -1    153     -1
     1     -1    154     -1
     1     -1    155     -1
     1     -1    156     -1
     1     -1    157     -1
     1     -1    158     -1
     1     -1    159     -1
     1     -1    160     -1
     1     -1    161     -1
     1     -1    162     -1
     1     -1    163     -1
     1     -1    164     -1
     1     -1    165     -1
     1     -1    166     -1
     1     -1    167     -1
     1     -1    168     -1
     1     -1    169     -1
     1     -1    170     -1
     1     -1    171     -1
     1     -1    172     -1
     1     -1    173     -1
     1     -1    174     -1
     1     -1    175     -1
     1     -1    176     -1
     1     -1    177     -1
     1     -1    178     -1
     1     -1    179     -1
     1     -1    180     -1
     1     -1    181     -1
     1     -1    182     -1
     1     -1    183     -1
     1     -1    184     -1
     1     -1    185     -1
     1     -1    186     -1
     1     -1    187     -1
     1     -1    188     -1
     1     -1    189     -1
     1     -1    190     -1
     1     -1    191     -1
     1     -1    192     -1
     1     -1    193     -1
     1     -1    194     -1
     1     -1    195     -1
     1     -1    196     -1
     1     -1    197     -1
     1     -1    198     -1
     1     -1    199     -1
     1     -1    200     -1
     1     -1    201     -1
     1     -1    202     -1
     1     -1    203     -1
     1     -1    204     -1
