# sky view factors
1.000000
0.181424
0.317582
0.316979
0.170033
1.000000
0.185280
0.324925
0.300040
0.278318
1.000000
0.185285
0.332865
0.323672
0.311238
1.000000
0.185516
0.331874
0.316710
0.296147
1.000000
0.186528
0.323220
0.300880
0.316227
1.000000
0.186495
0.322041
0.299694
0.309709
1.000000
0.185280
0.324925
0.256669
0.322747
1.000000
0.179416
0.323915
0.170033
0.328523
1.000000
0.282607
0.297486
0.323509
0.174841
1.000000
0.336683
0.331880
0.334495
0.336400
1.000000
0.360072
0.336004
0.325828
0.334846
1.000000
0.337140
0.333866
0.329783
0.340875
1.000000
0.290064
0.324367
0.324128
0.329231
1.000000
0.289995
0.324336
0.328959
0.326404
1.000000
0.336683
0.331880
0.339711
0.333311
1.000000
0.337123
0.304549
0.174841
0.329761
1.000000
0.310872
0.324699
0.328422
0.174996
1.000000
0.332093
0.327751
0.335894
0.361762
1.000000
0.338788
0.334811
0.329972
0.338628
1.000000
0.337335
0.333358
0.330355
0.341911
1.000000
0.307748
0.322497
0.325961
0.333416
1.000000
0.307032
0.321781
0.333507
0.328604
1.000000
0.332093
0.327751
0.365958
0.333155
1.000000
0.333551
0.332831
0.174996
0.333177
1.000000
0.291121
0.319267
0.329490
0.175076
1.000000
0.334242
0.333354
0.335883
0.336635
1.000000
0.337271
0.336641
0.330612
0.339271
1.000000
0.335132
0.334542
0.330377
0.341904
1.000000
0.318150
0.321282
0.326405
0.334489
1.000000
0.318120
0.321212
0.334576
0.329052
1.000000
0.334242
0.333354
0.340810
0.333182
1.000000
0.305271
0.329280
0.175076
0.333820
1.000000
0.314102
0.302065
0.326486
0.175073
1.000000
0.326374
0.331629
0.332342
0.290788
1.000000
0.333218
0.335934
0.325616
0.313790
1.000000
0.332228
0.334282
0.322450
0.329547
1.000000
0.320063
0.316934
0.313683
0.327292
1.000000
0.318884
0.316417
0.309094
0.323691
1.000000
0.326374
0.331629
0.294963
0.329640
1.000000
0.324480
0.315850
0.175073
0.331181
1.000000
0.307422
0.301689
0.325417
0.175040
1.000000
0.329953
0.329789
0.332352
0.290762
1.000000
0.334258
0.336998
0.324976
0.313147
1.000000
0.332606
0.336008
0.322427
0.329554
1.000000
0.322475
0.306786
0.313239
0.326219
1.000000
0.321959
0.305608
0.308026
0.323243
1.000000
0.329953
0.329789
0.294958
0.329614
1.000000
0.315553
0.324733
0.175040
0.330538
1.000000
0.322055
0.257971
0.323509
0.174841
1.000000
0.332471
0.336092
0.334860
0.336400
1.000000
0.335027
0.360318
0.326193
0.334846
1.000000
0.332928
0.337347
0.329783
0.341240
1.000000
0.324159
0.290272
0.324128
0.329231
1.000000
0.324089
0.290241
0.328959
0.326404
1.000000
0.332471
0.336092
0.339711
0.332946
1.000000
0.329118
0.312487
0.174841
0.329396
1.000000
0.326334
0.181424
0.319023
0.170011
1.000000
0.327229
0.185280
0.303236
0.334367
1.000000
0.333558
0.185285
0.328030
0.331511
1.000000
0.332106
0.185516
0.322750
0.306662
1.000000
0.324181
0.186528
0.311030
0.322632
1.000000
0.323465
0.186495
0.319968
0.313701
1.000000
0.327229
0.185280
0.312652
0.325578
1.000000
0.332733
0.179416
0.170011
0.330567
0.268221
0.305533
0.303502
0.254911
0.257135
0.301284
0.242982
0.230686
0.308087
0.304509
0.255744
0.258824
0.304136
0.178052
0.270393
0.325288
0.325336
0.291797
0.291892
0.322818
0.189945
0.284437
0.309949
0.311407
0.270581
0.269913
0.306608
0.247928
0.337787
0.518253
0.418792
0.316489
0.339628
0.531730
0.447396
0.339639
0.535503
0.448658
0.337384
0.527120
0.429677
0.339715
0.530983
0.476299
0.340171
0.527549
0.428196
0.338076
0.528564
0.437992
0.302249
0.458763
0.275874
0.490898
0.512409
0.476277
0.263958
0.537470
0.540272
0.477424
0.539935
0.541278
0.477304
0.535480
0.542102
0.475415
0.534438
0.540489
0.475315
0.532502
0.540070
0.475557
0.533992
0.537443
0.478143
0.428542
0.451204
0.263554
0.502949
0.504171
0.478590
0.266581
0.541182
0.541518
0.478640
0.541922
0.542209
0.478520
0.542405
0.542470
0.477729
0.540673
0.541895
0.477726
0.540383
0.541696
0.477871
0.538950
0.539285
0.479359
0.462756
0.462539
0.266626
0.513875
0.498621
0.478986
0.265285
0.541435
0.539923
0.478716
0.542297
0.541660
0.478596
0.542521
0.542084
0.478124
0.541848
0.541568
0.478138
0.541602
0.540849
0.478266
0.538606
0.536446
0.479436
0.450905
0.427645
0.265334
0.531463
0.527482
0.466216
0.321010
0.540187
0.539921
0.476455
0.541718
0.541629
0.477754
0.542107
0.542084
0.477529
0.541601
0.541342
0.477296
0.540968
0.540625
0.476006
0.537022
0.536492
0.466666
0.458518
0.456991
0.321059
0.527501
0.529519
0.465821
0.320822
0.539795
0.539680
0.476379
0.541514
0.541276
0.477678
0.542024
0.541979
0.477134
0.541376
0.540181
0.476883
0.540652
0.539438
0.475610
0.536367
0.536515
0.466590
0.457017
0.458815
0.320867
0.496928
0.506379
0.476277
0.263958
0.538713
0.539029
0.477424
0.540600
0.540612
0.477304
0.541661
0.535921
0.475415
0.539978
0.534949
0.475315
0.539073
0.533499
0.475557
0.535236
0.536199
0.478143
0.427998
0.449301
0.263554
0.491683
0.312246
0.428806
0.275244
0.533232
0.339481
0.449193
0.536149
0.339697
0.449330
0.527546
0.337436
0.430152
0.531475
0.339771
0.476971
0.528494
0.340207
0.429993
0.531000
0.336601
0.448006
0.462704
0.255091
0.234629
0.302920
0.173101
0.231192
0.483340
0.363016
0.412793
0.505329
0.442201
0.442452
0.506478
0.413465
0.365413
0.492706
0.236425
0.298833
0.544642
0.298770
0.236071
0.491387
0.364701
0.411107
0.497281
0.437321
0.235841
0.269510
0.307391
0.568613
0.578778
0.580001
0.578842
0.578551
0.577405
0.569986
0.307176
0.308145
0.570107
0.579440
0.580663
0.580336
0.580109
0.578899
0.570648
0.308189
0.317254
0.559326
0.568472
0.569706
0.569439
0.569247
0.568021
0.559777
0.317299
0.316950
0.558717
0.568306
0.569540
0.568831
0.568612
0.567413
0.559611
0.316950
0.304420
0.562702
0.571519
0.572741
0.572931
0.572497
0.571494
0.563347
0.300521
0.236283
0.425927
0.452682
0.452441
0.425236
0.430541
0.425539
0.453460
0.233324
