# area of facets
256.000000
272.000000
272.000000
272.000000
272.000000
256.000000
272.000000
272.000000
272.000000
272.000000
256.000000
272.000000
272.000000
272.000000
272.000000
256.000000
272.000000
272.000000
272.000000
272.000000
256.000000
272.000000
272.000000
272.000000
272.000000
256.000000
272.000000
272.000000
272.000000
272.000000
256.000000
272.000000
272.000000
272.000000
272.000000
256.000000
272.000000
272.000000
272.000000
272.000000
256.000000
272.000000
272.000000
272.000000
272.000000
256.000000
272.000000
272.000000
272.000000
272.000000
256.000000
272.000000
272.000000
272.000000
272.000000
256.000000
272.000000
272.000000
272.000000
272.000000
256.000000
272.000000
272.000000
272.000000
272.000000
256.000000
272.000000
272.000000
272.000000
272.000000
256.000000
272.000000
272.000000
272.000000
272.000000
256.000000
272.000000
272.000000
272.000000
272.000000
200.000000
140.000000
200.000000
140.000000
200.000000
140.000000
200.000000
140.000000
200.000000
140.000000
200.000000
140.000000
80.000000
56.000000
200.000000
140.000000
200.000000
140.000000
200.000000
140.000000
200.000000
140.000000
200.000000
140.000000
200.000000
140.000000
80.000000
56.000000
200.000000
140.000000
200.000000
140.000000
200.000000
140.000000
200.000000
140.000000
200.000000
140.000000
200.000000
140.000000
80.000000
56.000000
200.000000
140.000000
200.000000
140.000000
200.000000
140.000000
200.000000
140.000000
200.000000
140.000000
200.000000
140.000000
80.000000
56.000000
32.000000
32.000000
256.000000
128.000000
32.000000
32.000000
256.000000
32.000000
32.000000
256.000000
32.000000
32.000000
128.000000
32.000000
32.000000
256.000000
128.000000
32.000000
32.000000
256.000000
32.000000
32.000000
256.000000
32.000000
32.000000
128.000000
32.000000
32.000000
256.000000
128.000000
32.000000
32.000000
256.000000
32.000000
32.000000
256.000000
32.000000
32.000000
128.000000
32.000000
32.000000
256.000000
128.000000
32.000000
32.000000
256.000000
32.000000
32.000000
256.000000
32.000000
32.000000
128.000000
120.000000
16.000000
16.000000
240.000000
16.000000
16.000000
240.000000
16.000000
16.000000
240.000000
16.000000
16.000000
120.000000
120.000000
32.000000
32.000000
240.000000
32.000000
32.000000
240.000000
32.000000
32.000000
240.000000
32.000000
32.000000
120.000000
120.000000
32.000000
32.000000
240.000000
32.000000
32.000000
240.000000
32.000000
32.000000
240.000000
32.000000
32.000000
120.000000
120.000000
32.000000
32.000000
240.000000
32.000000
32.000000
240.000000
32.000000
32.000000
240.000000
32.000000
32.000000
120.000000
120.000000
128.000000
240.000000
128.000000
240.000000
128.000000
240.000000
64.000000
120.000000
120.000000
240.000000
240.000000
240.000000
120.000000
64.000000
