#profile							
#zf	ug	vg	wfls	dqtdxls 	dqtqyls	dqtdtls	dthlrad
2.000	  10.00	0.000	0.000	0.000	0.000	0.000	0.000
6.000	  10.00	0.000	0.000	0.000	0.000	0.000	0.000
10.000	10.00	0.000	0.000	0.000	0.000	0.000	0.000
14.000	10.00	0.000	0.000	0.000	0.000	0.000	0.000
18.000	10.00	0.000	0.000	0.000	0.000	0.000	0.000
22.000	10.00	0.000	0.000	0.000	0.000	0.000	0.000
26.000	10.00	0.000	0.000	0.000	0.000	0.000	0.000
30.000	10.00	0.000	0.000	0.000	0.000	0.000	0.000
34.000	10.00	0.000	0.000	0.000	0.000	0.000	0.000
38.000	10.00	0.000	0.000	0.000	0.000	0.000	0.000
42.000	10.00	0.000	0.000	0.000	0.000	0.000	0.000
46.000	10.00	0.000	0.000	0.000	0.000	0.000	0.000
50.000	10.00	0.000	0.000	0.000	0.000	0.000	0.000
54.000	10.00	0.000	0.000	0.000	0.000	0.000	0.000
58.000	10.00	0.000	0.000	0.000	0.000	0.000	0.000
62.000	10.00	0.000	0.000	0.000	0.000	0.000	0.000
66.000	10.00	0.000	0.000	0.000	0.000	0.000	0.000
70.000	10.00	0.000	0.000	0.000	0.000	0.000	0.000
74.000	10.00	0.000	0.000	0.000	0.000	0.000	0.000
78.000	10.00	0.000	0.000	0.000	0.000	0.000	0.000
82.000	10.00	0.000	0.000	0.000	0.000	0.000	0.000
86.000	10.00	0.000	0.000	0.000	0.000	0.000	0.000
90.000	10.00	0.000	0.000	0.000	0.000	0.000	0.000
94.000	10.00	0.000	0.000	0.000	0.000	0.000	0.000
98.000	10.00	0.000	0.000	0.000	0.000	0.000	0.000
102.000	10.00	0.000	0.000	0.000	0.000	0.000	0.000
106.000	10.00	0.000	0.000	0.000	0.000	0.000	0.000
110.060	10.00	0.000	0.000	0.000	0.000	0.000	0.000
114.181	10.00	0.000	0.000	0.000	0.000	0.000	0.000
118.364	10.00	0.000	0.000	0.000	0.000	0.000	0.000
122.609	10.00	0.000	0.000	0.000	0.000	0.000	0.000
126.918	10.00	0.000	0.000	0.000	0.000	0.000	0.000
131.292	10.00	0.000	0.000	0.000	0.000	0.000	0.000
135.731	10.00	0.000	0.000	0.000	0.000	0.000	0.000
140.237	10.00	0.000	0.000	0.000	0.000	0.000	0.000
144.811	10.00	0.000	0.000	0.000	0.000	0.000	0.000
149.453	10.00	0.000	0.000	0.000	0.000	0.000	0.000
154.165	10.00	0.000	0.000	0.000	0.000	0.000	0.000
158.947	10.00	0.000	0.000	0.000	0.000	0.000	0.000
163.802	10.00	0.000	0.000	0.000	0.000	0.000	0.000
168.729	10.00	0.000	0.000	0.000	0.000	0.000	0.000
173.729	10.00	0.000	0.000	0.000	0.000	0.000	0.000
178.805	10.00	0.000	0.000	0.000	0.000	0.000	0.000
183.958	10.00	0.000	0.000	0.000	0.000	0.000	0.000
189.187	10.00	0.000	0.000	0.000	0.000	0.000	0.000
194.495	10.00	0.000	0.000	0.000	0.000	0.000	0.000
199.882	10.00	0.000	0.000	0.000	0.000	0.000	0.000
205.350	10.00	0.000	0.000	0.000	0.000	0.000	0.000
210.901	10.00	0.000	0.000	0.000	0.000	0.000	0.000
216.534	10.00	0.000	0.000	0.000	0.000	0.000	0.000
222.252	10.00	0.000	0.000	0.000	0.000	0.000	0.000
228.056	10.00	0.000	0.000	0.000	0.000	0.000	0.000
233.947	10.00	0.000	0.000	0.000	0.000	0.000	0.000
239.926	10.00	0.000	0.000	0.000	0.000	0.000	0.000
245.995	10.00	0.000	0.000	0.000	0.000	0.000	0.000
252.155	10.00	0.000	0.000	0.000	0.000	0.000	0.000
258.407	10.00	0.000	0.000	0.000	0.000	0.000	0.000
264.753	10.00	0.000	0.000	0.000	0.000	0.000	0.000
271.194	10.00	0.000	0.000	0.000	0.000	0.000	0.000
277.732	10.00	0.000	0.000	0.000	0.000	0.000	0.000
284.368	10.00	0.000	0.000	0.000	0.000	0.000	0.000
291.104	10.00	0.000	0.000	0.000	0.000	0.000	0.000
297.940	10.00	0.000	0.000	0.000	0.000	0.000	0.000
304.880	10.00	0.000	0.000	0.000	0.000	0.000	0.000
311.923	10.00	0.000	0.000	0.000	0.000	0.000	0.000
319.072	10.00	0.000	0.000	0.000	0.000	0.000	0.000
326.328	10.00	0.000	0.000	0.000	0.000	0.000	0.000
333.693	10.00	0.000	0.000	0.000	0.000	0.000	0.000
341.168	10.00	0.000	0.000	0.000	0.000	0.000	0.000
348.755	10.00	0.000	0.000	0.000	0.000	0.000	0.000
356.457	10.00	0.000	0.000	0.000	0.000	0.000	0.000
364.274	10.00	0.000	0.000	0.000	0.000	0.000	0.000
372.208	10.00	0.000	0.000	0.000	0.000	0.000	0.000
380.261	10.00	0.000	0.000	0.000	0.000	0.000	0.000
388.435	10.00	0.000	0.000	0.000	0.000	0.000	0.000
396.731	10.00	0.000	0.000	0.000	0.000	0.000	0.000
405.152	10.00	0.000	0.000	0.000	0.000	0.000	0.000
413.700	10.00	0.000	0.000	0.000	0.000	0.000	0.000
422.375	10.00	0.000	0.000	0.000	0.000	0.000	0.000
431.181	10.00	0.000	0.000	0.000	0.000	0.000	0.000
440.118	10.00	0.000	0.000	0.000	0.000	0.000	0.000
449.190	10.00	0.000	0.000	0.000	0.000	0.000	0.000
458.398	10.00	0.000	0.000	0.000	0.000	0.000	0.000
467.744	10.00	0.000	0.000	0.000	0.000	0.000	0.000
477.230	10.00	0.000	0.000	0.000	0.000	0.000	0.000
486.859	10.00	0.000	0.000	0.000	0.000	0.000	0.000
496.631	10.00	0.000	0.000	0.000	0.000	0.000	0.000
506.551	10.00	0.000	0.000	0.000	0.000	0.000	0.000
516.619	10.00	0.000	0.000	0.000	0.000	0.000	0.000
526.839	10.00	0.000	0.000	0.000	0.000	0.000	0.000
537.211	10.00	0.000	0.000	0.000	0.000	0.000	0.000
547.739	10.00	0.000	0.000	0.000	0.000	0.000	0.000
558.425	10.00	0.000	0.000	0.000	0.000	0.000	0.000
569.272	10.00	0.000	0.000	0.000	0.000	0.000	0.000
580.281	10.00	0.000	0.000	0.000	0.000	0.000	0.000
591.455	10.00	0.000	0.000	0.000	0.000	0.000	0.000

