#profile					
#zf	thl	qt	u	v	tke
2.000	    290.012	0.005	10.00	0.000	1.000
6.000	    290.036	0.005	10.00	0.000	1.000
10.000	  290.060	0.005	10.00	0.000	1.000
14.000	  290.084	0.005	10.00	0.000	1.000
18.000	  290.108	0.005	10.00	0.000	1.000
22.000	  290.132	0.005	10.00	0.000	1.000
26.000	  290.156	0.005	10.00	0.000	1.000
30.000	  290.180	0.005	10.00	0.000	1.000
34.000	  290.204	0.005	10.00	0.000	1.000
38.000	  290.228	0.005	10.00	0.000	1.000
42.000	  290.252	0.005	10.00	0.000	1.000
46.000	  290.276	0.005	10.00	0.000	1.000
50.000	  290.300	0.005	10.00	0.000	1.000
54.000	  290.324	0.005	10.00	0.000	1.000
58.000	  290.348	0.005	10.00	0.000	1.000
62.000	  290.372	0.005	10.00	0.000	1.000
66.000	  290.396	0.005	10.00	0.000	1.000
70.000	  290.420	0.005	10.00	0.000	1.000
74.000	  290.444	0.005	10.00	0.000	1.000
78.000	  290.468	0.005	10.00	0.000	1.000
82.000	  290.492	0.005	10.00	0.000	1.000
86.000	  290.516	0.005	10.00	0.000	1.000
90.000	  290.540	0.005	10.00	0.000	1.000
94.000	  290.564	0.005	10.00	0.000	1.000
98.000	  290.588	0.005	10.00	0.000	1.000
102.000	  290.612	0.005	10.00	0.000	1.000
106.000	  290.636	0.005	10.00	0.000	1.000
110.060	  290.660	0.005	10.00	0.000	1.000
114.181	  290.685	0.005	10.00	0.000	1.000
118.364	  290.710	0.005	10.00	0.000	1.000
122.609	  290.736	0.005	10.00	0.000	1.000
126.918	  290.762	0.005	10.00	0.000	1.000
131.292	  290.788	0.005	10.00	0.000	1.000
135.731	  290.814	0.005	10.00	0.000	1.000
140.237	  290.841	0.005	10.00	0.000	1.000
144.811	  290.869	0.005	10.00	0.000	1.000
149.453	  290.897	0.005	10.00	0.000	1.000
154.165	  290.925	0.005	10.00	0.000	1.000
158.947	  290.954	0.005	10.00	0.000	1.000
163.802	  290.983	0.005	10.00	0.000	1.000
168.729	  291.012	0.005	10.00	0.000	1.000
173.729	  291.042	0.005	10.00	0.000	1.000
178.805	  291.073	0.005	10.00	0.000	1.000
183.958	  291.104	0.005	10.00	0.000	1.000
189.187	  291.135	0.005	10.00	0.000	1.000
194.495	  291.167	0.005	10.00	0.000	1.000
199.882	  291.199	0.005	10.00	0.000	1.000
205.350	  291.232	0.005	10.00	0.000	1.000
210.901	  291.265	0.005	10.00	0.000	1.000
216.534	  291.299	0.005	10.00	0.000	1.000
222.252	  291.334	0.005	10.00	0.000	1.000
228.056	  291.368	0.005	10.00	0.000	1.000
233.947	  291.404	0.005	10.00	0.000	1.000
239.926	  291.440	0.005	10.00	0.000	1.000
245.995	  291.476	0.005	10.00	0.000	1.000
252.155	  291.513	0.005	10.00	0.000	1.000
258.407	  291.550	0.005	10.00	0.000	1.000
264.753	  291.589	0.005	10.00	0.000	1.000
271.194	  291.627	0.005	10.00	0.000	1.000
277.732	  291.666	0.005	10.00	0.000	1.000
284.368	  291.706	0.005	10.00	0.000	1.000
291.104	  291.747	0.005	10.00	0.000	1.000
297.940	  291.788	0.005	10.00	0.000	1.000
304.880	  291.829	0.005	10.00	0.000	1.000

