 # large_scale forcing terms ATEX 27-7-2006
#  height ug vg wfls dqtdxls dqtdyls dqtdtls dthlrad
 +2.50000e+01  -1.09250e+01  -1.98333e+00  -9.85000e-05  +0.00000e+00  +0.00000e+00  -1.55600e-08  -3.45492e-05
 +7.50000e+01  -1.07750e+01  -1.95000e+00  -2.95500e-04  +0.00000e+00  +0.00000e+00  -1.50800e-08  -3.41975e-05
 +1.25000e+02  -1.06250e+01  -1.91667e+00  -4.92500e-04  +0.00000e+00  +0.00000e+00  -1.46000e-08  -3.38458e-05
 +1.75000e+02  -1.04750e+01  -1.86364e+00  -6.89591e-04  +0.00000e+00  +0.00000e+00  -1.41208e-08  -3.34945e-05
 +2.25000e+02  -1.03250e+01  -1.79091e+00  -8.86773e-04  +0.00000e+00  +0.00000e+00  -1.36423e-08  -3.31436e-05
 +2.75000e+02  -1.01750e+01  -1.71818e+00  -1.08395e-03  +0.00000e+00  +0.00000e+00  -1.31639e-08  -3.27927e-05
 +3.25000e+02  -1.00250e+01  -1.64545e+00  -1.28114e-03  +0.00000e+00  +0.00000e+00  -1.26854e-08  -3.24418e-05
 +3.75000e+02  -9.87500e+00  -1.57273e+00  -1.47832e-03  +0.00000e+00  +0.00000e+00  -1.22070e-08  -3.20909e-05
 +4.25000e+02  -9.72500e+00  -1.50000e+00  -1.67550e-03  +0.00000e+00  +0.00000e+00  -1.17285e-08  -3.17400e-05
 +4.75000e+02  -9.57500e+00  -1.42727e+00  -1.87268e-03  +0.00000e+00  +0.00000e+00  -1.12500e-08  -3.13891e-05
 +5.25000e+02  -9.42500e+00  -1.35455e+00  -2.06986e-03  +0.00000e+00  +0.00000e+00  -1.07716e-08  -3.10382e-05
 +5.75000e+02  -9.27500e+00  -1.28182e+00  -2.26705e-03  +0.00000e+00  +0.00000e+00  -1.02931e-08  -3.06873e-05
 +6.25000e+02  -9.12500e+00  -1.20909e+00  -2.46423e-03  +0.00000e+00  +0.00000e+00  -9.81468e-09  -3.03364e-05
 +6.75000e+02  -8.97500e+00  -1.13636e+00  -2.66141e-03  +0.00000e+00  +0.00000e+00  -9.33623e-09  -2.99855e-05
 +7.25000e+02  -8.82500e+00  -1.05000e+00  -2.85500e-03  +0.00000e+00  +0.00000e+00  -8.85750e-09  -2.96350e-05
 +7.75000e+02  -8.66667e+00  -9.67222e-01  -3.04861e-03  +0.00000e+00  +0.00000e+00  -8.37861e-09  -2.92847e-05
 +8.25000e+02  -8.50000e+00  -9.01667e-01  -3.24583e-03  +0.00000e+00  +0.00000e+00  -7.89983e-09  -2.89342e-05
 +8.75000e+02  -8.33333e+00  -8.36111e-01  -3.44306e-03  +0.00000e+00  +0.00000e+00  -7.42106e-09  -2.85836e-05
 +9.25000e+02  -8.16667e+00  -7.70556e-01  -3.64028e-03  +0.00000e+00  +0.00000e+00  -6.94228e-09  -2.82331e-05
 +9.75000e+02  -8.00000e+00  -7.05000e-01  -3.83750e-03  +0.00000e+00  +0.00000e+00  -6.46350e-09  -2.78825e-05
 +1.02500e+03  -7.83333e+00  -6.39444e-01  -4.03472e-03  +0.00000e+00  +0.00000e+00  -5.98472e-09  -2.75319e-05
 +1.07500e+03  -7.66667e+00  -5.73889e-01  -4.23194e-03  +0.00000e+00  +0.00000e+00  -5.50594e-09  -2.71814e-05
 +1.12500e+03  -7.50000e+00  -5.08333e-01  -4.42917e-03  +0.00000e+00  +0.00000e+00  -5.02717e-09  -2.68308e-05
 +1.17500e+03  -7.33333e+00  -4.42778e-01  -4.62639e-03  +0.00000e+00  +0.00000e+00  -4.54839e-09  -2.64803e-05
 +1.22500e+03  -7.16667e+00  -3.77222e-01  -4.82361e-03  +0.00000e+00  +0.00000e+00  -4.06961e-09  -2.61297e-05
 +1.27500e+03  -7.00000e+00  -3.11667e-01  -5.02083e-03  +0.00000e+00  +0.00000e+00  -3.59083e-09  -2.57792e-05
 +1.32500e+03  -6.83333e+00  -2.46111e-01  -5.21806e-03  +0.00000e+00  +0.00000e+00  -3.11206e-09  -2.54286e-05
 +1.37500e+03  -6.66667e+00  -1.80556e-01  -5.41528e-03  +0.00000e+00  +0.00000e+00  -2.63328e-09  -2.50781e-05
 +1.42500e+03  -6.50000e+00  -1.15000e-01  -5.61250e-03  +0.00000e+00  +0.00000e+00  -2.15450e-09  -2.47275e-05
 +1.47500e+03  -6.33333e+00  -4.94444e-02  -5.80972e-03  +0.00000e+00  +0.00000e+00  -1.67572e-09  -2.43769e-05
 +1.52500e+03  -6.16667e+00  +1.61111e-02  -6.00694e-03  +0.00000e+00  +0.00000e+00  -1.19694e-09  -2.40264e-05
 +1.57500e+03  -6.00000e+00  +8.16667e-02  -6.20417e-03  +0.00000e+00  +0.00000e+00  -7.18167e-10  -2.36758e-05
 +1.62500e+03  -5.83333e+00  +1.47222e-01  -6.40139e-03  +0.00000e+00  +0.00000e+00  -2.39389e-10  -2.33253e-05
 +1.67500e+03  -5.67833e+00  +2.07500e-01  -5.95833e-03  +0.00000e+00  +0.00000e+00  +0.00000e+00  -2.12208e-05
 +1.72500e+03  -5.53500e+00  +2.62500e-01  -4.87500e-03  +0.00000e+00  +0.00000e+00  +0.00000e+00  -1.73625e-05
 +1.77500e+03  -5.39167e+00  +3.17500e-01  -3.79167e-03  +0.00000e+00  +0.00000e+00  +0.00000e+00  -1.35042e-05
 +1.82500e+03  -5.24833e+00  +3.72500e-01  -2.70833e-03  +0.00000e+00  +0.00000e+00  +0.00000e+00  -9.64583e-06
 +1.87500e+03  -5.10500e+00  +4.27500e-01  -1.62500e-03  +0.00000e+00  +0.00000e+00  +0.00000e+00  -5.78750e-06
 +1.92500e+03  -4.96167e+00  +4.82500e-01  -5.41667e-04  +0.00000e+00  +0.00000e+00  +0.00000e+00  -1.92917e-06
 +1.97500e+03  -4.81817e+00  +5.37317e-01  +0.00000e+00  +0.00000e+00  +0.00000e+00  +0.00000e+00  +0.00000e+00
 +2.02500e+03  -4.67451e+00  +5.91951e-01  +0.00000e+00  +0.00000e+00  +0.00000e+00  +0.00000e+00  +0.00000e+00
 +2.07500e+03  -4.53085e+00  +6.46585e-01  +0.00000e+00  +0.00000e+00  +0.00000e+00  +0.00000e+00  +0.00000e+00
 +2.12500e+03  -4.38720e+00  +7.01219e-01  +0.00000e+00  +0.00000e+00  +0.00000e+00  +0.00000e+00  +0.00000e+00
 +2.17500e+03  -4.24354e+00  +7.55854e-01  +0.00000e+00  +0.00000e+00  +0.00000e+00  +0.00000e+00  +0.00000e+00
 +2.22500e+03  -4.09988e+00  +8.10488e-01  +0.00000e+00  +0.00000e+00  +0.00000e+00  +0.00000e+00  +0.00000e+00
 +2.27500e+03  -3.95622e+00  +8.65122e-01  +0.00000e+00  +0.00000e+00  +0.00000e+00  +0.00000e+00  +0.00000e+00
 +2.32500e+03  -3.81256e+00  +9.19756e-01  +0.00000e+00  +0.00000e+00  +0.00000e+00  +0.00000e+00  +0.00000e+00
 +2.37500e+03  -3.66890e+00  +9.74390e-01  +0.00000e+00  +0.00000e+00  +0.00000e+00  +0.00000e+00  +0.00000e+00
 +2.42500e+03  -3.52524e+00  +1.02902e+00  +0.00000e+00  +0.00000e+00  +0.00000e+00  +0.00000e+00  +0.00000e+00
 +2.47500e+03  -3.38159e+00  +1.08366e+00  +0.00000e+00  +0.00000e+00  +0.00000e+00  +0.00000e+00  +0.00000e+00
 +2.52500e+03  -3.23793e+00  +1.13829e+00  +0.00000e+00  +0.00000e+00  +0.00000e+00  +0.00000e+00  +0.00000e+00
 +2.57500e+03  -3.09427e+00  +1.19293e+00  +0.00000e+00  +0.00000e+00  +0.00000e+00  +0.00000e+00  +0.00000e+00
 +2.62500e+03  -2.95061e+00  +1.24756e+00  +0.00000e+00  +0.00000e+00  +0.00000e+00  +0.00000e+00  +0.00000e+00
 +2.67500e+03  -2.80695e+00  +1.30220e+00  +0.00000e+00  +0.00000e+00  +0.00000e+00  +0.00000e+00  +0.00000e+00
 +2.72500e+03  -2.66329e+00  +1.35683e+00  +0.00000e+00  +0.00000e+00  +0.00000e+00  +0.00000e+00  +0.00000e+00
 +2.77500e+03  -2.51963e+00  +1.41146e+00  +0.00000e+00  +0.00000e+00  +0.00000e+00  +0.00000e+00  +0.00000e+00
 +2.82500e+03  -2.37598e+00  +1.46610e+00  +0.00000e+00  +0.00000e+00  +0.00000e+00  +0.00000e+00  +0.00000e+00
 +2.87500e+03  -2.23232e+00  +1.52073e+00  +0.00000e+00  +0.00000e+00  +0.00000e+00  +0.00000e+00  +0.00000e+00
 +2.92500e+03  -2.08866e+00  +1.57537e+00  +0.00000e+00  +0.00000e+00  +0.00000e+00  +0.00000e+00  +0.00000e+00
 +2.97500e+03  -1.94500e+00  +1.63000e+00  +0.00000e+00  +0.00000e+00  +0.00000e+00  +0.00000e+00  +0.00000e+00
 +3.02500e+03  -1.80134e+00  +1.68463e+00  +0.00000e+00  +0.00000e+00  +0.00000e+00  +0.00000e+00  +0.00000e+00
 +3.07500e+03  -1.65768e+00  +1.73927e+00  +0.00000e+00  +0.00000e+00  +0.00000e+00  +0.00000e+00  +0.00000e+00
 +3.12500e+03  -1.51402e+00  +1.79390e+00  +0.00000e+00  +0.00000e+00  +0.00000e+00  +0.00000e+00  +0.00000e+00
 +3.17500e+03  -1.37037e+00  +1.84854e+00  +0.00000e+00  +0.00000e+00  +0.00000e+00  +0.00000e+00  +0.00000e+00
 +3.22500e+03  -1.22671e+00  +1.90317e+00  +0.00000e+00  +0.00000e+00  +0.00000e+00  +0.00000e+00  +0.00000e+00
 +3.27500e+03  -1.08305e+00  +1.95780e+00  +0.00000e+00  +0.00000e+00  +0.00000e+00  +0.00000e+00  +0.00000e+00
 +3.32500e+03  -9.39390e-01  +2.01244e+00  +0.00000e+00  +0.00000e+00  +0.00000e+00  +0.00000e+00  +0.00000e+00
 +3.37500e+03  -7.95732e-01  +2.06707e+00  +0.00000e+00  +0.00000e+00  +0.00000e+00  +0.00000e+00  +0.00000e+00
 +3.42500e+03  -6.52073e-01  +2.12171e+00  +0.00000e+00  +0.00000e+00  +0.00000e+00  +0.00000e+00  +0.00000e+00
 +3.47500e+03  -5.08415e-01  +2.17634e+00  +0.00000e+00  +0.00000e+00  +0.00000e+00  +0.00000e+00  +0.00000e+00
 +3.52500e+03  -3.64756e-01  +2.23098e+00  +0.00000e+00  +0.00000e+00  +0.00000e+00  +0.00000e+00  +0.00000e+00
 +3.57500e+03  -2.21098e-01  +2.28561e+00  +0.00000e+00  +0.00000e+00  +0.00000e+00  +0.00000e+00  +0.00000e+00
 +3.62500e+03  -7.74390e-02  +2.34024e+00  +0.00000e+00  +0.00000e+00  +0.00000e+00  +0.00000e+00  +0.00000e+00
 +3.67500e+03  +6.62195e-02  +2.39488e+00  +0.00000e+00  +0.00000e+00  +0.00000e+00  +0.00000e+00  +0.00000e+00
 +3.72500e+03  +2.09878e-01  +2.44951e+00  +0.00000e+00  +0.00000e+00  +0.00000e+00  +0.00000e+00  +0.00000e+00
 +3.77500e+03  +3.53537e-01  +2.50415e+00  +0.00000e+00  +0.00000e+00  +0.00000e+00  +0.00000e+00  +0.00000e+00
 +3.82500e+03  +4.97195e-01  +2.55878e+00  +0.00000e+00  +0.00000e+00  +0.00000e+00  +0.00000e+00  +0.00000e+00
 +3.87500e+03  +6.40854e-01  +2.61341e+00  +0.00000e+00  +0.00000e+00  +0.00000e+00  +0.00000e+00  +0.00000e+00
 +3.92500e+03  +7.84512e-01  +2.66805e+00  +0.00000e+00  +0.00000e+00  +0.00000e+00  +0.00000e+00  +0.00000e+00
 +3.97500e+03  +9.28171e-01  +2.72268e+00  +0.00000e+00  +0.00000e+00  +0.00000e+00  +0.00000e+00  +0.00000e+00
