 # ATEX 27-7-06
# zf thl qt u v tke
+2.50000e+01  +2.95750e+02  +1.29167e-02  -8.00000e+00  -1.98333e+00  +1.00000e-01
 +7.50000e+01  +2.95750e+02  +1.27500e-02  -8.00000e+00  -1.95000e+00  +1.00000e-01
 +1.25000e+02  +2.95750e+02  +1.25833e-02  -8.00000e+00  -1.91667e+00  +1.00000e-01
 +1.75000e+02  +2.95750e+02  +1.25000e-02  -8.00000e+00  -1.86364e+00  +1.00000e-01
 +2.25000e+02  +2.95750e+02  +1.25000e-02  -8.00000e+00  -1.79091e+00  +1.00000e-01
 +2.75000e+02  +2.95750e+02  +1.25000e-02  -8.00000e+00  -1.71818e+00  +1.00000e-01
 +3.25000e+02  +2.95750e+02  +1.25000e-02  -8.00000e+00  -1.64545e+00  +1.00000e-01
 +3.75000e+02  +2.95750e+02  +1.25000e-02  -8.00000e+00  -1.57273e+00  +1.00000e-01
 +4.25000e+02  +2.95750e+02  +1.25000e-02  -8.00000e+00  -1.50000e+00  +1.00000e-01
 +4.75000e+02  +2.95750e+02  +1.25000e-02  -8.00000e+00  -1.42727e+00  +1.00000e-01
 +5.25000e+02  +2.95750e+02  +1.25000e-02  -8.00000e+00  -1.35455e+00  +1.00000e-01
 +5.75000e+02  +2.95750e+02  +1.25000e-02  -8.00000e+00  -1.28182e+00  +1.00000e-01
 +6.25000e+02  +2.95750e+02  +1.25000e-02  -8.00000e+00  -1.20909e+00  +1.00000e-01
 +6.75000e+02  +2.95750e+02  +1.25000e-02  -8.00000e+00  -1.13636e+00  +1.00000e-01
 +7.25000e+02  +2.95938e+02  +1.20000e-02  -8.00000e+00  -1.05000e+00  +1.00000e-01
 +7.75000e+02  +2.96421e+02  +1.13050e-02  -8.00000e+00  -9.67200e-01  +1.00000e-01
 +8.25000e+02  +2.97012e+02  +1.09150e-02  -8.00000e+00  -9.01600e-01  +1.00000e-01
 +8.75000e+02  +2.97602e+02  +1.05250e-02  -8.00000e+00  -8.36000e-01  +1.00000e-01
 +9.25000e+02  +2.98193e+02  +1.01350e-02  -8.00000e+00  -7.70400e-01  +1.00000e-01
 +9.75000e+02  +2.98784e+02  +9.74500e-03  -8.00000e+00  -7.04800e-01  +1.00000e-01
 +1.02500e+03  +2.99375e+02  +9.35577e-03  -7.91346e+00  -6.39231e-01  +1.00000e-01
 +1.07500e+03  +2.99965e+02  +8.96731e-03  -7.74038e+00  -5.73692e-01  +1.00000e-01
 +1.12500e+03  +3.00555e+02  +8.57885e-03  -7.56731e+00  -5.08154e-01  +1.00000e-01
 +1.17500e+03  +3.01145e+02  +8.19038e-03  -7.39423e+00  -4.42615e-01  +1.00000e-01
 +1.22500e+03  +3.01735e+02  +7.80192e-03  -7.22115e+00  -3.77077e-01  +1.00000e-01
 +1.27500e+03  +3.02325e+02  +7.41346e-03  -7.04808e+00  -3.11538e-01  +1.00000e-01
 +1.32500e+03  +3.02915e+02  +7.02500e-03  -6.87500e+00  -2.46000e-01  +1.00000e-01
 +1.37500e+03  +3.03505e+02  +6.63654e-03  -6.70192e+00  -1.80462e-01  +1.00000e-01
 +1.42500e+03  +3.04095e+02  +6.24808e-03  -6.52885e+00  -1.14923e-01  +1.00000e-01
 +1.47500e+03  +3.04685e+02  +5.85962e-03  -6.35577e+00  -4.93846e-02  +1.00000e-01
 +1.52500e+03  +3.05275e+02  +5.47115e-03  -6.18269e+00  +1.61539e-02  +1.00000e-01
 +1.57500e+03  +3.05865e+02  +5.08269e-03  -6.00962e+00  +8.16923e-02  +1.00000e-01
 +1.62500e+03  +3.06455e+02  +4.69423e-03  -5.83654e+00  +1.47231e-01  +1.00000e-01
 +1.67500e+03  +3.06837e+02  +4.50000e-03  -5.67819e+00  +2.07340e-01  +1.00000e-01
 +1.72500e+03  +3.07013e+02  +4.50000e-03  -5.53457e+00  +2.62021e-01  +1.00000e-01
 +1.77500e+03  +3.07188e+02  +4.50000e-03  -5.39096e+00  +3.16702e-01  +1.00000e-01
 +1.82500e+03  +3.07362e+02  +4.50000e-03  -5.24734e+00  +3.71383e-01  +1.00000e-01
 +1.87500e+03  +3.07538e+02  +4.50000e-03  -5.10372e+00  +4.26064e-01  +1.00000e-01
 +1.92500e+03  +3.07712e+02  +4.50000e-03  -4.96011e+00  +4.80745e-01  +1.00000e-01
 +1.97500e+03  +3.07888e+02  +4.50000e-03  -4.81649e+00  +5.35426e-01  +1.00000e-01
 +2.02500e+03  +3.08062e+02  +4.50000e-03  -4.67287e+00  +5.90106e-01  +1.00000e-01
 +2.07500e+03  +3.08237e+02  +4.50000e-03  -4.52926e+00  +6.44787e-01  +1.00000e-01
 +2.12500e+03  +3.08413e+02  +4.50000e-03  -4.38564e+00  +6.99468e-01  +1.00000e-01
 +2.17500e+03  +3.08587e+02  +4.50000e-03  -4.24202e+00  +7.54149e-01  +1.00000e-01
 +2.22500e+03  +3.08763e+02  +4.50000e-03  -4.09840e+00  +8.08830e-01  +1.00000e-01
 +2.27500e+03  +3.08938e+02  +4.50000e-03  -3.95479e+00  +8.63511e-01  +1.00000e-01
 +2.32500e+03  +3.09112e+02  +4.50000e-03  -3.81117e+00  +9.18191e-01  +1.00000e-01
 +2.37500e+03  +3.09288e+02  +4.50000e-03  -3.66755e+00  +9.72872e-01  +1.00000e-01
 +2.42500e+03  +3.09462e+02  +4.50000e-03  -3.52394e+00  +1.02755e+00  +1.00000e-01
 +2.47500e+03  +3.09638e+02  +4.50000e-03  -3.38032e+00  +1.08223e+00  +1.00000e-01
 +2.52500e+03  +3.09812e+02  +4.50000e-03  -3.23670e+00  +1.13691e+00  +1.00000e-01
 +2.57500e+03  +3.09987e+02  +4.50000e-03  -3.09309e+00  +1.19160e+00  +1.00000e-01
 +2.62500e+03  +3.10163e+02  +4.50000e-03  -2.94947e+00  +1.24628e+00  +1.00000e-01
 +2.67500e+03  +3.10337e+02  +4.50000e-03  -2.80585e+00  +1.30096e+00  +1.00000e-01
 +2.72500e+03  +3.10513e+02  +4.50000e-03  -2.66223e+00  +1.35564e+00  +1.00000e-01
 +2.77500e+03  +3.10688e+02  +4.50000e-03  -2.51862e+00  +1.41032e+00  +1.00000e-01
 +2.82500e+03  +3.10862e+02  +4.50000e-03  -2.37500e+00  +1.46500e+00  +1.00000e-01
 +2.87500e+03  +3.11038e+02  +4.50000e-03  -2.23138e+00  +1.51968e+00  +1.00000e-01
 +2.92500e+03  +3.11212e+02  +4.50000e-03  -2.08777e+00  +1.57436e+00  +1.00000e-01
 +2.97500e+03  +3.11388e+02  +4.50000e-03  -1.94415e+00  +1.62904e+00  +1.00000e-01
 +3.02500e+03  +3.11562e+02  +4.50000e-03  -1.80053e+00  +1.68372e+00  +1.00000e-01
 +3.07500e+03  +3.11738e+02  +4.50000e-03  -1.65691e+00  +1.73840e+00  +1.00000e-01
 +3.12500e+03  +3.11913e+02  +4.50000e-03  -1.51330e+00  +1.79309e+00  +1.00000e-01
 +3.17500e+03  +3.12087e+02  +4.50000e-03  -1.36968e+00  +1.84777e+00  +1.00000e-01
 +3.22500e+03  +3.12263e+02  +4.50000e-03  -1.22606e+00  +1.90245e+00  +1.00000e-01
 +3.27500e+03  +3.12438e+02  +4.50000e-03  -1.08245e+00  +1.95713e+00  +1.00000e-01
 +3.32500e+03  +3.12613e+02  +4.50000e-03  -9.38830e-01  +2.01181e+00  +1.00000e-01
 +3.37500e+03  +3.12788e+02  +4.50000e-03  -7.95213e-01  +2.06649e+00  +1.00000e-01
 +3.42500e+03  +3.12962e+02  +4.50000e-03  -6.51596e-01  +2.12117e+00  +1.00000e-01
 +3.47500e+03  +3.13138e+02  +4.50000e-03  -5.07979e-01  +2.17585e+00  +1.00000e-01
 +3.52500e+03  +3.13312e+02  +4.50000e-03  -3.64362e-01  +2.23053e+00  +1.00000e-01
 +3.57500e+03  +3.13488e+02  +4.50000e-03  -2.20745e-01  +2.28521e+00  +1.00000e-01
 +3.62500e+03  +3.13663e+02  +4.50000e-03  -7.71277e-02  +2.33989e+00  +1.00000e-01
 +3.67500e+03  +3.13837e+02  +4.50000e-03  +6.64894e-02  +2.39457e+00  +1.00000e-01
 +3.72500e+03  +3.14013e+02  +4.50000e-03  +2.10106e-01  +2.44926e+00  +1.00000e-01
 +3.77500e+03  +3.14188e+02  +4.50000e-03  +3.53723e-01  +2.50394e+00  +1.00000e-01
 +3.82500e+03  +3.14363e+02  +4.50000e-03  +4.97340e-01  +2.55862e+00  +1.00000e-01
 +3.87500e+03  +3.14538e+02  +4.50000e-03  +6.40957e-01  +2.61330e+00  +1.00000e-01
 +3.92500e+03  +3.14712e+02  +4.50000e-03  +7.84574e-01  +2.66798e+00  +1.00000e-01
 +3.97500e+03  +3.14888e+02  +4.50000e-03  +9.28191e-01  +2.72266e+00  +1.00000e-01
