# SDBL flow 
# z uq vq pqx pqy wfls dqtdxls dqtdyls dqtdtls dthlrad      
0.500000000000000    8.000000     0.000000     0.000000     0.000000     0.000000000     0.000000     0.000000     0.000000     0.000000000000   
1.500000000000000    8.000000     0.000000     0.000000     0.000000     0.000000000     0.000000     0.000000     0.000000     0.000000000000   
2.500000000000000    8.000000     0.000000     0.000000     0.000000     0.000000000     0.000000     0.000000     0.000000     0.000000000000   
3.500000000000000    8.000000     0.000000     0.000000     0.000000     0.000000000     0.000000     0.000000     0.000000     0.000000000000   
4.500000000000000    8.000000     0.000000     0.000000     0.000000     0.000000000     0.000000     0.000000     0.000000     0.000000000000   
5.500000000000000    8.000000     0.000000     0.000000     0.000000     0.000000000     0.000000     0.000000     0.000000     0.000000000000   
6.500000000000000    8.000000     0.000000     0.000000     0.000000     0.000000000     0.000000     0.000000     0.000000     0.000000000000   
7.500000000000000    8.000000     0.000000     0.000000     0.000000     0.000000000     0.000000     0.000000     0.000000     0.000000000000   
8.500000000000000    8.000000     0.000000     0.000000     0.000000     0.000000000     0.000000     0.000000     0.000000     0.000000000000   
9.500000000000000    8.000000     0.000000     0.000000     0.000000     0.000000000     0.000000     0.000000     0.000000     0.000000000000   
10.500000000000000   8.000000     0.000000     0.000000     0.000000     0.000000000     0.000000     0.000000     0.000000     0.000000000000   
11.500000000000000   8.000000     0.000000     0.000000     0.000000     0.000000000     0.000000     0.000000     0.000000     0.000000000000   
12.500000000000000   8.000000     0.000000     0.000000     0.000000     0.000000000     0.000000     0.000000     0.000000     0.000000000000   
13.500000000000000   8.000000     0.000000     0.000000     0.000000     0.000000000     0.000000     0.000000     0.000000     0.000000000000   
14.500000000000000   8.000000     0.000000     0.000000     0.000000     0.000000000     0.000000     0.000000     0.000000     0.000000000000   
15.500000000000000   8.000000     0.000000     0.000000     0.000000     0.000000000     0.000000     0.000000     0.000000     0.000000000000   
