# block location
#il    iu    jl     ju    kl    ku   corresp. facets
   5	  12	   5	  12	   1	   8	   1	   2	   3	   4	   5
   5	  12	  21	  28	   1	   8	   6	   7	   8	   9	  10
   5	  12	  37	  44	   1	   8	  11	  12	  13	  14	  15
   5	  12	  53	  60	   1	   8	  16	  17	  18	  19	  20
   5	  12	  69	  76	   1	   8	  21	  22	  23	  24	  25
   5	  12	  85	  92	   1	   8	  26	  27	  28	  29	  30
   5	  12	 101	 108	   1	   8	  31	  32	  33	  34	  35
   5	  12	 117	 124	   1	   8	  36	  37	  38	  39	  40
  21	  28	  13	  20	   1	   8	  41	  42	  43	  44	  45
  21	  28	  29	  36	   1	   8	  46	  47	  48	  49	  50
  21	  28	  45	  52	   1	   8	  51	  52	  53	  54	  55
  21	  28	  61	  68	   1	   8	  56	  57	  58	  59	  60
  21	  28	  77	  84	   1	   8	  61	  62	  63	  64	  65
  21	  28	  93	 100	   1	   8	  66	  67	  68	  69	  70
  21	  28	 109	 116	   1	   8	  71	  72	  73	  74	  75
  37	  44	   5	  12	   1	   8	  76	  77	  78	  79	  80
  37	  44	  21	  28	   1	   8	  81	  82	  83	  84	  85
  37	  44	  37	  44	   1	   8	  86	  87	  88	  89	  90
  37	  44	  53	  60	   1	   8	  91	  92	  93	  94	  95
  37	  44	  69	  76	   1	   8	  96	  97	  98	  99	 100
  37	  44	  85	  92	   1	   8	 101	 102	 103	 104	 105
  37	  44	 101	 108	   1	   8	 106	 107	 108	 109	 110
  37	  44	 117	 124	   1	   8	 111	 112	 113	 114	 115
  53	  60	  13	  20	   1	   8	 116	 117	 118	 119	 120
  53	  60	  29	  36	   1	   8	 121	 122	 123	 124	 125
  53	  60	  45	  52	   1	   8	 126	 127	 128	 129	 130
  53	  60	  61	  68	   1	   8	 131	 132	 133	 134	 135
  53	  60	  77	  84	   1	   8	 136	 137	 138	 139	 140
  53	  60	  93	 100	   1	   8	 141	 142	 143	 144	 145
  53	  60	 109	 116	   1	   8	 146	 147	 148	 149	 150
  69	  76	   5	  12	   1	   8	 151	 152	 153	 154	 155
  69	  76	  21	  28	   1	   8	 156	 157	 158	 159	 160
  69	  76	  37	  44	   1	   8	 161	 162	 163	 164	 165
  69	  76	  53	  60	   1	   8	 166	 167	 168	 169	 170
  69	  76	  69	  76	   1	   8	 171	 172	 173	 174	 175
  69	  76	  85	  92	   1	   8	 176	 177	 178	 179	 180
  69	  76	 101	 108	   1	   8	 181	 182	 183	 184	 185
  69	  76	 117	 124	   1	   8	 186	 187	 188	 189	 190
  85	  92	  13	  20	   1	   8	 191	 192	 193	 194	 195
  85	  92	  29	  36	   1	   8	 196	 197	 198	 199	 200
  85	  92	  45	  52	   1	   8	 201	 202	 203	 204	 205
  85	  92	  61	  68	   1	   8	 206	 207	 208	 209	 210
  85	  92	  77	  84	   1	   8	 211	 212	 213	 214	 215
  85	  92	  93	 100	   1	   8	 216	 217	 218	 219	 220
  85	  92	 109	 116	   1	   8	 221	 222	 223	 224	 225
 101	 108	   5	  12	   1	   8	 226	 227	 228	 229	 230
 101	 108	  21	  28	   1	   8	 231	 232	 233	 234	 235
 101	 108	  37	  44	   1	   8	 236	 237	 238	 239	 240
 101	 108	  53	  60	   1	   8	 241	 242	 243	 244	 245
 101	 108	  69	  76	   1	   8	 246	 247	 248	 249	 250
 101	 108	  85	  92	   1	   8	 251	 252	 253	 254	 255
 101	 108	 101	 108	   1	   8	 256	 257	 258	 259	 260
 101	 108	 117	 124	   1	   8	 261	 262	 263	 264	 265
 117	 124	  13	  20	   1	   8	 266	 267	 268	 269	 270
 117	 124	  29	  36	   1	   8	 271	 272	 273	 274	 275
 117	 124	  45	  52	   1	   8	 276	 277	 278	 279	 280
 117	 124	  61	  68	   1	   8	 281	 282	 283	 284	 285
 117	 124	  77	  84	   1	   8	 286	 287	 288	 289	 290
 117	 124	  93	 100	   1	   8	 291	 292	 293	 294	 295
 117	 124	 109	 116	   1	   8	 296	 297	 298	 299	 300
   4	   4	   5	  12	   0	   0	 353	   0	   0	   0	   0
  13	  13	   5	  12	   0	   0	 354	   0	   0	   0	   0
   5	  12	  13	  13	   0	   0	 355	   0	   0	   0	   0
   5	  12	   4	   4	   0	   0	 356	   0	   0	   0	   0
   4	   4	  21	  28	   0	   0	 357	   0	   0	   0	   0
  13	  13	  21	  28	   0	   0	 358	   0	   0	   0	   0
   5	  12	  29	  29	   0	   0	 359	   0	   0	   0	   0
   5	  12	  20	  20	   0	   0	 360	   0	   0	   0	   0
   4	   4	  37	  44	   0	   0	 361	   0	   0	   0	   0
  13	  13	  37	  44	   0	   0	 362	   0	   0	   0	   0
   5	  12	  45	  45	   0	   0	 363	   0	   0	   0	   0
   5	  12	  36	  36	   0	   0	 364	   0	   0	   0	   0
   4	   4	  53	  60	   0	   0	 365	   0	   0	   0	   0
  13	  13	  53	  60	   0	   0	 366	   0	   0	   0	   0
   5	  12	  61	  61	   0	   0	 367	   0	   0	   0	   0
   5	  12	  52	  52	   0	   0	 368	   0	   0	   0	   0
   4	   4	  69	  76	   0	   0	 369	   0	   0	   0	   0
  13	  13	  69	  76	   0	   0	 370	   0	   0	   0	   0
   5	  12	  77	  77	   0	   0	 371	   0	   0	   0	   0
   5	  12	  68	  68	   0	   0	 372	   0	   0	   0	   0
   4	   4	  85	  92	   0	   0	 373	   0	   0	   0	   0
  13	  13	  85	  92	   0	   0	 374	   0	   0	   0	   0
   5	  12	  93	  93	   0	   0	 375	   0	   0	   0	   0
   5	  12	  84	  84	   0	   0	 376	   0	   0	   0	   0
   4	   4	 101	 108	   0	   0	 377	   0	   0	   0	   0
  13	  13	 101	 108	   0	   0	 378	   0	   0	   0	   0
   5	  12	 109	 109	   0	   0	 379	   0	   0	   0	   0
   5	  12	 100	 100	   0	   0	 380	   0	   0	   0	   0
   4	   4	 117	 124	   0	   0	 381	   0	   0	   0	   0
  13	  13	 117	 124	   0	   0	 382	   0	   0	   0	   0
   5	  12	 125	 125	   0	   0	 383	   0	   0	   0	   0
   5	  12	 116	 116	   0	   0	 384	   0	   0	   0	   0
  20	  20	  13	  20	   0	   0	 385	   0	   0	   0	   0
  29	  29	  13	  20	   0	   0	 386	   0	   0	   0	   0
  21	  28	  21	  21	   0	   0	 387	   0	   0	   0	   0
  21	  28	  12	  12	   0	   0	 388	   0	   0	   0	   0
  20	  20	  29	  36	   0	   0	 389	   0	   0	   0	   0
  29	  29	  29	  36	   0	   0	 390	   0	   0	   0	   0
  21	  28	  37	  37	   0	   0	 391	   0	   0	   0	   0
  21	  28	  28	  28	   0	   0	 392	   0	   0	   0	   0
  20	  20	  45	  52	   0	   0	 393	   0	   0	   0	   0
  29	  29	  45	  52	   0	   0	 394	   0	   0	   0	   0
  21	  28	  53	  53	   0	   0	 395	   0	   0	   0	   0
  21	  28	  44	  44	   0	   0	 396	   0	   0	   0	   0
  20	  20	  61	  68	   0	   0	 397	   0	   0	   0	   0
  29	  29	  61	  68	   0	   0	 398	   0	   0	   0	   0
  21	  28	  69	  69	   0	   0	 399	   0	   0	   0	   0
  21	  28	  60	  60	   0	   0	 400	   0	   0	   0	   0
  20	  20	  77	  84	   0	   0	 401	   0	   0	   0	   0
  29	  29	  77	  84	   0	   0	 402	   0	   0	   0	   0
  21	  28	  85	  85	   0	   0	 403	   0	   0	   0	   0
  21	  28	  76	  76	   0	   0	 404	   0	   0	   0	   0
  20	  20	  93	 100	   0	   0	 405	   0	   0	   0	   0
  29	  29	  93	 100	   0	   0	 406	   0	   0	   0	   0
  21	  28	 101	 101	   0	   0	 407	   0	   0	   0	   0
  21	  28	  92	  92	   0	   0	 408	   0	   0	   0	   0
  20	  20	 109	 116	   0	   0	 409	   0	   0	   0	   0
  29	  29	 109	 116	   0	   0	 410	   0	   0	   0	   0
  21	  28	 117	 117	   0	   0	 411	   0	   0	   0	   0
  21	  28	 108	 108	   0	   0	 412	   0	   0	   0	   0
  36	  36	   5	  12	   0	   0	 413	   0	   0	   0	   0
  45	  45	   5	  12	   0	   0	 414	   0	   0	   0	   0
  37	  44	  13	  13	   0	   0	 415	   0	   0	   0	   0
  37	  44	   4	   4	   0	   0	 416	   0	   0	   0	   0
  36	  36	  21	  28	   0	   0	 417	   0	   0	   0	   0
  45	  45	  21	  28	   0	   0	 418	   0	   0	   0	   0
  37	  44	  29	  29	   0	   0	 419	   0	   0	   0	   0
  37	  44	  20	  20	   0	   0	 420	   0	   0	   0	   0
  36	  36	  37	  44	   0	   0	 421	   0	   0	   0	   0
  45	  45	  37	  44	   0	   0	 422	   0	   0	   0	   0
  37	  44	  45	  45	   0	   0	 423	   0	   0	   0	   0
  37	  44	  36	  36	   0	   0	 424	   0	   0	   0	   0
  36	  36	  53	  60	   0	   0	 425	   0	   0	   0	   0
  45	  45	  53	  60	   0	   0	 426	   0	   0	   0	   0
  37	  44	  61	  61	   0	   0	 427	   0	   0	   0	   0
  37	  44	  52	  52	   0	   0	 428	   0	   0	   0	   0
  36	  36	  69	  76	   0	   0	 429	   0	   0	   0	   0
  45	  45	  69	  76	   0	   0	 430	   0	   0	   0	   0
  37	  44	  77	  77	   0	   0	 431	   0	   0	   0	   0
  37	  44	  68	  68	   0	   0	 432	   0	   0	   0	   0
  36	  36	  85	  92	   0	   0	 433	   0	   0	   0	   0
  45	  45	  85	  92	   0	   0	 434	   0	   0	   0	   0
  37	  44	  93	  93	   0	   0	 435	   0	   0	   0	   0
  37	  44	  84	  84	   0	   0	 436	   0	   0	   0	   0
  36	  36	 101	 108	   0	   0	 437	   0	   0	   0	   0
  45	  45	 101	 108	   0	   0	 438	   0	   0	   0	   0
  37	  44	 109	 109	   0	   0	 439	   0	   0	   0	   0
  37	  44	 100	 100	   0	   0	 440	   0	   0	   0	   0
  36	  36	 117	 124	   0	   0	 441	   0	   0	   0	   0
  45	  45	 117	 124	   0	   0	 442	   0	   0	   0	   0
  37	  44	 125	 125	   0	   0	 443	   0	   0	   0	   0
  37	  44	 116	 116	   0	   0	 444	   0	   0	   0	   0
  52	  52	  13	  20	   0	   0	 445	   0	   0	   0	   0
  61	  61	  13	  20	   0	   0	 446	   0	   0	   0	   0
  53	  60	  21	  21	   0	   0	 447	   0	   0	   0	   0
  53	  60	  12	  12	   0	   0	 448	   0	   0	   0	   0
  52	  52	  29	  36	   0	   0	 449	   0	   0	   0	   0
  61	  61	  29	  36	   0	   0	 450	   0	   0	   0	   0
  53	  60	  37	  37	   0	   0	 451	   0	   0	   0	   0
  53	  60	  28	  28	   0	   0	 452	   0	   0	   0	   0
  52	  52	  45	  52	   0	   0	 453	   0	   0	   0	   0
  61	  61	  45	  52	   0	   0	 454	   0	   0	   0	   0
  53	  60	  53	  53	   0	   0	 455	   0	   0	   0	   0
  53	  60	  44	  44	   0	   0	 456	   0	   0	   0	   0
  52	  52	  61	  68	   0	   0	 457	   0	   0	   0	   0
  61	  61	  61	  68	   0	   0	 458	   0	   0	   0	   0
  53	  60	  69	  69	   0	   0	 459	   0	   0	   0	   0
  53	  60	  60	  60	   0	   0	 460	   0	   0	   0	   0
  52	  52	  77	  84	   0	   0	 461	   0	   0	   0	   0
  61	  61	  77	  84	   0	   0	 462	   0	   0	   0	   0
  53	  60	  85	  85	   0	   0	 463	   0	   0	   0	   0
  53	  60	  76	  76	   0	   0	 464	   0	   0	   0	   0
  52	  52	  93	 100	   0	   0	 465	   0	   0	   0	   0
  61	  61	  93	 100	   0	   0	 466	   0	   0	   0	   0
  53	  60	 101	 101	   0	   0	 467	   0	   0	   0	   0
  53	  60	  92	  92	   0	   0	 468	   0	   0	   0	   0
  52	  52	 109	 116	   0	   0	 469	   0	   0	   0	   0
  61	  61	 109	 116	   0	   0	 470	   0	   0	   0	   0
  53	  60	 117	 117	   0	   0	 471	   0	   0	   0	   0
  53	  60	 108	 108	   0	   0	 472	   0	   0	   0	   0
  68	  68	   5	  12	   0	   0	 473	   0	   0	   0	   0
  77	  77	   5	  12	   0	   0	 474	   0	   0	   0	   0
  69	  76	  13	  13	   0	   0	 475	   0	   0	   0	   0
  69	  76	   4	   4	   0	   0	 476	   0	   0	   0	   0
  68	  68	  21	  28	   0	   0	 477	   0	   0	   0	   0
  77	  77	  21	  28	   0	   0	 478	   0	   0	   0	   0
  69	  76	  29	  29	   0	   0	 479	   0	   0	   0	   0
  69	  76	  20	  20	   0	   0	 480	   0	   0	   0	   0
  68	  68	  37	  44	   0	   0	 481	   0	   0	   0	   0
  77	  77	  37	  44	   0	   0	 482	   0	   0	   0	   0
  69	  76	  45	  45	   0	   0	 483	   0	   0	   0	   0
  69	  76	  36	  36	   0	   0	 484	   0	   0	   0	   0
  68	  68	  53	  60	   0	   0	 485	   0	   0	   0	   0
  77	  77	  53	  60	   0	   0	 486	   0	   0	   0	   0
  69	  76	  61	  61	   0	   0	 487	   0	   0	   0	   0
  69	  76	  52	  52	   0	   0	 488	   0	   0	   0	   0
  68	  68	  69	  76	   0	   0	 489	   0	   0	   0	   0
  77	  77	  69	  76	   0	   0	 490	   0	   0	   0	   0
  69	  76	  77	  77	   0	   0	 491	   0	   0	   0	   0
  69	  76	  68	  68	   0	   0	 492	   0	   0	   0	   0
  68	  68	  85	  92	   0	   0	 493	   0	   0	   0	   0
  77	  77	  85	  92	   0	   0	 494	   0	   0	   0	   0
  69	  76	  93	  93	   0	   0	 495	   0	   0	   0	   0
  69	  76	  84	  84	   0	   0	 496	   0	   0	   0	   0
  68	  68	 101	 108	   0	   0	 497	   0	   0	   0	   0
  77	  77	 101	 108	   0	   0	 498	   0	   0	   0	   0
  69	  76	 109	 109	   0	   0	 499	   0	   0	   0	   0
  69	  76	 100	 100	   0	   0	 500	   0	   0	   0	   0
  68	  68	 117	 124	   0	   0	 501	   0	   0	   0	   0
  77	  77	 117	 124	   0	   0	 502	   0	   0	   0	   0
  69	  76	 125	 125	   0	   0	 503	   0	   0	   0	   0
  69	  76	 116	 116	   0	   0	 504	   0	   0	   0	   0
  84	  84	  13	  20	   0	   0	 505	   0	   0	   0	   0
  93	  93	  13	  20	   0	   0	 506	   0	   0	   0	   0
  85	  92	  21	  21	   0	   0	 507	   0	   0	   0	   0
  85	  92	  12	  12	   0	   0	 508	   0	   0	   0	   0
  84	  84	  29	  36	   0	   0	 509	   0	   0	   0	   0
  93	  93	  29	  36	   0	   0	 510	   0	   0	   0	   0
  85	  92	  37	  37	   0	   0	 511	   0	   0	   0	   0
  85	  92	  28	  28	   0	   0	 512	   0	   0	   0	   0
  84	  84	  45	  52	   0	   0	 513	   0	   0	   0	   0
  93	  93	  45	  52	   0	   0	 514	   0	   0	   0	   0
  85	  92	  53	  53	   0	   0	 515	   0	   0	   0	   0
  85	  92	  44	  44	   0	   0	 516	   0	   0	   0	   0
  84	  84	  61	  68	   0	   0	 517	   0	   0	   0	   0
  93	  93	  61	  68	   0	   0	 518	   0	   0	   0	   0
  85	  92	  69	  69	   0	   0	 519	   0	   0	   0	   0
  85	  92	  60	  60	   0	   0	 520	   0	   0	   0	   0
  84	  84	  77	  84	   0	   0	 521	   0	   0	   0	   0
  93	  93	  77	  84	   0	   0	 522	   0	   0	   0	   0
  85	  92	  85	  85	   0	   0	 523	   0	   0	   0	   0
  85	  92	  76	  76	   0	   0	 524	   0	   0	   0	   0
  84	  84	  93	 100	   0	   0	 525	   0	   0	   0	   0
  93	  93	  93	 100	   0	   0	 526	   0	   0	   0	   0
  85	  92	 101	 101	   0	   0	 527	   0	   0	   0	   0
  85	  92	  92	  92	   0	   0	 528	   0	   0	   0	   0
  84	  84	 109	 116	   0	   0	 529	   0	   0	   0	   0
  93	  93	 109	 116	   0	   0	 530	   0	   0	   0	   0
  85	  92	 117	 117	   0	   0	 531	   0	   0	   0	   0
  85	  92	 108	 108	   0	   0	 532	   0	   0	   0	   0
 100	 100	   5	  12	   0	   0	 533	   0	   0	   0	   0
 109	 109	   5	  12	   0	   0	 534	   0	   0	   0	   0
 101	 108	  13	  13	   0	   0	 535	   0	   0	   0	   0
 101	 108	   4	   4	   0	   0	 536	   0	   0	   0	   0
 100	 100	  21	  28	   0	   0	 537	   0	   0	   0	   0
 109	 109	  21	  28	   0	   0	 538	   0	   0	   0	   0
 101	 108	  29	  29	   0	   0	 539	   0	   0	   0	   0
 101	 108	  20	  20	   0	   0	 540	   0	   0	   0	   0
 100	 100	  37	  44	   0	   0	 541	   0	   0	   0	   0
 109	 109	  37	  44	   0	   0	 542	   0	   0	   0	   0
 101	 108	  45	  45	   0	   0	 543	   0	   0	   0	   0
 101	 108	  36	  36	   0	   0	 544	   0	   0	   0	   0
 100	 100	  53	  60	   0	   0	 545	   0	   0	   0	   0
 109	 109	  53	  60	   0	   0	 546	   0	   0	   0	   0
 101	 108	  61	  61	   0	   0	 547	   0	   0	   0	   0
 101	 108	  52	  52	   0	   0	 548	   0	   0	   0	   0
 100	 100	  69	  76	   0	   0	 549	   0	   0	   0	   0
 109	 109	  69	  76	   0	   0	 550	   0	   0	   0	   0
 101	 108	  77	  77	   0	   0	 551	   0	   0	   0	   0
 101	 108	  68	  68	   0	   0	 552	   0	   0	   0	   0
 100	 100	  85	  92	   0	   0	 553	   0	   0	   0	   0
 109	 109	  85	  92	   0	   0	 554	   0	   0	   0	   0
 101	 108	  93	  93	   0	   0	 555	   0	   0	   0	   0
 101	 108	  84	  84	   0	   0	 556	   0	   0	   0	   0
 100	 100	 101	 108	   0	   0	 557	   0	   0	   0	   0
 109	 109	 101	 108	   0	   0	 558	   0	   0	   0	   0
 101	 108	 109	 109	   0	   0	 559	   0	   0	   0	   0
 101	 108	 100	 100	   0	   0	 560	   0	   0	   0	   0
 100	 100	 117	 124	   0	   0	 561	   0	   0	   0	   0
 109	 109	 117	 124	   0	   0	 562	   0	   0	   0	   0
 101	 108	 125	 125	   0	   0	 563	   0	   0	   0	   0
 101	 108	 116	 116	   0	   0	 564	   0	   0	   0	   0
 116	 116	  13	  20	   0	   0	 565	   0	   0	   0	   0
 125	 125	  13	  20	   0	   0	 566	   0	   0	   0	   0
 117	 124	  21	  21	   0	   0	 567	   0	   0	   0	   0
 117	 124	  12	  12	   0	   0	 568	   0	   0	   0	   0
 116	 116	  29	  36	   0	   0	 569	   0	   0	   0	   0
 125	 125	  29	  36	   0	   0	 570	   0	   0	   0	   0
 117	 124	  37	  37	   0	   0	 571	   0	   0	   0	   0
 117	 124	  28	  28	   0	   0	 572	   0	   0	   0	   0
 116	 116	  45	  52	   0	   0	 573	   0	   0	   0	   0
 125	 125	  45	  52	   0	   0	 574	   0	   0	   0	   0
 117	 124	  53	  53	   0	   0	 575	   0	   0	   0	   0
 117	 124	  44	  44	   0	   0	 576	   0	   0	   0	   0
 116	 116	  61	  68	   0	   0	 577	   0	   0	   0	   0
 125	 125	  61	  68	   0	   0	 578	   0	   0	   0	   0
 117	 124	  69	  69	   0	   0	 579	   0	   0	   0	   0
 117	 124	  60	  60	   0	   0	 580	   0	   0	   0	   0
 116	 116	  77	  84	   0	   0	 581	   0	   0	   0	   0
 125	 125	  77	  84	   0	   0	 582	   0	   0	   0	   0
 117	 124	  85	  85	   0	   0	 583	   0	   0	   0	   0
 117	 124	  76	  76	   0	   0	 584	   0	   0	   0	   0
 116	 116	  93	 100	   0	   0	 585	   0	   0	   0	   0
 125	 125	  93	 100	   0	   0	 586	   0	   0	   0	   0
 117	 124	 101	 101	   0	   0	 587	   0	   0	   0	   0
 117	 124	  92	  92	   0	   0	 588	   0	   0	   0	   0
 116	 116	 109	 116	   0	   0	 589	   0	   0	   0	   0
 125	 125	 109	 116	   0	   0	 590	   0	   0	   0	   0
 117	 124	 117	 117	   0	   0	 591	   0	   0	   0	   0
 117	 124	 108	 108	   0	   0	 592	   0	   0	   0	   0
   1	   3	   1	  10	   0	   0	 593	   0	   0	   0	   0
   4	   4	   1	   4	   0	   0	 594	   0	   0	   0	   0
   5	  12	   1	   3	   0	   0	 595	   0	   0	   0	   0
  13	  13	   1	   4	   0	   0	 596	   0	   0	   0	   0
  14	  23	   1	  10	   0	   0	 597	   0	   0	   0	   0
  36	  36	   1	   4	   0	   0	 598	   0	   0	   0	   0
  37	  44	   1	   3	   0	   0	 599	   0	   0	   0	   0
  45	  45	   1	   4	   0	   0	 600	   0	   0	   0	   0
  46	  55	   1	  10	   0	   0	 601	   0	   0	   0	   0
  68	  68	   1	   4	   0	   0	 602	   0	   0	   0	   0
  69	  76	   1	   3	   0	   0	 603	   0	   0	   0	   0
  77	  77	   1	   4	   0	   0	 604	   0	   0	   0	   0
  78	  87	   1	  10	   0	   0	 605	   0	   0	   0	   0
 100	 100	   1	   4	   0	   0	 606	   0	   0	   0	   0
 101	 108	   1	   3	   0	   0	 607	   0	   0	   0	   0
 109	 109	   1	   4	   0	   0	 608	   0	   0	   0	   0
 110	 119	   1	  10	   0	   0	 609	   0	   0	   0	   0
   1	   3	  11	  20	   0	   0	 610	   0	   0	   0	   0
   4	   4	  13	  20	   0	   0	 611	   0	   0	   0	   0
   5	  12	  14	  19	   0	   0	 612	   0	   0	   0	   0
  13	  13	  13	  20	   0	   0	 613	   0	   0	   0	   0
  14	  19	  11	  20	   0	   0	 614	   0	   0	   0	   0
  20	  20	  11	  12	   0	   0	 615	   0	   0	   0	   0
  21	  28	  11	  11	   0	   0	 616	   0	   0	   0	   0
  29	  29	  11	  12	   0	   0	 617	   0	   0	   0	   0
  30	  35	  11	  20	   0	   0	 618	   0	   0	   0	   0
  36	  36	  13	  20	   0	   0	 619	   0	   0	   0	   0
  37	  44	  14	  19	   0	   0	 620	   0	   0	   0	   0
  45	  45	  13	  20	   0	   0	 621	   0	   0	   0	   0
  46	  51	  11	  20	   0	   0	 622	   0	   0	   0	   0
  52	  52	  11	  12	   0	   0	 623	   0	   0	   0	   0
  53	  60	  11	  11	   0	   0	 624	   0	   0	   0	   0
  61	  61	  11	  12	   0	   0	 625	   0	   0	   0	   0
  62	  67	  11	  20	   0	   0	 626	   0	   0	   0	   0
  68	  68	  13	  20	   0	   0	 627	   0	   0	   0	   0
  69	  76	  14	  19	   0	   0	 628	   0	   0	   0	   0
  77	  77	  13	  20	   0	   0	 629	   0	   0	   0	   0
  78	  83	  11	  20	   0	   0	 630	   0	   0	   0	   0
  84	  84	  11	  12	   0	   0	 631	   0	   0	   0	   0
  85	  92	  11	  11	   0	   0	 632	   0	   0	   0	   0
  93	  93	  11	  12	   0	   0	 633	   0	   0	   0	   0
  94	  99	  11	  20	   0	   0	 634	   0	   0	   0	   0
 100	 100	  13	  20	   0	   0	 635	   0	   0	   0	   0
 101	 108	  14	  19	   0	   0	 636	   0	   0	   0	   0
 109	 109	  13	  20	   0	   0	 637	   0	   0	   0	   0
 110	 115	  11	  20	   0	   0	 638	   0	   0	   0	   0
 116	 116	  11	  12	   0	   0	 639	   0	   0	   0	   0
 117	 124	  11	  11	   0	   0	 640	   0	   0	   0	   0
 125	 125	  11	  12	   0	   0	 641	   0	   0	   0	   0
 126	 128	  11	  20	   0	   0	 642	   0	   0	   0	   0
   1	   3	  21	  30	   0	   0	 643	   0	   0	   0	   0
   4	   4	  29	  36	   0	   0	 644	   0	   0	   0	   0
   5	  12	  30	  35	   0	   0	 645	   0	   0	   0	   0
  13	  13	  29	  36	   0	   0	 646	   0	   0	   0	   0
  14	  19	  21	  30	   0	   0	 647	   0	   0	   0	   0
  20	  20	  21	  28	   0	   0	 648	   0	   0	   0	   0
  21	  28	  22	  27	   0	   0	 649	   0	   0	   0	   0
  29	  29	  21	  28	   0	   0	 650	   0	   0	   0	   0
  30	  35	  21	  30	   0	   0	 651	   0	   0	   0	   0
  36	  36	  29	  36	   0	   0	 652	   0	   0	   0	   0
  37	  44	  30	  35	   0	   0	 653	   0	   0	   0	   0
  45	  45	  29	  36	   0	   0	 654	   0	   0	   0	   0
  46	  51	  21	  30	   0	   0	 655	   0	   0	   0	   0
  52	  52	  21	  28	   0	   0	 656	   0	   0	   0	   0
  53	  60	  22	  27	   0	   0	 657	   0	   0	   0	   0
  61	  61	  21	  28	   0	   0	 658	   0	   0	   0	   0
  62	  67	  21	  30	   0	   0	 659	   0	   0	   0	   0
  68	  68	  29	  36	   0	   0	 660	   0	   0	   0	   0
  69	  76	  30	  35	   0	   0	 661	   0	   0	   0	   0
  77	  77	  29	  36	   0	   0	 662	   0	   0	   0	   0
  78	  83	  21	  30	   0	   0	 663	   0	   0	   0	   0
  84	  84	  21	  28	   0	   0	 664	   0	   0	   0	   0
  85	  92	  22	  27	   0	   0	 665	   0	   0	   0	   0
  93	  93	  21	  28	   0	   0	 666	   0	   0	   0	   0
  94	  99	  21	  30	   0	   0	 667	   0	   0	   0	   0
 100	 100	  29	  36	   0	   0	 668	   0	   0	   0	   0
 101	 108	  30	  35	   0	   0	 669	   0	   0	   0	   0
 109	 109	  29	  36	   0	   0	 670	   0	   0	   0	   0
 110	 115	  21	  30	   0	   0	 671	   0	   0	   0	   0
 116	 116	  21	  28	   0	   0	 672	   0	   0	   0	   0
 117	 124	  22	  27	   0	   0	 673	   0	   0	   0	   0
 125	 125	  21	  28	   0	   0	 674	   0	   0	   0	   0
 126	 128	  21	  30	   0	   0	 675	   0	   0	   0	   0
   1	   3	  31	  40	   0	   0	 676	   0	   0	   0	   0
   4	   4	  45	  52	   0	   0	 677	   0	   0	   0	   0
   5	  12	  46	  51	   0	   0	 678	   0	   0	   0	   0
  13	  13	  45	  52	   0	   0	 679	   0	   0	   0	   0
  14	  19	  31	  40	   0	   0	 680	   0	   0	   0	   0
  20	  20	  37	  44	   0	   0	 681	   0	   0	   0	   0
  21	  28	  38	  43	   0	   0	 682	   0	   0	   0	   0
  29	  29	  37	  44	   0	   0	 683	   0	   0	   0	   0
  30	  35	  31	  40	   0	   0	 684	   0	   0	   0	   0
  36	  36	  45	  52	   0	   0	 685	   0	   0	   0	   0
  37	  44	  46	  51	   0	   0	 686	   0	   0	   0	   0
  45	  45	  45	  52	   0	   0	 687	   0	   0	   0	   0
  46	  51	  31	  40	   0	   0	 688	   0	   0	   0	   0
  52	  52	  37	  44	   0	   0	 689	   0	   0	   0	   0
  53	  60	  38	  43	   0	   0	 690	   0	   0	   0	   0
  61	  61	  37	  44	   0	   0	 691	   0	   0	   0	   0
  62	  67	  31	  40	   0	   0	 692	   0	   0	   0	   0
  68	  68	  45	  52	   0	   0	 693	   0	   0	   0	   0
  69	  76	  46	  51	   0	   0	 694	   0	   0	   0	   0
  77	  77	  45	  52	   0	   0	 695	   0	   0	   0	   0
  78	  83	  31	  40	   0	   0	 696	   0	   0	   0	   0
  84	  84	  37	  44	   0	   0	 697	   0	   0	   0	   0
  85	  92	  38	  43	   0	   0	 698	   0	   0	   0	   0
  93	  93	  37	  44	   0	   0	 699	   0	   0	   0	   0
  94	  99	  31	  40	   0	   0	 700	   0	   0	   0	   0
 100	 100	  45	  52	   0	   0	 701	   0	   0	   0	   0
 101	 108	  46	  51	   0	   0	 702	   0	   0	   0	   0
 109	 109	  45	  52	   0	   0	 703	   0	   0	   0	   0
 110	 115	  31	  40	   0	   0	 704	   0	   0	   0	   0
 116	 116	  37	  44	   0	   0	 705	   0	   0	   0	   0
 117	 124	  38	  43	   0	   0	 706	   0	   0	   0	   0
 125	 125	  37	  44	   0	   0	 707	   0	   0	   0	   0
 126	 128	  31	  40	   0	   0	 708	   0	   0	   0	   0
   1	   3	  41	  50	   0	   0	 709	   0	   0	   0	   0
   4	   4	  61	  68	   0	   0	 710	   0	   0	   0	   0
   5	  12	  62	  67	   0	   0	 711	   0	   0	   0	   0
  13	  13	  61	  68	   0	   0	 712	   0	   0	   0	   0
  14	  19	  41	  50	   0	   0	 713	   0	   0	   0	   0
  20	  20	  53	  60	   0	   0	 714	   0	   0	   0	   0
  21	  28	  54	  59	   0	   0	 715	   0	   0	   0	   0
  29	  29	  53	  60	   0	   0	 716	   0	   0	   0	   0
  30	  35	  41	  50	   0	   0	 717	   0	   0	   0	   0
  36	  36	  61	  68	   0	   0	 718	   0	   0	   0	   0
  37	  44	  62	  67	   0	   0	 719	   0	   0	   0	   0
  45	  45	  61	  68	   0	   0	 720	   0	   0	   0	   0
  46	  51	  41	  50	   0	   0	 721	   0	   0	   0	   0
  52	  52	  53	  60	   0	   0	 722	   0	   0	   0	   0
  53	  60	  54	  59	   0	   0	 723	   0	   0	   0	   0
  61	  61	  53	  60	   0	   0	 724	   0	   0	   0	   0
  62	  67	  41	  50	   0	   0	 725	   0	   0	   0	   0
  68	  68	  61	  68	   0	   0	 726	   0	   0	   0	   0
  69	  76	  62	  67	   0	   0	 727	   0	   0	   0	   0
  77	  77	  61	  68	   0	   0	 728	   0	   0	   0	   0
  78	  83	  41	  50	   0	   0	 729	   0	   0	   0	   0
  84	  84	  53	  60	   0	   0	 730	   0	   0	   0	   0
  85	  92	  54	  59	   0	   0	 731	   0	   0	   0	   0
  93	  93	  53	  60	   0	   0	 732	   0	   0	   0	   0
  94	  99	  41	  50	   0	   0	 733	   0	   0	   0	   0
 100	 100	  61	  68	   0	   0	 734	   0	   0	   0	   0
 101	 108	  62	  67	   0	   0	 735	   0	   0	   0	   0
 109	 109	  61	  68	   0	   0	 736	   0	   0	   0	   0
 110	 115	  41	  50	   0	   0	 737	   0	   0	   0	   0
 116	 116	  53	  60	   0	   0	 738	   0	   0	   0	   0
 117	 124	  54	  59	   0	   0	 739	   0	   0	   0	   0
 125	 125	  53	  60	   0	   0	 740	   0	   0	   0	   0
 126	 128	  41	  50	   0	   0	 741	   0	   0	   0	   0
   1	   3	  51	  60	   0	   0	 742	   0	   0	   0	   0
   4	   4	  77	  84	   0	   0	 743	   0	   0	   0	   0
   5	  12	  78	  83	   0	   0	 744	   0	   0	   0	   0
  13	  13	  77	  84	   0	   0	 745	   0	   0	   0	   0
  14	  19	  51	  60	   0	   0	 746	   0	   0	   0	   0
  20	  20	  69	  76	   0	   0	 747	   0	   0	   0	   0
  21	  28	  70	  75	   0	   0	 748	   0	   0	   0	   0
  29	  29	  69	  76	   0	   0	 749	   0	   0	   0	   0
  30	  35	  51	  60	   0	   0	 750	   0	   0	   0	   0
  36	  36	  77	  84	   0	   0	 751	   0	   0	   0	   0
  37	  44	  78	  83	   0	   0	 752	   0	   0	   0	   0
  45	  45	  77	  84	   0	   0	 753	   0	   0	   0	   0
  46	  51	  51	  60	   0	   0	 754	   0	   0	   0	   0
  52	  52	  69	  76	   0	   0	 755	   0	   0	   0	   0
  53	  60	  70	  75	   0	   0	 756	   0	   0	   0	   0
  61	  61	  69	  76	   0	   0	 757	   0	   0	   0	   0
  62	  67	  51	  60	   0	   0	 758	   0	   0	   0	   0
  68	  68	  77	  84	   0	   0	 759	   0	   0	   0	   0
  69	  76	  78	  83	   0	   0	 760	   0	   0	   0	   0
  77	  77	  77	  84	   0	   0	 761	   0	   0	   0	   0
  78	  83	  51	  60	   0	   0	 762	   0	   0	   0	   0
  84	  84	  69	  76	   0	   0	 763	   0	   0	   0	   0
  85	  92	  70	  75	   0	   0	 764	   0	   0	   0	   0
  93	  93	  69	  76	   0	   0	 765	   0	   0	   0	   0
  94	  99	  51	  60	   0	   0	 766	   0	   0	   0	   0
 100	 100	  77	  84	   0	   0	 767	   0	   0	   0	   0
 101	 108	  78	  83	   0	   0	 768	   0	   0	   0	   0
 109	 109	  77	  84	   0	   0	 769	   0	   0	   0	   0
 110	 115	  51	  60	   0	   0	 770	   0	   0	   0	   0
 116	 116	  69	  76	   0	   0	 771	   0	   0	   0	   0
 117	 124	  70	  75	   0	   0	 772	   0	   0	   0	   0
 125	 125	  69	  76	   0	   0	 773	   0	   0	   0	   0
 126	 128	  51	  60	   0	   0	 774	   0	   0	   0	   0
   1	   3	  61	  70	   0	   0	 775	   0	   0	   0	   0
   4	   4	  93	 100	   0	   0	 776	   0	   0	   0	   0
   5	  12	  94	  99	   0	   0	 777	   0	   0	   0	   0
  13	  13	  93	 100	   0	   0	 778	   0	   0	   0	   0
  14	  19	  61	  70	   0	   0	 779	   0	   0	   0	   0
  20	  20	  85	  92	   0	   0	 780	   0	   0	   0	   0
  21	  28	  86	  91	   0	   0	 781	   0	   0	   0	   0
  29	  29	  85	  92	   0	   0	 782	   0	   0	   0	   0
  30	  35	  61	  70	   0	   0	 783	   0	   0	   0	   0
  36	  36	  93	 100	   0	   0	 784	   0	   0	   0	   0
  37	  44	  94	  99	   0	   0	 785	   0	   0	   0	   0
  45	  45	  93	 100	   0	   0	 786	   0	   0	   0	   0
  46	  51	  61	  70	   0	   0	 787	   0	   0	   0	   0
  52	  52	  85	  92	   0	   0	 788	   0	   0	   0	   0
  53	  60	  86	  91	   0	   0	 789	   0	   0	   0	   0
  61	  61	  85	  92	   0	   0	 790	   0	   0	   0	   0
  62	  67	  61	  70	   0	   0	 791	   0	   0	   0	   0
  68	  68	  93	 100	   0	   0	 792	   0	   0	   0	   0
  69	  76	  94	  99	   0	   0	 793	   0	   0	   0	   0
  77	  77	  93	 100	   0	   0	 794	   0	   0	   0	   0
  78	  83	  61	  70	   0	   0	 795	   0	   0	   0	   0
  84	  84	  85	  92	   0	   0	 796	   0	   0	   0	   0
  85	  92	  86	  91	   0	   0	 797	   0	   0	   0	   0
  93	  93	  85	  92	   0	   0	 798	   0	   0	   0	   0
  94	  99	  61	  70	   0	   0	 799	   0	   0	   0	   0
 100	 100	  93	 100	   0	   0	 800	   0	   0	   0	   0
 101	 108	  94	  99	   0	   0	 801	   0	   0	   0	   0
 109	 109	  93	 100	   0	   0	 802	   0	   0	   0	   0
 110	 115	  61	  70	   0	   0	 803	   0	   0	   0	   0
 116	 116	  85	  92	   0	   0	 804	   0	   0	   0	   0
 117	 124	  86	  91	   0	   0	 805	   0	   0	   0	   0
 125	 125	  85	  92	   0	   0	 806	   0	   0	   0	   0
 126	 128	  61	  70	   0	   0	 807	   0	   0	   0	   0
   1	   3	  71	  80	   0	   0	 808	   0	   0	   0	   0
   4	   4	 109	 116	   0	   0	 809	   0	   0	   0	   0
   5	  12	 110	 115	   0	   0	 810	   0	   0	   0	   0
  13	  13	 109	 116	   0	   0	 811	   0	   0	   0	   0
  14	  19	  71	  80	   0	   0	 812	   0	   0	   0	   0
  20	  20	 101	 108	   0	   0	 813	   0	   0	   0	   0
  21	  28	 102	 107	   0	   0	 814	   0	   0	   0	   0
  29	  29	 101	 108	   0	   0	 815	   0	   0	   0	   0
  30	  35	  71	  80	   0	   0	 816	   0	   0	   0	   0
  36	  36	 109	 116	   0	   0	 817	   0	   0	   0	   0
  37	  44	 110	 115	   0	   0	 818	   0	   0	   0	   0
  45	  45	 109	 116	   0	   0	 819	   0	   0	   0	   0
  46	  51	  71	  80	   0	   0	 820	   0	   0	   0	   0
  52	  52	 101	 108	   0	   0	 821	   0	   0	   0	   0
  53	  60	 102	 107	   0	   0	 822	   0	   0	   0	   0
  61	  61	 101	 108	   0	   0	 823	   0	   0	   0	   0
  62	  67	  71	  80	   0	   0	 824	   0	   0	   0	   0
  68	  68	 109	 116	   0	   0	 825	   0	   0	   0	   0
  69	  76	 110	 115	   0	   0	 826	   0	   0	   0	   0
  77	  77	 109	 116	   0	   0	 827	   0	   0	   0	   0
  78	  83	  71	  80	   0	   0	 828	   0	   0	   0	   0
  84	  84	 101	 108	   0	   0	 829	   0	   0	   0	   0
  85	  92	 102	 107	   0	   0	 830	   0	   0	   0	   0
  93	  93	 101	 108	   0	   0	 831	   0	   0	   0	   0
  94	  99	  71	  80	   0	   0	 832	   0	   0	   0	   0
 100	 100	 109	 116	   0	   0	 833	   0	   0	   0	   0
 101	 108	 110	 115	   0	   0	 834	   0	   0	   0	   0
 109	 109	 109	 116	   0	   0	 835	   0	   0	   0	   0
 110	 115	  71	  80	   0	   0	 836	   0	   0	   0	   0
 116	 116	 101	 108	   0	   0	 837	   0	   0	   0	   0
 117	 124	 102	 107	   0	   0	 838	   0	   0	   0	   0
 125	 125	 101	 108	   0	   0	 839	   0	   0	   0	   0
 126	 128	  71	  80	   0	   0	 840	   0	   0	   0	   0
   1	   3	  81	  90	   0	   0	 841	   0	   0	   0	   0
   4	   4	 125	 128	   0	   0	 842	   0	   0	   0	   0
   5	  12	 126	 128	   0	   0	 843	   0	   0	   0	   0
  13	  13	 125	 128	   0	   0	 844	   0	   0	   0	   0
  14	  19	  81	  90	   0	   0	 845	   0	   0	   0	   0
  20	  20	 117	 126	   0	   0	 846	   0	   0	   0	   0
  21	  28	 118	 127	   0	   0	 847	   0	   0	   0	   0
  29	  29	 117	 126	   0	   0	 848	   0	   0	   0	   0
  30	  35	  81	  90	   0	   0	 849	   0	   0	   0	   0
  36	  36	 125	 128	   0	   0	 850	   0	   0	   0	   0
  37	  44	 126	 128	   0	   0	 851	   0	   0	   0	   0
  45	  45	 125	 128	   0	   0	 852	   0	   0	   0	   0
  46	  51	  81	  90	   0	   0	 853	   0	   0	   0	   0
  52	  52	 117	 126	   0	   0	 854	   0	   0	   0	   0
  53	  60	 118	 127	   0	   0	 855	   0	   0	   0	   0
  61	  61	 117	 126	   0	   0	 856	   0	   0	   0	   0
  62	  67	  81	  90	   0	   0	 857	   0	   0	   0	   0
  68	  68	 125	 128	   0	   0	 858	   0	   0	   0	   0
  69	  76	 126	 128	   0	   0	 859	   0	   0	   0	   0
  77	  77	 125	 128	   0	   0	 860	   0	   0	   0	   0
  78	  83	  81	  90	   0	   0	 861	   0	   0	   0	   0
  84	  84	 117	 126	   0	   0	 862	   0	   0	   0	   0
  85	  92	 118	 127	   0	   0	 863	   0	   0	   0	   0
  93	  93	 117	 126	   0	   0	 864	   0	   0	   0	   0
  94	  99	  81	  90	   0	   0	 865	   0	   0	   0	   0
 100	 100	 125	 128	   0	   0	 866	   0	   0	   0	   0
 101	 108	 126	 128	   0	   0	 867	   0	   0	   0	   0
 109	 109	 125	 128	   0	   0	 868	   0	   0	   0	   0
 110	 115	  81	  90	   0	   0	 869	   0	   0	   0	   0
 116	 116	 117	 126	   0	   0	 870	   0	   0	   0	   0
 117	 124	 118	 127	   0	   0	 871	   0	   0	   0	   0
 125	 125	 117	 126	   0	   0	 872	   0	   0	   0	   0
 126	 128	  81	  90	   0	   0	 873	   0	   0	   0	   0
   1	   3	  91	 100	   0	   0	 874	   0	   0	   0	   0
  14	  19	  91	 100	   0	   0	 875	   0	   0	   0	   0
  20	  20	 127	 128	   0	   0	 876	   0	   0	   0	   0
  21	  28	 128	 128	   0	   0	 877	   0	   0	   0	   0
  29	  29	 127	 128	   0	   0	 878	   0	   0	   0	   0
  30	  35	  91	 100	   0	   0	 879	   0	   0	   0	   0
  46	  51	  91	 100	   0	   0	 880	   0	   0	   0	   0
  52	  52	 127	 128	   0	   0	 881	   0	   0	   0	   0
  53	  60	 128	 128	   0	   0	 882	   0	   0	   0	   0
  61	  61	 127	 128	   0	   0	 883	   0	   0	   0	   0
  62	  67	  91	 100	   0	   0	 884	   0	   0	   0	   0
  78	  83	  91	 100	   0	   0	 885	   0	   0	   0	   0
  84	  84	 127	 128	   0	   0	 886	   0	   0	   0	   0
  85	  92	 128	 128	   0	   0	 887	   0	   0	   0	   0
  93	  93	 127	 128	   0	   0	 888	   0	   0	   0	   0
  94	  99	  91	 100	   0	   0	 889	   0	   0	   0	   0
 110	 115	  91	 100	   0	   0	 890	   0	   0	   0	   0
 116	 116	 127	 128	   0	   0	 891	   0	   0	   0	   0
 117	 124	 128	 128	   0	   0	 892	   0	   0	   0	   0
 125	 125	 127	 128	   0	   0	 893	   0	   0	   0	   0
 126	 128	  91	 100	   0	   0	 894	   0	   0	   0	   0
   1	   3	 101	 110	   0	   0	 895	   0	   0	   0	   0
  14	  19	 101	 110	   0	   0	 896	   0	   0	   0	   0
  30	  35	 101	 110	   0	   0	 897	   0	   0	   0	   0
  46	  51	 101	 110	   0	   0	 898	   0	   0	   0	   0
  62	  67	 101	 110	   0	   0	 899	   0	   0	   0	   0
  78	  83	 101	 110	   0	   0	 900	   0	   0	   0	   0
  94	  99	 101	 110	   0	   0	 901	   0	   0	   0	   0
 110	 115	 101	 110	   0	   0	 902	   0	   0	   0	   0
 126	 128	 101	 110	   0	   0	 903	   0	   0	   0	   0
   1	   3	 111	 120	   0	   0	 904	   0	   0	   0	   0
  14	  19	 111	 120	   0	   0	 905	   0	   0	   0	   0
  30	  35	 111	 120	   0	   0	 906	   0	   0	   0	   0
  46	  51	 111	 120	   0	   0	 907	   0	   0	   0	   0
  62	  67	 111	 120	   0	   0	 908	   0	   0	   0	   0
  78	  83	 111	 120	   0	   0	 909	   0	   0	   0	   0
  94	  99	 111	 120	   0	   0	 910	   0	   0	   0	   0
 110	 115	 111	 120	   0	   0	 911	   0	   0	   0	   0
 126	 128	 111	 120	   0	   0	 912	   0	   0	   0	   0
   1	   3	 121	 128	   0	   0	 913	   0	   0	   0	   0
  14	  19	 121	 128	   0	   0	 914	   0	   0	   0	   0
  30	  35	 121	 128	   0	   0	 915	   0	   0	   0	   0
  46	  51	 121	 128	   0	   0	 916	   0	   0	   0	   0
  62	  67	 121	 128	   0	   0	 917	   0	   0	   0	   0
  78	  83	 121	 128	   0	   0	 918	   0	   0	   0	   0
  94	  99	 121	 128	   0	   0	 919	   0	   0	   0	   0
 110	 115	 121	 128	   0	   0	 920	   0	   0	   0	   0
 126	 128	 121	 128	   0	   0	 921	   0	   0	   0	   0
  24	  33	   1	  10	   0	   0	 922	   0	   0	   0	   0
  56	  65	   1	  10	   0	   0	 923	   0	   0	   0	   0
  88	  97	   1	  10	   0	   0	 924	   0	   0	   0	   0
 120	 128	   1	  10	   0	   0	 925	   0	   0	   0	   0
  34	  35	   1	  10	   0	   0	 926	   0	   0	   0	   0
  66	  67	   1	  10	   0	   0	 927	   0	   0	   0	   0
  98	  99	   1	  10	   0	   0	 928	   0	   0	   0	   0
