# area of facets
5.000000
5.000000
5.000000
5.000000
5.000000
5.000000
5.000000
5.000000
5.000000
5.000000
5.000000
5.000000
4.000000
5.000000
5.000000
5.000000
5.000000
5.000000
5.000000
5.000000
5.000000
5.000000
5.000000
5.000000
5.000000
4.000000
5.000000
5.000000
5.000000
5.000000
5.000000
5.000000
5.000000
5.000000
5.000000
5.000000
5.000000
5.000000
4.000000
5.000000
5.000000
5.000000
5.000000
5.000000
5.000000
5.000000
5.000000
5.000000
5.000000
5.000000
5.000000
4.000000
25.000000
25.000000
25.000000
25.000000
25.000000
25.000000
25.000000
25.000000
25.000000
25.000000
25.000000
25.000000
20.000000
25.000000
25.000000
25.000000
25.000000
25.000000
25.000000
25.000000
25.000000
25.000000
25.000000
25.000000
25.000000
20.000000
25.000000
25.000000
25.000000
25.000000
25.000000
25.000000
25.000000
25.000000
25.000000
25.000000
25.000000
25.000000
20.000000
25.000000
25.000000
25.000000
25.000000
25.000000
25.000000
25.000000
25.000000
25.000000
25.000000
25.000000
25.000000
20.000000
25.000000
25.000000
25.000000
25.000000
25.000000
25.000000
25.000000
25.000000
25.000000
25.000000
25.000000
25.000000
20.000000
25.000000
25.000000
25.000000
25.000000
25.000000
25.000000
25.000000
25.000000
25.000000
25.000000
25.000000
25.000000
20.000000
25.000000
25.000000
25.000000
25.000000
25.000000
25.000000
25.000000
25.000000
25.000000
25.000000
25.000000
25.000000
20.000000
25.000000
25.000000
25.000000
25.000000
25.000000
25.000000
25.000000
25.000000
25.000000
25.000000
25.000000
25.000000
20.000000
25.000000
25.000000
25.000000
25.000000
25.000000
25.000000
25.000000
25.000000
25.000000
25.000000
25.000000
25.000000
20.000000
25.000000
25.000000
25.000000
25.000000
25.000000
25.000000
25.000000
25.000000
25.000000
25.000000
25.000000
25.000000
20.000000
25.000000
25.000000
25.000000
25.000000
25.000000
25.000000
25.000000
25.000000
25.000000
25.000000
25.000000
25.000000
20.000000
25.000000
25.000000
25.000000
25.000000
25.000000
25.000000
25.000000
25.000000
25.000000
25.000000
25.000000
25.000000
20.000000
20.000000
20.000000
20.000000
20.000000
20.000000
20.000000
20.000000
20.000000
20.000000
20.000000
20.000000
20.000000
16.000000
