# net shortwave on facets [W/m2] (including reflections and diffusive)
3.080001e+02
3.491648e+02
3.502815e+02
3.505377e+02
3.506649e+02
3.507457e+02
3.508054e+02
3.508516e+02
3.508937e+02
3.509340e+02
3.509863e+02
3.511511e+02
3.521531e+02
9.090359e+01
9.527150e+01
9.594556e+01
9.621885e+01
9.636746e+01
9.646152e+01
9.652407e+01
9.656521e+01
9.659063e+01
9.660371e+01
9.660822e+01
9.663296e+01
9.660527e+01
2.153913e+02
2.080701e+02
2.071365e+02
2.067877e+02
2.065809e+02
2.064331e+02
2.063105e+02
2.061937e+02
2.060646e+02
2.058899e+02
2.055770e+02
2.043179e+02
1.805027e+02
1.037361e+02
9.784381e+01
9.705327e+01
9.674177e+01
9.655038e+01
9.640980e+01
9.629132e+01
9.617354e+01
9.604072e+01
9.585989e+01
9.555300e+01
9.478726e+01
8.996781e+01
2.909834e+02
3.262252e+02
3.264158e+02
3.264392e+02
3.264483e+02
3.264541e+02
3.264591e+02
3.264645e+02
3.264719e+02
3.264854e+02
3.265196e+02
3.266918e+02
3.314048e+02
2.823260e+02
3.157032e+02
3.157571e+02
3.157733e+02
3.157796e+02
3.157833e+02
3.157865e+02
3.157905e+02
3.157969e+02
3.158104e+02
3.158489e+02
3.160607e+02
3.215010e+02
2.820101e+02
3.153229e+02
3.153510e+02
3.153636e+02
3.153700e+02
3.153740e+02
3.153776e+02
3.153820e+02
3.153892e+02
3.154046e+02
3.154491e+02
3.156847e+02
3.211548e+02
2.819320e+02
3.152339e+02
3.152513e+02
3.152603e+02
3.152659e+02
3.152699e+02
3.152736e+02
3.152785e+02
3.152865e+02
3.153035e+02
3.153522e+02
3.155980e+02
3.210701e+02
2.818990e+02
3.152006e+02
3.152132e+02
3.152199e+02
3.152245e+02
3.152283e+02
3.152321e+02
3.152372e+02
3.152459e+02
3.152641e+02
3.153154e+02
3.155657e+02
3.210339e+02
2.818808e+02
3.151847e+02
3.151950e+02
3.152002e+02
3.152041e+02
3.152075e+02
3.152113e+02
3.152166e+02
3.152258e+02
3.152448e+02
3.152977e+02
3.155501e+02
3.210137e+02
2.818686e+02
3.151758e+02
3.151849e+02
3.151892e+02
3.151925e+02
3.151956e+02
3.151994e+02
3.152049e+02
3.152143e+02
3.152340e+02
3.152877e+02
3.155412e+02
3.210001e+02
2.818590e+02
3.151703e+02
3.151787e+02
3.151824e+02
3.151854e+02
3.151883e+02
3.151919e+02
3.151974e+02
3.152069e+02
3.152267e+02
3.152812e+02
3.155354e+02
3.209893e+02
2.818498e+02
3.151662e+02
3.151743e+02
3.151778e+02
3.151804e+02
3.151832e+02
3.151867e+02
3.151920e+02
3.152015e+02
3.152216e+02
3.152760e+02
3.155305e+02
3.209787e+02
2.818385e+02
3.151623e+02
3.151706e+02
3.151739e+02
3.151763e+02
3.151788e+02
3.151822e+02
3.151872e+02
3.151964e+02
3.152161e+02
3.152701e+02
3.155247e+02
3.209655e+02
2.818194e+02
3.151570e+02
3.151661e+02
3.151696e+02
3.151720e+02
3.151743e+02
3.151774e+02
3.151820e+02
3.151904e+02
3.152087e+02
3.152606e+02
3.155125e+02
3.209384e+02
2.817595e+02
3.151410e+02
3.151543e+02
3.151587e+02
3.151613e+02
3.151635e+02
3.151663e+02
3.151703e+02
3.151774e+02
3.151929e+02
3.152375e+02
3.154682e+02
3.207740e+02
2.811679e+02
2.817394e+02
2.817975e+02
2.818166e+02
2.818268e+02
2.818336e+02
2.818391e+02
2.818445e+02
2.818511e+02
2.818631e+02
2.818941e+02
2.820504e+02
2.859945e+02
