# SDBL flow 
# z sca1 sca2 sca3 sca4                                     
0.250000000000000    0.0000000000   0.0000000000   0.0000000000   0.0000000000  
0.750000000000000    0.0000000000   0.0000000000   0.0000000000   0.0000000000  
1.250000000000000    0.0000000000   0.0000000000   0.0000000000   0.0000000000  
1.750000000000000    0.0000000000   0.0000000000   0.0000000000   0.0000000000  
2.250000000000000    0.0000000000   0.0000000000   0.0000000000   0.0000000000  
2.750000000000000    0.0000000000   0.0000000000   0.0000000000   0.0000000000  
3.250000000000000    0.0000000000   0.0000000000   0.0000000000   0.0000000000  
3.750000000000000    0.0000000000   0.0000000000   0.0000000000   0.0000000000  
4.250000000000000    0.0000000000   0.0000000000   0.0000000000   0.0000000000  
4.750000000000000    0.0000000000   0.0000000000   0.0000000000   0.0000000000  
5.250000000000000    0.0000000000   0.0000000000   0.0000000000   0.0000000000  
5.750000000000000    0.0000000000   0.0000000000   0.0000000000   0.0000000000  
6.250000000000000    0.0000000000   0.0000000000   0.0000000000   0.0000000000  
6.750000000000000    0.0000000000   0.0000000000   0.0000000000   0.0000000000  
7.250000000000000    0.0000000000   0.0000000000   0.0000000000   0.0000000000  
7.750000000000000    0.0000000000   0.0000000000   0.0000000000   0.0000000000  
8.250000000000000    0.0000000000   0.0000000000   0.0000000000   0.0000000000  
8.750000000000000    0.0000000000   0.0000000000   0.0000000000   0.0000000000  
9.250000000000000    0.0000000000   0.0000000000   0.0000000000   0.0000000000  
9.750000000000000    0.0000000000   0.0000000000   0.0000000000   0.0000000000  
10.250000000000000   0.0000000000   0.0000000000   0.0000000000   0.0000000000  
10.750000000000000   0.0000000000   0.0000000000   0.0000000000   0.0000000000  
11.250000000000000   0.0000000000   0.0000000000   0.0000000000   0.0000000000  
11.750000000000000   0.0000000000   0.0000000000   0.0000000000   0.0000000000  
12.250000000000000   0.0000000000   0.0000000000   0.0000000000   0.0000000000  
12.750000000000000   0.0000000000   0.0000000000   0.0000000000   0.0000000000  
13.250000000000000   0.0000000000   0.0000000000   0.0000000000   0.0000000000  
13.750000000000000   0.0000000000   0.0000000000   0.0000000000   0.0000000000  
14.250000000000000   0.0000000000   0.0000000000   0.0000000000   0.0000000000  
14.750000000000000   0.0000000000   0.0000000000   0.0000000000   0.0000000000  
15.250000000000000   0.0000000000   0.0000000000   0.0000000000   0.0000000000  
15.750000000000000   0.0000000000   0.0000000000   0.0000000000   0.0000000000  
16.250000000000000   0.0000000000   0.0000000000   0.0000000000   0.0000000000  
16.750000000000000   0.0000000000   0.0000000000   0.0000000000   0.0000000000  
17.250000000000000   0.0000000000   0.0000000000   0.0000000000   0.0000000000  
17.750000000000000   0.0000000000   0.0000000000   0.0000000000   0.0000000000  
18.250000000000000   0.0000000000   0.0000000000   0.0000000000   0.0000000000  
18.750000000000000   0.0000000000   0.0000000000   0.0000000000   0.0000000000  
19.250000000000000   0.0000000000   0.0000000000   0.0000000000   0.0000000000  
19.750000000000000   0.0000000000   0.0000000000   0.0000000000   0.0000000000  
20.250000000000000   0.0000000000   0.0000000000   0.0000000000   0.0000000000  
20.750000000000000   0.0000000000   0.0000000000   0.0000000000   0.0000000000  
21.250000000000000   0.0000000000   0.0000000000   0.0000000000   0.0000000000  
21.750000000000000   0.0000000000   0.0000000000   0.0000000000   0.0000000000  
22.250000000000000   0.0000000000   0.0000000000   0.0000000000   0.0000000000  
22.750000000000000   0.0000000000   0.0000000000   0.0000000000   0.0000000000  
23.250000000000000   0.0000000000   0.0000000000   0.0000000000   0.0000000000  
23.750000000000000   0.0000000000   0.0000000000   0.0000000000   0.0000000000  
24.250000000000000   0.0000000000   0.0000000000   0.0000000000   0.0000000000  
24.750000000000000   0.0000000000   0.0000000000   0.0000000000   0.0000000000  
25.250000000000000   0.0000000000   0.0000000000   0.0000000000   0.0000000000  
25.750000000000000   0.0000000000   0.0000000000   0.0000000000   0.0000000000  
26.250000000000000   0.0000000000   0.0000000000   0.0000000000   0.0000000000  
26.750000000000000   0.0000000000   0.0000000000   0.0000000000   0.0000000000  
27.250000000000000   0.0000000000   0.0000000000   0.0000000000   0.0000000000  
27.750000000000000   0.0000000000   0.0000000000   0.0000000000   0.0000000000  
28.250000000000000   0.0000000000   0.0000000000   0.0000000000   0.0000000000  
28.750000000000000   0.0000000000   0.0000000000   0.0000000000   0.0000000000  
29.250000000000000   0.0000000000   0.0000000000   0.0000000000   0.0000000000  
29.750000000000000   0.0000000000   0.0000000000   0.0000000000   0.0000000000  
30.250000000000000   0.0000000000   0.0000000000   0.0000000000   0.0000000000  
30.750000000000000   0.0000000000   0.0000000000   0.0000000000   0.0000000000  
31.250000000000000   0.0000000000   0.0000000000   0.0000000000   0.0000000000  
31.750000000000000   0.0000000000   0.0000000000   0.0000000000   0.0000000000  
32.250000000000000   0.0000000000   0.0000000000   0.0000000000   0.0000000000  
32.750000000000000   0.0000000000   0.0000000000   0.0000000000   0.0000000000  
33.250000000000000   0.0000000000   0.0000000000   0.0000000000   0.0000000000  
33.750000000000000   0.0000000000   0.0000000000   0.0000000000   0.0000000000  
34.250000000000000   0.0000000000   0.0000000000   0.0000000000   0.0000000000  
34.750000000000000   0.0000000000   0.0000000000   0.0000000000   0.0000000000  
35.250000000000000   0.0000000000   0.0000000000   0.0000000000   0.0000000000  
35.750000000000000   0.0000000000   0.0000000000   0.0000000000   0.0000000000  
36.250000000000000   0.0000000000   0.0000000000   0.0000000000   0.0000000000  
36.750000000000000   0.0000000000   0.0000000000   0.0000000000   0.0000000000  
37.250000000000000   0.0000000000   0.0000000000   0.0000000000   0.0000000000  
37.750000000000000   0.0000000000   0.0000000000   0.0000000000   0.0000000000  
38.250000000000000   0.0000000000   0.0000000000   0.0000000000   0.0000000000  
38.750000000000000   0.0000000000   0.0000000000   0.0000000000   0.0000000000  
39.250000000000000   0.0000000000   0.0000000000   0.0000000000   0.0000000000  
39.750000000000000   0.0000000000   0.0000000000   0.0000000000   0.0000000000  
40.250000000000000   0.0000000000   0.0000000000   0.0000000000   0.0000000000  
40.750000000000000   0.0000000000   0.0000000000   0.0000000000   0.0000000000  
41.250000000000000   0.0000000000   0.0000000000   0.0000000000   0.0000000000  
41.750000000000000   0.0000000000   0.0000000000   0.0000000000   0.0000000000  
42.250000000000000   0.0000000000   0.0000000000   0.0000000000   0.0000000000  
42.750000000000000   0.0000000000   0.0000000000   0.0000000000   0.0000000000  
43.250000000000000   0.0000000000   0.0000000000   0.0000000000   0.0000000000  
43.750000000000000   0.0000000000   0.0000000000   0.0000000000   0.0000000000  
44.250000000000000   0.0000000000   0.0000000000   0.0000000000   0.0000000000  
44.750000000000000   0.0000000000   0.0000000000   0.0000000000   0.0000000000  
45.250000000000000   0.0000000000   0.0000000000   0.0000000000   0.0000000000  
45.750000000000000   0.0000000000   0.0000000000   0.0000000000   0.0000000000  
46.250000000000000   0.0000000000   0.0000000000   0.0000000000   0.0000000000  
46.750000000000000   0.0000000000   0.0000000000   0.0000000000   0.0000000000  
47.250000000000000   0.0000000000   0.0000000000   0.0000000000   0.0000000000  
47.750000000000000   0.0000000000   0.0000000000   0.0000000000   0.0000000000  
48.250000000000000   0.0000000000   0.0000000000   0.0000000000   0.0000000000  
48.750000000000000   0.0000000000   0.0000000000   0.0000000000   0.0000000000  
49.250000000000000   0.0000000000   0.0000000000   0.0000000000   0.0000000000  
49.750000000000000   0.0000000000   0.0000000000   0.0000000000   0.0000000000  
50.250000000000000   0.0000000000   0.0000000000   0.0000000000   0.0000000000  
50.750000000000000   0.0000000000   0.0000000000   0.0000000000   0.0000000000  
51.250000000000000   0.0000000000   0.0000000000   0.0000000000   0.0000000000  
51.750000000000000   0.0000000000   0.0000000000   0.0000000000   0.0000000000  
52.250000000000000   0.0000000000   0.0000000000   0.0000000000   0.0000000000  
52.750000000000000   0.0000000000   0.0000000000   0.0000000000   0.0000000000  
53.250000000000000   0.0000000000   0.0000000000   0.0000000000   0.0000000000  
53.750000000000000   0.0000000000   0.0000000000   0.0000000000   0.0000000000  
54.250000000000000   0.0000000000   0.0000000000   0.0000000000   0.0000000000  
54.750000000000000   0.0000000000   0.0000000000   0.0000000000   0.0000000000  
55.250000000000000   0.0000000000   0.0000000000   0.0000000000   0.0000000000  
55.750000000000000   0.0000000000   0.0000000000   0.0000000000   0.0000000000  
56.250000000000000   0.0000000000   0.0000000000   0.0000000000   0.0000000000  
56.750000000000000   0.0000000000   0.0000000000   0.0000000000   0.0000000000  
57.250000000000000   0.0000000000   0.0000000000   0.0000000000   0.0000000000  
57.750000000000000   0.0000000000   0.0000000000   0.0000000000   0.0000000000  
58.250000000000000   0.0000000000   0.0000000000   0.0000000000   0.0000000000  
58.750000000000000   0.0000000000   0.0000000000   0.0000000000   0.0000000000  
59.250000000000000   0.0000000000   0.0000000000   0.0000000000   0.0000000000  
59.750000000000000   0.0000000000   0.0000000000   0.0000000000   0.0000000000  
60.250000000000000   0.0000000000   0.0000000000   0.0000000000   0.0000000000  
60.750000000000000   0.0000000000   0.0000000000   0.0000000000   0.0000000000  
61.250000000000000   0.0000000000   0.0000000000   0.0000000000   0.0000000000  
61.750000000000000   0.0000000000   0.0000000000   0.0000000000   0.0000000000  
62.250000000000000   0.0000000000   0.0000000000   0.0000000000   0.0000000000  
62.750000000000000   0.0000000000   0.0000000000   0.0000000000   0.0000000000  
63.250000000000000   0.0000000000   0.0000000000   0.0000000000   0.0000000000  
63.750000000000000   0.0000000000   0.0000000000   0.0000000000   0.0000000000  
