# block location
#il    iu    jl     ju    kl    ku   corresp. facets
   9	  24	   9	  24	   1	  17	   1	   2	   3	   4	   5
   9	  24	  41	  56	   1	  17	   6	   7	   8	   9	  10
  41	  56	   9	  24	   1	  17	  11	  12	  13	  14	  15
  41	  56	  41	  56	   1	  17	  16	  17	  18	  19	  20
   8	   8	   9	  24	   0	   0	  77	   0	   0	   0	   0
  25	  25	   9	  24	   0	   0	  78	   0	   0	   0	   0
   9	  18	  25	  25	   0	   0	  79	   0	   0	   0	   0
   9	  18	   1	   8	   0	   0	  80	   0	   0	   0	   0
   8	   8	  41	  56	   0	   0	  81	   0	   0	   0	   0
  25	  25	  41	  56	   0	   0	  82	   0	   0	   0	   0
   9	  18	  57	  64	   0	   0	  83	   0	   0	   0	   0
   9	  18	  36	  40	   0	   0	  84	   0	   0	   0	   0
  40	  40	   9	  24	   0	   0	  85	   0	   0	   0	   0
  57	  57	   9	  24	   0	   0	  86	   0	   0	   0	   0
  41	  50	  25	  25	   0	   0	  87	   0	   0	   0	   0
  41	  50	   1	   8	   0	   0	  88	   0	   0	   0	   0
  40	  40	  41	  56	   0	   0	  89	   0	   0	   0	   0
  57	  57	  41	  56	   0	   0	  90	   0	   0	   0	   0
  41	  50	  57	  64	   0	   0	  91	   0	   0	   0	   0
  41	  50	  36	  40	   0	   0	  92	   0	   0	   0	   0
   1	   7	   1	  10	   0	   0	  93	   0	   0	   0	   0
   8	   8	   1	   8	   0	   0	  94	   0	   0	   0	   0
  25	  25	   1	   8	   0	   0	  95	   0	   0	   0	   0
  26	  35	   1	  10	   0	   0	  96	   0	   0	   0	   0
  40	  40	   1	   8	   0	   0	  97	   0	   0	   0	   0
  57	  57	   1	   8	   0	   0	  98	   0	   0	   0	   0
  58	  64	   1	  10	   0	   0	  99	   0	   0	   0	   0
   1	   7	  11	  20	   0	   0	 100	   0	   0	   0	   0
   8	   8	  25	  34	   0	   0	 101	   0	   0	   0	   0
   9	  18	  26	  35	   0	   0	 102	   0	   0	   0	   0
  25	  25	  25	  34	   0	   0	 103	   0	   0	   0	   0
  26	  35	  11	  20	   0	   0	 104	   0	   0	   0	   0
  40	  40	  25	  34	   0	   0	 105	   0	   0	   0	   0
  41	  50	  26	  35	   0	   0	 106	   0	   0	   0	   0
  57	  57	  25	  34	   0	   0	 107	   0	   0	   0	   0
  58	  64	  11	  20	   0	   0	 108	   0	   0	   0	   0
   1	   7	  21	  30	   0	   0	 109	   0	   0	   0	   0
   8	   8	  35	  40	   0	   0	 110	   0	   0	   0	   0
  25	  25	  35	  40	   0	   0	 111	   0	   0	   0	   0
  26	  35	  21	  30	   0	   0	 112	   0	   0	   0	   0
  40	  40	  35	  40	   0	   0	 113	   0	   0	   0	   0
  57	  57	  35	  40	   0	   0	 114	   0	   0	   0	   0
  58	  64	  21	  30	   0	   0	 115	   0	   0	   0	   0
   1	   7	  31	  40	   0	   0	 116	   0	   0	   0	   0
   8	   8	  57	  64	   0	   0	 117	   0	   0	   0	   0
  25	  25	  57	  64	   0	   0	 118	   0	   0	   0	   0
  26	  35	  31	  40	   0	   0	 119	   0	   0	   0	   0
  40	  40	  57	  64	   0	   0	 120	   0	   0	   0	   0
  57	  57	  57	  64	   0	   0	 121	   0	   0	   0	   0
  58	  64	  31	  40	   0	   0	 122	   0	   0	   0	   0
   1	   7	  41	  50	   0	   0	 123	   0	   0	   0	   0
  26	  35	  41	  50	   0	   0	 124	   0	   0	   0	   0
  58	  64	  41	  50	   0	   0	 125	   0	   0	   0	   0
   1	   7	  51	  60	   0	   0	 126	   0	   0	   0	   0
  26	  35	  51	  60	   0	   0	 127	   0	   0	   0	   0
  58	  64	  51	  60	   0	   0	 128	   0	   0	   0	   0
   1	   7	  61	  64	   0	   0	 129	   0	   0	   0	   0
  26	  35	  61	  64	   0	   0	 130	   0	   0	   0	   0
  58	  64	  61	  64	   0	   0	 131	   0	   0	   0	   0
  19	  24	  25	  25	   0	   0	 132	   0	   0	   0	   0
  19	  24	   1	   8	   0	   0	 133	   0	   0	   0	   0
  19	  24	  57	  64	   0	   0	 134	   0	   0	   0	   0
  19	  24	  36	  40	   0	   0	 135	   0	   0	   0	   0
  51	  56	  25	  25	   0	   0	 136	   0	   0	   0	   0
  51	  56	   1	   8	   0	   0	 137	   0	   0	   0	   0
  51	  56	  57	  64	   0	   0	 138	   0	   0	   0	   0
  51	  56	  36	  40	   0	   0	 139	   0	   0	   0	   0
  36	  39	   1	  10	   0	   0	 140	   0	   0	   0	   0
  19	  24	  26	  35	   0	   0	 141	   0	   0	   0	   0
  36	  39	  11	  20	   0	   0	 142	   0	   0	   0	   0
  51	  56	  26	  35	   0	   0	 143	   0	   0	   0	   0
  36	  39	  21	  30	   0	   0	 144	   0	   0	   0	   0
  36	  39	  31	  40	   0	   0	 145	   0	   0	   0	   0
  36	  39	  41	  50	   0	   0	 146	   0	   0	   0	   0
  36	  39	  51	  60	   0	   0	 147	   0	   0	   0	   0
  36	  39	  61	  64	   0	   0	 148	   0	   0	   0	   0
