 #  input file Large Scale Forcings - RICO Trade Cu Period (12/16-01/08)
#  height      ug        vg       wfls      dqtdxls  dqtdyls  dqtdtls dthlrad
2.0000E+001	-9.8600E+000	-3.8000E+000	-4.42E-005	0.00E+000	0.00E+000	-1.15E-008	-2.89E-005
6.0000E+001	-9.7800E+000	-3.8000E+000	-1.33E-004	0.00E+000	0.00E+000	-1.13E-008	-2.89E-005
1.0000E+002	-9.7000E+000	-3.8000E+000	-2.21E-004	0.00E+000	0.00E+000	-1.11E-008	-2.89E-005
1.4000E+002	-9.6200E+000	-3.8000E+000	-3.10E-004	0.00E+000	0.00E+000	-1.08E-008	-2.89E-005
1.8000E+002	-9.5400E+000	-3.8000E+000	-3.98E-004	0.00E+000	0.00E+000	-1.06E-008	-2.89E-005
2.2000E+002	-9.4600E+000	-3.8000E+000	-4.87E-004	0.00E+000	0.00E+000	-1.04E-008	-2.89E-005
2.6000E+002	-9.3800E+000	-3.8000E+000	-5.75E-004	0.00E+000	0.00E+000	-1.02E-008	-2.89E-005
3.0000E+002	-9.3000E+000	-3.8000E+000	-6.64E-004	0.00E+000	0.00E+000	-1.00E-008	-2.89E-005
3.4000E+002	-9.2200E+000	-3.8000E+000	-7.52E-004	0.00E+000	0.00E+000	-9.80E-009	-2.89E-005
3.8000E+002	-9.1400E+000	-3.8000E+000	-8.41E-004	0.00E+000	0.00E+000	-9.59E-009	-2.89E-005
4.2000E+002	-9.0600E+000	-3.8000E+000	-9.29E-004	0.00E+000	0.00E+000	-9.38E-009	-2.89E-005
4.6000E+002	-8.9800E+000	-3.8000E+000	-1.02E-003	0.00E+000	0.00E+000	-9.17E-009	-2.89E-005
5.0000E+002	-8.9000E+000	-3.8000E+000	-1.11E-003	0.00E+000	0.00E+000	-8.96E-009	-2.89E-005
5.4000E+002	-8.8200E+000	-3.8000E+000	-1.19E-003	0.00E+000	0.00E+000	-8.75E-009	-2.89E-005
5.8000E+002	-8.7400E+000	-3.8000E+000	-1.28E-003	0.00E+000	0.00E+000	-8.54E-009	-2.89E-005
6.2000E+002	-8.6600E+000	-3.8000E+000	-1.37E-003	0.00E+000	0.00E+000	-8.33E-009	-2.89E-005
6.6000E+002	-8.5800E+000	-3.8000E+000	-1.46E-003	0.00E+000	0.00E+000	-8.12E-009	-2.89E-005
7.0000E+002	-8.5000E+000	-3.8000E+000	-1.55E-003	0.00E+000	0.00E+000	-7.92E-009	-2.89E-005
7.4000E+002	-8.4200E+000	-3.8000E+000	-1.64E-003	0.00E+000	0.00E+000	-7.71E-009	-2.89E-005
7.8000E+002	-8.3400E+000	-3.8000E+000	-1.73E-003	0.00E+000	0.00E+000	-7.50E-009	-2.89E-005
8.2000E+002	-8.2600E+000	-3.8000E+000	-1.81E-003	0.00E+000	0.00E+000	-7.29E-009	-2.89E-005
8.6000E+002	-8.1800E+000	-3.8000E+000	-1.90E-003	0.00E+000	0.00E+000	-7.08E-009	-2.89E-005
9.0000E+002	-8.1000E+000	-3.8000E+000	-1.99E-003	0.00E+000	0.00E+000	-6.87E-009	-2.89E-005
9.4000E+002	-8.0200E+000	-3.8000E+000	-2.08E-003	0.00E+000	0.00E+000	-6.66E-009	-2.89E-005
9.8000E+002	-7.9400E+000	-3.8000E+000	-2.17E-003	0.00E+000	0.00E+000	-6.45E-009	-2.89E-005
1.0200E+003	-7.8600E+000	-3.8000E+000	-2.26E-003	0.00E+000	0.00E+000	-6.24E-009	-2.89E-005
1.0600E+003	-7.7800E+000	-3.8000E+000	-2.35E-003	0.00E+000	0.00E+000	-6.03E-009	-2.89E-005
1.1000E+003	-7.7000E+000	-3.8000E+000	-2.43E-003	0.00E+000	0.00E+000	-5.83E-009	-2.89E-005
1.1400E+003	-7.6200E+000	-3.8000E+000	-2.52E-003	0.00E+000	0.00E+000	-5.62E-009	-2.89E-005
1.1800E+003	-7.5400E+000	-3.8000E+000	-2.61E-003	0.00E+000	0.00E+000	-5.41E-009	-2.89E-005
1.2200E+003	-7.4600E+000	-3.8000E+000	-2.70E-003	0.00E+000	0.00E+000	-5.20E-009	-2.89E-005
1.2600E+003	-7.3800E+000	-3.8000E+000	-2.79E-003	0.00E+000	0.00E+000	-4.99E-009	-2.89E-005
1.3000E+003	-7.3000E+000	-3.8000E+000	-2.88E-003	0.00E+000	0.00E+000	-4.78E-009	-2.89E-005
1.3400E+003	-7.2200E+000	-3.8000E+000	-2.96E-003	0.00E+000	0.00E+000	-4.57E-009	-2.89E-005
1.3800E+003	-7.1400E+000	-3.8000E+000	-3.05E-003	0.00E+000	0.00E+000	-4.36E-009	-2.89E-005
1.4200E+003	-7.0600E+000	-3.8000E+000	-3.14E-003	0.00E+000	0.00E+000	-4.15E-009	-2.89E-005
1.4600E+003	-6.9800E+000	-3.8000E+000	-3.23E-003	0.00E+000	0.00E+000	-3.94E-009	-2.89E-005
1.5000E+003	-6.9000E+000	-3.8000E+000	-3.32E-003	0.00E+000	0.00E+000	-3.73E-009	-2.89E-005
1.5400E+003	-6.8200E+000	-3.8000E+000	-3.41E-003	0.00E+000	0.00E+000	-3.53E-009	-2.89E-005
1.5800E+003	-6.7400E+000	-3.8000E+000	-3.50E-003	0.00E+000	0.00E+000	-3.32E-009	-2.89E-005
1.6200E+003	-6.6600E+000	-3.8000E+000	-3.58E-003	0.00E+000	0.00E+000	-3.11E-009	-2.89E-005
1.6600E+003	-6.5800E+000	-3.8000E+000	-3.67E-003	0.00E+000	0.00E+000	-2.90E-009	-2.89E-005
1.7000E+003	-6.5000E+000	-3.8000E+000	-3.76E-003	0.00E+000	0.00E+000	-2.69E-009	-2.89E-005
1.7400E+003	-6.4200E+000	-3.8000E+000	-3.85E-003	0.00E+000	0.00E+000	-2.48E-009	-2.89E-005
1.7800E+003	-6.3400E+000	-3.8000E+000	-3.94E-003	0.00E+000	0.00E+000	-2.27E-009	-2.89E-005
1.8200E+003	-6.2600E+000	-3.8000E+000	-4.03E-003	0.00E+000	0.00E+000	-2.06E-009	-2.89E-005
1.8600E+003	-6.1800E+000	-3.8000E+000	-4.12E-003	0.00E+000	0.00E+000	-1.85E-009	-2.89E-005
1.9000E+003	-6.1000E+000	-3.8000E+000	-4.20E-003	0.00E+000	0.00E+000	-1.64E-009	-2.89E-005
1.9400E+003	-6.0200E+000	-3.8000E+000	-4.29E-003	0.00E+000	0.00E+000	-1.44E-009	-2.89E-005
1.9800E+003	-5.9400E+000	-3.8000E+000	-4.38E-003	0.00E+000	0.00E+000	-1.23E-009	-2.89E-005
2.0200E+003	-5.8600E+000	-3.8000E+000	-4.47E-003	0.00E+000	0.00E+000	-1.02E-009	-2.89E-005
2.0600E+003	-5.7800E+000	-3.8000E+000	-4.56E-003	0.00E+000	0.00E+000	-8.08E-010	-2.89E-005
2.1000E+003	-5.7000E+000	-3.8000E+000	-4.65E-003	0.00E+000	0.00E+000	-5.99E-010	-2.89E-005
2.1400E+003	-5.6200E+000	-3.8000E+000	-4.73E-003	0.00E+000	0.00E+000	-3.90E-010	-2.89E-005
2.1800E+003	-5.5400E+000	-3.8000E+000	-4.82E-003	0.00E+000	0.00E+000	-1.81E-010	-2.89E-005
2.2200E+003	-5.4600E+000	-3.8000E+000	-4.91E-003	0.00E+000	0.00E+000	2.81E-011	-2.89E-005
2.2600E+003	-5.3800E+000	-3.8000E+000	-5.00E-003	0.00E+000	0.00E+000	2.37E-010	-2.89E-005
2.3000E+003	-5.3000E+000	-3.8000E+000	-5.00E-003	0.00E+000	0.00E+000	4.46E-010	-2.89E-005
2.3400E+003	-5.2200E+000	-3.8000E+000	-5.00E-003	0.00E+000	0.00E+000	6.55E-010	-2.89E-005
2.3800E+003	-5.1400E+000	-3.8000E+000	-5.00E-003	0.00E+000	0.00E+000	8.64E-010	-2.89E-005
2.4200E+003	-5.0600E+000	-3.8000E+000	-5.00E-003	0.00E+000	0.00E+000	1.07E-009	-2.89E-005
2.4600E+003	-4.9800E+000	-3.8000E+000	-5.00E-003	0.00E+000	0.00E+000	1.28E-009	-2.89E-005
2.5000E+003	-4.9000E+000	-3.8000E+000	-5.00E-003	0.00E+000	0.00E+000	1.49E-009	-2.89E-005
2.5400E+003	-4.8200E+000	-3.8000E+000	-5.00E-003	0.00E+000	0.00E+000	1.70E-009	-2.89E-005
2.5800E+003	-4.7400E+000	-3.8000E+000	-5.00E-003	0.00E+000	0.00E+000	1.91E-009	-2.89E-005
2.6200E+003	-4.6600E+000	-3.8000E+000	-5.00E-003	0.00E+000	0.00E+000	2.12E-009	-2.89E-005
2.6600E+003	-4.5800E+000	-3.8000E+000	-5.00E-003	0.00E+000	0.00E+000	2.33E-009	-2.89E-005
2.7000E+003	-4.5000E+000	-3.8000E+000	-5.00E-003	0.00E+000	0.00E+000	2.54E-009	-2.89E-005
2.7400E+003	-4.4200E+000	-3.8000E+000	-5.00E-003	0.00E+000	0.00E+000	2.75E-009	-2.89E-005
2.7800E+003	-4.3400E+000	-3.8000E+000	-5.00E-003	0.00E+000	0.00E+000	2.95E-009	-2.89E-005
2.8200E+003	-4.2600E+000	-3.8000E+000	-5.00E-003	0.00E+000	0.00E+000	3.16E-009	-2.89E-005
2.8600E+003	-4.1800E+000	-3.8000E+000	-5.00E-003	0.00E+000	0.00E+000	3.37E-009	-2.89E-005
2.9000E+003	-4.1000E+000	-3.8000E+000	-5.00E-003	0.00E+000	0.00E+000	3.58E-009	-2.89E-005
2.9400E+003	-4.0200E+000	-3.8000E+000	-5.00E-003	0.00E+000	0.00E+000	3.79E-009	-2.89E-005
2.9800E+003	-3.9400E+000	-3.8000E+000	-5.00E-003	0.00E+000	0.00E+000	4.00E-009	-2.89E-005
3.0200E+003	-3.8600E+000	-3.8000E+000	-5.00E-003	0.00E+000	0.00E+000	4.00E-009	-2.89E-005
3.0600E+003	-3.7800E+000	-3.8000E+000	-5.00E-003	0.00E+000	0.00E+000	4.00E-009	-2.89E-005
3.1000E+003	-3.7000E+000	-3.8000E+000	-5.00E-003	0.00E+000	0.00E+000	4.00E-009	-2.89E-005
3.1400E+003	-3.6200E+000	-3.8000E+000	-5.00E-003	0.00E+000	0.00E+000	4.00E-009	-2.89E-005
3.1800E+003	-3.5400E+000	-3.8000E+000	-5.00E-003	0.00E+000	0.00E+000	4.00E-009	-2.89E-005
3.2200E+003	-3.4600E+000	-3.8000E+000	-5.00E-003	0.00E+000	0.00E+000	4.00E-009	-2.89E-005
3.2600E+003	-3.3800E+000	-3.8000E+000	-5.00E-003	0.00E+000	0.00E+000	4.00E-009	-2.89E-005
3.3000E+003	-3.3000E+000	-3.8000E+000	-5.00E-003	0.00E+000	0.00E+000	4.00E-009	-2.89E-005
3.3400E+003	-3.2200E+000	-3.8000E+000	-5.00E-003	0.00E+000	0.00E+000	4.00E-009	-2.89E-005
3.3800E+003	-3.1400E+000	-3.8000E+000	-5.00E-003	0.00E+000	0.00E+000	4.00E-009	-2.89E-005
3.4200E+003	-3.0600E+000	-3.8000E+000	-5.00E-003	0.00E+000	0.00E+000	4.00E-009	-2.89E-005
3.4600E+003	-2.9800E+000	-3.8000E+000	-5.00E-003	0.00E+000	0.00E+000	4.00E-009	-2.89E-005
3.5000E+003	-2.9000E+000	-3.8000E+000	-5.00E-003	0.00E+000	0.00E+000	4.00E-009	-2.89E-005
3.5400E+003	-2.8200E+000	-3.8000E+000	-5.00E-003	0.00E+000	0.00E+000	4.00E-009	-2.89E-005
3.5800E+003	-2.7400E+000	-3.8000E+000	-5.00E-003	0.00E+000	0.00E+000	4.00E-009	-2.89E-005
3.6200E+003	-2.6600E+000	-3.8000E+000	-5.00E-003	0.00E+000	0.00E+000	4.00E-009	-2.89E-005
3.6600E+003	-2.5800E+000	-3.8000E+000	-5.00E-003	0.00E+000	0.00E+000	4.00E-009	-2.89E-005
3.7000E+003	-2.5000E+000	-3.8000E+000	-5.00E-003	0.00E+000	0.00E+000	4.00E-009	-2.89E-005
3.7400E+003	-2.4200E+000	-3.8000E+000	-5.00E-003	0.00E+000	0.00E+000	4.00E-009	-2.89E-005
3.7800E+003	-2.3400E+000	-3.8000E+000	-5.00E-003	0.00E+000	0.00E+000	4.00E-009	-2.89E-005
3.8200E+003	-2.2600E+000	-3.8000E+000	-5.00E-003	0.00E+000	0.00E+000	4.00E-009	-2.89E-005
3.8600E+003	-2.1800E+000	-3.8000E+000	-5.00E-003	0.00E+000	0.00E+000	4.00E-009	-2.89E-005
3.9000E+003	-2.1000E+000	-3.8000E+000	-5.00E-003	0.00E+000	0.00E+000	4.00E-009	-2.89E-005
3.9400E+003	-2.0200E+000	-3.8000E+000	-5.00E-003	0.00E+000	0.00E+000	4.00E-009	-2.89E-005
3.9800E+003	-1.9400E+000	-3.8000E+000	-5.00E-003	0.00E+000	0.00E+000	4.00E-009	-2.89E-005
4.0200E+003	-1.8600E+000	-3.8000E+000	-5.00E-003	0.00E+000	0.00E+000	4.00E-009	-2.89E-005
4.0600E+003	-1.7800E+000	-3.8000E+000	-5.00E-003	0.00E+000	0.00E+000	4.00E-009	-2.89E-005
4.1000E+003	-1.7000E+000	-3.8000E+000	-5.00E-003	0.00E+000	0.00E+000	4.00E-009	-2.89E-005
4.1400E+003	-1.6200E+000	-3.8000E+000	-5.00E-003	0.00E+000	0.00E+000	4.00E-009	-2.89E-005
4.1800E+003	-1.5400E+000	-3.8000E+000	-5.00E-003	0.00E+000	0.00E+000	4.00E-009	-2.89E-005
4.2200E+003	-1.4600E+000	-3.8000E+000	-5.00E-003	0.00E+000	0.00E+000	4.00E-009	-2.89E-005
4.2600E+003	-1.3800E+000	-3.8000E+000	-5.00E-003	0.00E+000	0.00E+000	4.00E-009	-2.89E-005
4.3000E+003	-1.3000E+000	-3.8000E+000	-5.00E-003	0.00E+000	0.00E+000	4.00E-009	-2.89E-005
4.3400E+003	-1.2200E+000	-3.8000E+000	-5.00E-003	0.00E+000	0.00E+000	4.00E-009	-2.89E-005
4.3800E+003	-1.1400E+000	-3.8000E+000	-5.00E-003	0.00E+000	0.00E+000	4.00E-009	-2.89E-005
4.4200E+003	-1.0600E+000	-3.8000E+000	-5.00E-003	0.00E+000	0.00E+000	4.00E-009	-2.89E-005
4.4600E+003	-9.8000E-001	-3.8000E+000	-5.00E-003	0.00E+000	0.00E+000	4.00E-009	-2.89E-005
4.5000E+003	-9.0000E-001	-3.8000E+000	-5.00E-003	0.00E+000	0.00E+000	4.00E-009	-2.89E-005
4.5400E+003	-8.2000E-001	-3.8000E+000	-5.00E-003	0.00E+000	0.00E+000	4.00E-009	-2.89E-005
4.5800E+003	-7.4000E-001	-3.8000E+000	-5.00E-003	0.00E+000	0.00E+000	4.00E-009	-2.89E-005
4.6200E+003	-6.6000E-001	-3.8000E+000	-5.00E-003	0.00E+000	0.00E+000	4.00E-009	-2.89E-005
4.6600E+003	-5.8000E-001	-3.8000E+000	-5.00E-003	0.00E+000	0.00E+000	4.00E-009	-2.89E-005
4.7000E+003	-5.0000E-001	-3.8000E+000	-5.00E-003	0.00E+000	0.00E+000	4.00E-009	-2.89E-005
4.7400E+003	-4.2000E-001	-3.8000E+000	-5.00E-003	0.00E+000	0.00E+000	4.00E-009	-2.89E-005
4.7800E+003	-3.4000E-001	-3.8000E+000	-5.00E-003	0.00E+000	0.00E+000	4.00E-009	-2.89E-005
4.8200E+003	-2.6000E-001	-3.8000E+000	-5.00E-003	0.00E+000	0.00E+000	4.00E-009	-2.89E-005
4.8600E+003	-1.8000E-001	-3.8000E+000	-5.00E-003	0.00E+000	0.00E+000	4.00E-009	-2.89E-005
4.9000E+003	-1.0000E-001	-3.8000E+000	-5.00E-003	0.00E+000	0.00E+000	4.00E-009	-2.89E-005
4.9400E+003	-2.0000E-002	-3.8000E+000	-5.00E-003	0.00E+000	0.00E+000	4.00E-009	-2.89E-005
4.9800E+003	6.0000E-002	-3.8000E+000	-5.00E-003	0.00E+000	0.00E+000	4.00E-009	-2.89E-005
5.0200E+003	1.4000E-001	-3.8000E+000	-5.00E-003	0.00E+000	0.00E+000	4.00E-009	-2.89E-005
