 #  input file Profiles - RICO Trade Cu Period (12/16-01/08)
#  height  th_l  q_t   u    v  TKE_init
2.0000E+001	2.9790E+002	1.5941E-002	-9.8600E+000	-3.8000E+000	9.9500E-001
6.0000E+001	2.9790E+002	1.5822E-002	-9.7800E+000	-3.8000E+000	9.8500E-001
1.0000E+002	2.9790E+002	1.5703E-002	-9.7000E+000	-3.8000E+000	9.7500E-001
1.4000E+002	2.9790E+002	1.5584E-002	-9.6200E+000	-3.8000E+000	9.6500E-001
1.8000E+002	2.9790E+002	1.5465E-002	-9.5400E+000	-3.8000E+000	9.5500E-001
2.2000E+002	2.9790E+002	1.5346E-002	-9.4600E+000	-3.8000E+000	9.4500E-001
2.6000E+002	2.9790E+002	1.5227E-002	-9.3800E+000	-3.8000E+000	9.3500E-001
3.0000E+002	2.9790E+002	1.5108E-002	-9.3000E+000	-3.8000E+000	9.2500E-001
3.4000E+002	2.9790E+002	1.4989E-002	-9.2200E+000	-3.8000E+000	9.1500E-001
3.8000E+002	2.9790E+002	1.4870E-002	-9.1400E+000	-3.8000E+000	9.0500E-001
4.2000E+002	2.9790E+002	1.4751E-002	-9.0600E+000	-3.8000E+000	8.9500E-001
4.6000E+002	2.9790E+002	1.4632E-002	-8.9800E+000	-3.8000E+000	8.8500E-001
5.0000E+002	2.9790E+002	1.4514E-002	-8.9000E+000	-3.8000E+000	8.7500E-001
5.4000E+002	2.9790E+002	1.4395E-002	-8.8200E+000	-3.8000E+000	8.6500E-001
5.8000E+002	2.9790E+002	1.4276E-002	-8.7400E+000	-3.8000E+000	8.5500E-001
6.2000E+002	2.9790E+002	1.4157E-002	-8.6600E+000	-3.8000E+000	8.4500E-001
6.6000E+002	2.9790E+002	1.4038E-002	-8.5800E+000	-3.8000E+000	8.3500E-001
7.0000E+002	2.9790E+002	1.3919E-002	-8.5000E+000	-3.8000E+000	8.2500E-001
7.4000E+002	2.9790E+002	1.3800E-002	-8.4200E+000	-3.8000E+000	8.1500E-001
7.8000E+002	2.9813E+002	1.3619E-002	-8.3400E+000	-3.8000E+000	8.0500E-001
8.2000E+002	2.9837E+002	1.3438E-002	-8.2600E+000	-3.8000E+000	7.9500E-001
8.6000E+002	2.9860E+002	1.3257E-002	-8.1800E+000	-3.8000E+000	7.8500E-001
9.0000E+002	2.9884E+002	1.3076E-002	-8.1000E+000	-3.8000E+000	7.7500E-001
9.4000E+002	2.9907E+002	1.2895E-002	-8.0200E+000	-3.8000E+000	7.6500E-001
9.8000E+002	2.9931E+002	1.2714E-002	-7.9400E+000	-3.8000E+000	7.5500E-001
1.0200E+003	2.9954E+002	1.2533E-002	-7.8600E+000	-3.8000E+000	7.4500E-001
1.0600E+003	2.9977E+002	1.2352E-002	-7.7800E+000	-3.8000E+000	7.3500E-001
1.1000E+003	3.0001E+002	1.2171E-002	-7.7000E+000	-3.8000E+000	7.2500E-001
1.1400E+003	3.0024E+002	1.1990E-002	-7.6200E+000	-3.8000E+000	7.1500E-001
1.1800E+003	3.0048E+002	1.1810E-002	-7.5400E+000	-3.8000E+000	7.0500E-001
1.2200E+003	3.0071E+002	1.1629E-002	-7.4600E+000	-3.8000E+000	6.9500E-001
1.2600E+003	3.0095E+002	1.1448E-002	-7.3800E+000	-3.8000E+000	6.8500E-001
1.3000E+003	3.0118E+002	1.1267E-002	-7.3000E+000	-3.8000E+000	6.7500E-001
1.3400E+003	3.0142E+002	1.1086E-002	-7.2200E+000	-3.8000E+000	6.6500E-001
1.3800E+003	3.0165E+002	1.0905E-002	-7.1400E+000	-3.8000E+000	6.5500E-001
1.4200E+003	3.0188E+002	1.0724E-002	-7.0600E+000	-3.8000E+000	6.4500E-001
1.4600E+003	3.0212E+002	1.0543E-002	-6.9800E+000	-3.8000E+000	6.3500E-001
1.5000E+003	3.0235E+002	1.0362E-002	-6.9000E+000	-3.8000E+000	6.2500E-001
1.5400E+003	3.0259E+002	1.0181E-002	-6.8200E+000	-3.8000E+000	6.1500E-001
1.5800E+003	3.0282E+002	1.0000E-002	-6.7400E+000	-3.8000E+000	6.0500E-001
1.6200E+003	3.0306E+002	9.8190E-003	-6.6600E+000	-3.8000E+000	5.9500E-001
1.6600E+003	3.0329E+002	9.6381E-003	-6.5800E+000	-3.8000E+000	5.8500E-001
1.7000E+003	3.0352E+002	9.4571E-003	-6.5000E+000	-3.8000E+000	5.7500E-001
1.7400E+003	3.0376E+002	9.2762E-003	-6.4200E+000	-3.8000E+000	5.6500E-001
1.7800E+003	3.0399E+002	9.0952E-003	-6.3400E+000	-3.8000E+000	5.5500E-001
1.8200E+003	3.0423E+002	8.9143E-003	-6.2600E+000	-3.8000E+000	5.4500E-001
1.8600E+003	3.0446E+002	8.7333E-003	-6.1800E+000	-3.8000E+000	5.3500E-001
1.9000E+003	3.0470E+002	8.5524E-003	-6.1000E+000	-3.8000E+000	5.2500E-001
1.9400E+003	3.0493E+002	8.3714E-003	-6.0200E+000	-3.8000E+000	5.1500E-001
1.9800E+003	3.0517E+002	8.1905E-003	-5.9400E+000	-3.8000E+000	5.0500E-001
2.0200E+003	3.0540E+002	8.0095E-003	-5.8600E+000	-3.8000E+000	4.9500E-001
2.0600E+003	3.0563E+002	7.8286E-003	-5.7800E+000	-3.8000E+000	4.8500E-001
2.1000E+003	3.0587E+002	7.6476E-003	-5.7000E+000	-3.8000E+000	4.7500E-001
2.1400E+003	3.0610E+002	7.4667E-003	-5.6200E+000	-3.8000E+000	4.6500E-001
2.1800E+003	3.0634E+002	7.2857E-003	-5.5400E+000	-3.8000E+000	4.5500E-001
2.2200E+003	3.0657E+002	7.1048E-003	-5.4600E+000	-3.8000E+000	4.4500E-001
2.2600E+003	3.0681E+002	6.9238E-003	-5.3800E+000	-3.8000E+000	4.3500E-001
2.3000E+003	3.0704E+002	6.7429E-003	-5.3000E+000	-3.8000E+000	4.2500E-001
2.3400E+003	3.0727E+002	6.5619E-003	-5.2200E+000	-3.8000E+000	4.1500E-001
2.3800E+003	3.0751E+002	6.3810E-003	-5.1400E+000	-3.8000E+000	4.0500E-001
2.4200E+003	3.0774E+002	6.2000E-003	-5.0600E+000	-3.8000E+000	3.9500E-001
2.4600E+003	3.0798E+002	6.0190E-003	-4.9800E+000	-3.8000E+000	3.8500E-001
2.5000E+003	3.0821E+002	5.8381E-003	-4.9000E+000	-3.8000E+000	3.7500E-001
2.5400E+003	3.0845E+002	5.6571E-003	-4.8200E+000	-3.8000E+000	3.6500E-001
2.5800E+003	3.0868E+002	5.4762E-003	-4.7400E+000	-3.8000E+000	3.5500E-001
2.6200E+003	3.0891E+002	5.2952E-003	-4.6600E+000	-3.8000E+000	3.4500E-001
2.6600E+003	3.0915E+002	5.1143E-003	-4.5800E+000	-3.8000E+000	3.3500E-001
2.7000E+003	3.0938E+002	4.9333E-003	-4.5000E+000	-3.8000E+000	3.2500E-001
2.7400E+003	3.0962E+002	4.7524E-003	-4.4200E+000	-3.8000E+000	3.1500E-001
2.7800E+003	3.0985E+002	4.5714E-003	-4.3400E+000	-3.8000E+000	3.0500E-001
2.8200E+003	3.1009E+002	4.3905E-003	-4.2600E+000	-3.8000E+000	2.9500E-001
2.8600E+003	3.1032E+002	4.2095E-003	-4.1800E+000	-3.8000E+000	2.8500E-001
2.9000E+003	3.1056E+002	4.0286E-003	-4.1000E+000	-3.8000E+000	2.7500E-001
2.9400E+003	3.1079E+002	3.8476E-003	-4.0200E+000	-3.8000E+000	2.6500E-001
2.9800E+003	3.1102E+002	3.6667E-003	-3.9400E+000	-3.8000E+000	2.5500E-001
3.0200E+003	3.1126E+002	3.4857E-003	-3.8600E+000	-3.8000E+000	2.4500E-001
3.0600E+003	3.1149E+002	3.3048E-003	-3.7800E+000	-3.8000E+000	2.3500E-001
3.1000E+003	3.1173E+002	3.1238E-003	-3.7000E+000	-3.8000E+000	2.2500E-001
3.1400E+003	3.1196E+002	2.9429E-003	-3.6200E+000	-3.8000E+000	2.1500E-001
3.1800E+003	3.1220E+002	2.7619E-003	-3.5400E+000	-3.8000E+000	2.0500E-001
3.2200E+003	3.1243E+002	2.5810E-003	-3.4600E+000	-3.8000E+000	1.9500E-001
3.2600E+003	3.1266E+002	2.4000E-003	-3.3800E+000	-3.8000E+000	1.8500E-001
3.3000E+003	3.1290E+002	2.3676E-003	-3.3000E+000	-3.8000E+000	1.7500E-001
3.3400E+003	3.1313E+002	2.3351E-003	-3.2200E+000	-3.8000E+000	1.6500E-001
3.3800E+003	3.1337E+002	2.3027E-003	-3.1400E+000	-3.8000E+000	1.5500E-001
3.4200E+003	3.1360E+002	2.2703E-003	-3.0600E+000	-3.8000E+000	1.4500E-001
3.4600E+003	3.1384E+002	2.2378E-003	-2.9800E+000	-3.8000E+000	1.3500E-001
3.5000E+003	3.1407E+002	2.2054E-003	-2.9000E+000	-3.8000E+000	1.2500E-001
3.5400E+003	3.1430E+002	2.1730E-003	-2.8200E+000	-3.8000E+000	1.1500E-001
3.5800E+003	3.1454E+002	2.1405E-003	-2.7400E+000	-3.8000E+000	1.0500E-001
3.6200E+003	3.1477E+002	2.1081E-003	-2.6600E+000	-3.8000E+000	9.5000E-002
3.6600E+003	3.1501E+002	2.0757E-003	-2.5800E+000	-3.8000E+000	8.5000E-002
3.7000E+003	3.1524E+002	2.0432E-003	-2.5000E+000	-3.8000E+000	7.5000E-002
3.7400E+003	3.1548E+002	2.0108E-003	-2.4200E+000	-3.8000E+000	6.5000E-002
3.7800E+003	3.1571E+002	1.9784E-003	-2.3400E+000	-3.8000E+000	5.5000E-002
3.8200E+003	3.1595E+002	1.9459E-003	-2.2600E+000	-3.8000E+000	4.5000E-002
3.8600E+003	3.1618E+002	1.9135E-003	-2.1800E+000	-3.8000E+000	3.5000E-002
3.9000E+003	3.1641E+002	1.8811E-003	-2.1000E+000	-3.8000E+000	2.5000E-002
3.9400E+003	3.1665E+002	1.8486E-003	-2.0200E+000	-3.8000E+000	1.5000E-002
3.9800E+003	3.1688E+002	1.8162E-003	-1.9400E+000	-3.8000E+000	5.0000E-003
4.0200E+003	3.1712E+002	1.7838E-003	-1.8600E+000	-3.8000E+000	1.0000E-008
4.0600E+003	3.1735E+002	1.7514E-003	-1.7800E+000	-3.8000E+000	1.0000E-008
4.1000E+003	3.1759E+002	1.7189E-003	-1.7000E+000	-3.8000E+000	1.0000E-008
4.1400E+003	3.1782E+002	1.6865E-003	-1.6200E+000	-3.8000E+000	1.0000E-008
4.1800E+003	3.1805E+002	1.6541E-003	-1.5400E+000	-3.8000E+000	1.0000E-008
4.2200E+003	3.1829E+002	1.6216E-003	-1.4600E+000	-3.8000E+000	1.0000E-008
4.2600E+003	3.1852E+002	1.5892E-003	-1.3800E+000	-3.8000E+000	1.0000E-008
4.3000E+003	3.1876E+002	1.5568E-003	-1.3000E+000	-3.8000E+000	1.0000E-008
4.3400E+003	3.1899E+002	1.5243E-003	-1.2200E+000	-3.8000E+000	1.0000E-008
4.3800E+003	3.1923E+002	1.4919E-003	-1.1400E+000	-3.8000E+000	1.0000E-008
4.4200E+003	3.1946E+002	1.4595E-003	-1.0600E+000	-3.8000E+000	1.0000E-008
4.4600E+003	3.1970E+002	1.4270E-003	-9.8000E-001	-3.8000E+000	1.0000E-008
4.5000E+003	3.1993E+002	1.3946E-003	-9.0000E-001	-3.8000E+000	1.0000E-008
4.5400E+003	3.2016E+002	1.3622E-003	-8.2000E-001	-3.8000E+000	1.0000E-008
4.5800E+003	3.2040E+002	1.3297E-003	-7.4000E-001	-3.8000E+000	1.0000E-008
4.6200E+003	3.2063E+002	1.2973E-003	-6.6000E-001	-3.8000E+000	1.0000E-008
4.6600E+003	3.2087E+002	1.2649E-003	-5.8000E-001	-3.8000E+000	1.0000E-008
4.7000E+003	3.2110E+002	1.2324E-003	-5.0000E-001	-3.8000E+000	1.0000E-008
4.7400E+003	3.2134E+002	1.2000E-003	-4.2000E-001	-3.8000E+000	1.0000E-008
4.7800E+003	3.2157E+002	1.1676E-003	-3.4000E-001	-3.8000E+000	1.0000E-008
4.8200E+003	3.2180E+002	1.1351E-003	-2.6000E-001	-3.8000E+000	1.0000E-008
4.8600E+003	3.2204E+002	1.1027E-003	-1.8000E-001	-3.8000E+000	1.0000E-008
4.9000E+003	3.2227E+002	1.0703E-003	-1.0000E-001	-3.8000E+000	1.0000E-008
4.9400E+003	3.2251E+002	1.0378E-003	-2.0000E-002	-3.8000E+000	1.0000E-008
4.9800E+003	3.2274E+002	1.0054E-003	6.0000E-002	-3.8000E+000	1.0000E-008
5.0200E+003	3.2298E+002	9.7297E-004	1.4000E-001	-3.8000E+000	1.0000E-008
