#  input file Scalar Profiles - RICO Trade Cu Period (12/16-01/08)
#  height  sv0  sv1
2.0000E+001	0	0
6.0000E+001	0	0
1.0000E+002	0	0
1.4000E+002	0	0
1.8000E+002	0	0
2.2000E+002	0	0
2.6000E+002	0	0
3.0000E+002	0	0
3.4000E+002	0	0
3.8000E+002	0	0
4.2000E+002	0	0
4.6000E+002	0	0
5.0000E+002	0	0
5.4000E+002	0	0
5.8000E+002	0	0
6.2000E+002	0	0
6.6000E+002	0	0
7.0000E+002	0	0
7.4000E+002	0	0
7.8000E+002	0	0
8.2000E+002	0	0
8.6000E+002	0	0
9.0000E+002	0	0
9.4000E+002	0	0
9.8000E+002	0	0
1.0200E+003	0	0
1.0600E+003	0	0
1.1000E+003	0	0
1.1400E+003	0	0
1.1800E+003	0	0
1.2200E+003	0	0
1.2600E+003	0	0
1.3000E+003	0	0
1.3400E+003	0	0
1.3800E+003	0	0
1.4200E+003	0	0
1.4600E+003	0	0
1.5000E+003	0	0
1.5400E+003	0	0
1.5800E+003	0	0
1.6200E+003	0	0
1.6600E+003	0	0
1.7000E+003	0	0
1.7400E+003	0	0
1.7800E+003	0	0
1.8200E+003	0	0
1.8600E+003	0	0
1.9000E+003	0	0
1.9400E+003	0	0
1.9800E+003	0	0
2.0200E+003	0	0
2.0600E+003	0	0
2.1000E+003	0	0
2.1400E+003	0	0
2.1800E+003	0	0
2.2200E+003	0	0
2.2600E+003	0	0
2.3000E+003	0	0
2.3400E+003	0	0
2.3800E+003	0	0
2.4200E+003	0	0
2.4600E+003	0	0
2.5000E+003	0	0
2.5400E+003	0	0
2.5800E+003	0	0
2.6200E+003	0	0
2.6600E+003	0	0
2.7000E+003	0	0
2.7400E+003	0	0
2.7800E+003	0	0
2.8200E+003	0	0
2.8600E+003	0	0
2.9000E+003	0	0
2.9400E+003	0	0
2.9800E+003	0	0
3.0200E+003	0	0
3.0600E+003	0	0
3.1000E+003	0	0
3.1400E+003	0	0
3.1800E+003	0	0
3.2200E+003	0	0
3.2600E+003	0	0
3.3000E+003	0	0
3.3400E+003	0	0
3.3800E+003	0	0
3.4200E+003	0	0
3.4600E+003	0	0
3.5000E+003	0	0
3.5400E+003	0	0
3.5800E+003	0	0
3.6200E+003	0	0
3.6600E+003	0	0
3.7000E+003	0	0
3.7400E+003	0	0
3.7800E+003	0	0
3.8200E+003	0	0
3.8600E+003	0	0
3.9000E+003	0	0
3.9400E+003	0	0
3.9800E+003	0	0
4.0200E+003	0	0
4.0600E+003	0	0
4.1000E+003	0	0
4.1400E+003	0	0
4.1800E+003	0	0
4.2200E+003	0	0
4.2600E+003	0	0
4.3000E+003	0	0
4.3400E+003	0	0
4.3800E+003	0	0
4.4200E+003	0	0
4.4600E+003	0	0
4.5000E+003	0	0
4.5400E+003	0	0
4.5800E+003	0	0
4.6200E+003	0	0
4.6600E+003	0	0
4.7000E+003	0	0
4.7400E+003	0	0
4.7800E+003	0	0
4.8200E+003	0	0
4.8600E+003	0	0
4.9000E+003	0	0
4.9400E+003	0	0
4.9800E+003	0	0
5.0200E+003	0	0
