# facet, area, fluid boundary point, boundary intercept
1  0.5000 15008 0.5000
1  0.5000 15018 0.5000
1  0.5000 15037 0.5000
1  0.5000 15059 0.5000
1  1.0000 15009 0.5000
1  1.0000 15019 0.5000
1  1.0000 15038 0.5000
1  1.0000 15060 0.5000
1  1.0000 15010 0.5000
1  1.0000 15020 0.5000
1  1.0000 15039 0.5000
1  1.0000 15061 0.5000
1  1.0000 15011 0.5000
1  1.0000 15021 0.5000
1  1.0000 15040 0.5000
1  0.8750 15062 0.5000
1  0.1250 15086 0.5000
1  1.0000 15012 0.5000
1  1.0000 15022 0.5000
1  0.8750 15041 0.5000
1  0.1250 15063 0.5000
2  0.1250 15062 0.5000
2  0.8750 15086 0.5000
2  1.0000 15109 0.5000
2  1.0000 15123 0.5000
2  0.1250 15041 0.5000
2  0.8750 15063 0.5000
2  1.0000 15087 0.5000
2  1.0000 15110 0.5000
2  1.0000 15124 0.5000
2  1.0000 15064 0.5000
2  1.0000 15088 0.5000
2  1.0000 15111 0.5000
2  1.0000 15125 0.5000
2  1.0000 15065 0.5000
2  1.0000 15089 0.5000
2  1.0000 15112 0.5000
2  1.0000 15126 0.5000
2  0.5000 15066 0.5000
2  0.5000 15090 0.5000
2  0.5000 15113 0.5000
2  0.5000 15127 0.5000
7  0.0804 1025 0.5000
7  0.3571 1026 0.5000
8  0.5000 1019 0.5000
8  1.0000 1020 0.5000
8  1.0000 1021 0.5000
8  1.0000 1022 0.5000
8  1.0000 1023 0.5000
8  1.0000 1024 0.5000
8  0.9196 1025 0.5000
8  0.1429 1026 0.5000
9  0.5000 293  0.5000
9  0.5000 293  0.5000
9  0.5000 8969 1.0000
9  0.5000 9839 1.0000
9  0.5000 10709 1.0000
9  0.5000 11579 1.0000
9  0.5000 12449 1.0000
9  0.3571 13325 1.0000
9  1.0000 294  0.5000
9  1.0000 294  0.5000
9  1.0000 8983 -1.0000
9  1.0000 9853 -1.0000
9  1.0000 10723 -1.0000
9  1.0000 11593 -1.0000
9  0.7768 14216 -0.5000
9  0.0804 15010 0.5000
9  1.0000 295  0.5000
9  1.0000 295  0.5000
9  1.0000 8983 -1.0000
9  1.0000 9853 -1.0000
9  1.0000 10723 -1.0000
9  0.6786 13329 -0.5000
9  0.0357 14217 -0.5000
9  1.0000 296  0.5000
9  1.0000 296  0.5000
9  1.0000 8984 -1.5000
9  1.0000 11584 -0.5000
9  0.5625 12454 -0.5000
9  0.0089 13330 -0.5000
9  1.0000 297  0.5000
9  1.0000 297  0.5000
9  0.9911 8984 -1.5000
9  0.4375 11594 -1.5000
9  1.0000 298  0.5000
9  0.9196 299  0.5000
9  0.2232 299  0.5000
9  0.1429 300  0.5000
10 0.1429 13325 1.0000
10 0.2232 12450 0.0000
10 0.9196 13326 0.0000
10 0.3214 11581 -0.5000
10 0.9643 12451 -0.5000
10 1.0000 13339 -1.0000
10 0.4375 10712 -0.5000
10 0.9911 11594 -1.5000
10 1.0000 12464 -1.5000
10 1.0000 13340 -1.5000
10 0.0089 8973 -0.5000
10 0.5625 9843 -0.5000
10 1.0000 10724 -1.5000
10 1.0000 11594 -1.5000
10 1.0000 12464 -1.5000
10 1.0000 15021 0.5000
10 0.0804 299  0.5000
10 0.7768 299  0.5000
10 1.0000 8985 -1.0000
10 1.0000 9855 -1.0000
10 1.0000 10725 -1.0000
10 1.0000 13342 0.0000
10 1.0000 13342 0.0000
10 0.3571 300  0.5000
10 0.5000 300  0.5000
10 0.5000 8977 1.0000
10 0.5000 9847 1.0000
10 0.5000 10717 1.0000
10 0.5000 11587 1.0000
10 0.5000 12457 1.0000
11 0.5000 15202 0.5000
11 0.5000 15213 0.5000
11 0.5000 15228 0.5000
11 0.5000 15247 0.5000
11 1.0000 15203 0.5000
11 1.0000 15214 0.5000
11 1.0000 15229 0.5000
11 1.0000 15248 0.5000
11 1.0000 15215 0.5000
11 1.0000 15230 0.5000
11 1.0000 15249 0.5000
11 1.0000 15263 0.5000
11 1.0000 15216 0.5000
11 1.0000 15231 0.5000
11 1.0000 15250 0.5000
11 1.0000 15264 0.5000
11 1.0000 15217 0.5000
11 1.0000 15232 0.5000
11 1.0000 15251 0.5000
11 1.0000 15265 0.5000
11 1.0000 15218 0.5000
11 1.0000 15233 0.5000
11 1.0000 15252 0.5000
11 1.0000 15266 0.5000
12 1.0000 15271 0.5000
12 1.0000 15279 0.5000
12 1.0000 15286 0.5000
12 1.0000 15293 0.5000
12 1.0000 15272 0.5000
12 1.0000 15280 0.5000
12 1.0000 15287 0.5000
12 1.0000 15294 0.5000
12 1.0000 15273 0.5000
12 1.0000 15281 0.5000
12 1.0000 15288 0.5000
12 1.0000 15295 0.5000
12 1.0000 15274 0.5000
12 1.0000 15282 0.5000
12 1.0000 15289 0.5000
12 1.0000 15296 0.5000
12 1.0000 15283 0.5000
12 1.0000 15290 0.5000
12 1.0000 15297 0.5000
12 1.0000 15300 0.5000
12 0.5000 15284 0.5000
12 0.5000 15291 0.5000
12 0.5000 15298 0.5000
12 0.5000 15301 0.5000
17 0.3333 2896 0.5000
17 0.4167 2897 0.5000
18 0.5000 2885 0.5000
18 1.0000 2886 0.5000
18 1.0000 2887 0.5000
18 1.0000 2888 0.5000
18 1.0000 2889 0.5000
18 1.0000 2890 0.5000
18 1.0000 2891 0.5000
18 1.0000 2892 0.5000
18 1.0000 2893 0.5000
18 1.0000 2894 0.5000
18 1.0000 2895 0.5000
18 0.6667 2896 0.5000
18 0.0833 2897 0.5000
19 0.5000 1669 0.5000
19 1.0000 1670 0.5000
19 1.0000 1671 0.5000
19 1.0000 1672 0.5000
19 1.0000 1673 0.5000
19 1.0000 1674 0.5000
19 1.0000 1675 0.5000
19 1.0000 1676 0.5000
19 1.0000 1677 0.5000
19 1.0000 1678 0.5000
19 1.0000 1679 0.5000
19 0.6667 1680 0.5000
19 0.0833 1681 0.5000
20 0.3333 1680 0.5000
20 0.4167 1681 0.5000
21 0.5000 15354 0.5000
21 0.5000 15374 0.5000
21 0.5000 15394 0.5000
21 0.4839 15414 0.5000
21 1.0000 15355 0.5000
21 1.0000 15375 0.5000
21 1.0000 15395 0.5000
21 0.8710 15415 0.5000
21 1.0000 15356 0.5000
21 1.0000 15376 0.5000
21 1.0000 15396 0.5000
21 0.7419 15416 0.5000
21 1.0000 15357 0.5000
21 1.0000 15377 0.5000
21 1.0000 15397 0.5000
21 0.6129 15417 0.5000
21 0.3871 15358 0.5000
21 0.2581 15359 0.5000
21 0.1290 15360 0.5000
21 0.0161 15361 0.5000
22 0.0161 15414 0.5000
22 0.1290 15415 0.5000
22 0.2581 15416 0.5000
22 0.3871 15417 0.5000
22 0.6129 15358 0.5000
22 1.0000 15378 0.5000
22 1.0000 15398 0.5000
22 1.0000 15418 0.5000
22 0.7419 15359 0.5000
22 1.0000 15379 0.5000
22 1.0000 15399 0.5000
22 1.0000 15419 0.5000
22 0.8710 15360 0.5000
22 1.0000 15380 0.5000
22 1.0000 15400 0.5000
22 1.0000 15420 0.5000
22 0.4839 15361 0.5000
22 0.5000 15381 0.5000
22 0.5000 15401 0.5000
22 0.5000 15421 0.5000
27 0.0181 4216 0.5000
27 0.2258 4217 0.5000
27 0.4839 4218 0.5000
27 0.7419 4219 0.5000
27 0.4677 4220 0.5000
28 0.5000 4189 0.5000
28 1.0000 4190 0.5000
28 1.0000 4191 0.5000
28 1.0000 4192 0.5000
28 1.0000 4193 0.5000
28 1.0000 4194 0.5000
28 1.0000 4195 0.5000
28 1.0000 4196 0.5000
28 1.0000 4197 0.5000
28 1.0000 4198 0.5000
28 1.0000 4199 0.5000
28 1.0000 4200 0.5000
28 1.0000 4201 0.5000
28 1.0000 4202 0.5000
28 1.0000 4203 0.5000
28 1.0000 4204 0.5000
28 1.0000 4205 0.5000
28 1.0000 4206 0.5000
28 1.0000 4207 0.5000
28 1.0000 4208 0.5000
28 1.0000 4209 0.5000
28 1.0000 4210 0.5000
28 1.0000 4211 0.5000
28 1.0000 4212 0.5000
28 1.0000 4213 0.5000
28 1.0000 4214 0.5000
28 1.0000 4215 0.5000
28 0.9819 4216 0.5000
28 0.7742 4217 0.5000
28 0.5161 4218 0.5000
28 0.2581 4219 0.5000
28 0.0323 4220 0.5000
29 0.5000 3733 0.5000
29 0.5000 3733 0.5000
29 0.5000 9365 1.0000
29 0.5000 10235 1.0000
29 0.5000 11105 1.0000
29 0.5000 11975 1.0000
29 0.5000 12851 1.0000
29 0.4677 13731 1.0000
29 1.0000 3734 0.5000
29 1.0000 3734 0.5000
29 1.0000 9366 0.0000
29 1.0000 11978 -0.5000
29 1.0000 11106 0.0000
29 1.0000 11976 0.0000
29 1.0000 12852 0.0000
29 0.7419 15356 0.5000
29 1.0000 3735 0.5000
29 1.0000 3735 0.5000
29 1.0000 9386 -1.5000
29 1.0000 10256 -1.5000
29 1.0000 11126 -1.5000
29 1.0000 11996 -1.5000
29 1.0000 12872 -1.5000
29 0.4839 15357 0.5000
29 1.0000 3736 0.5000
29 1.0000 3736 0.5000
29 1.0000 9386 -1.5000
29 1.0000 10256 -1.5000
29 1.0000 11126 -1.5000
29 1.0000 11996 -1.5000
29 1.0000 12872 -1.5000
29 0.2258 15356 0.5000
29 1.0000 3737 0.5000
29 1.0000 3738 0.5000
29 1.0000 3739 0.5000
29 1.0000 3740 0.5000
29 1.0000 3741 0.5000
29 1.0000 3742 0.5000
29 1.0000 3743 0.5000
29 1.0000 3744 0.5000
29 1.0000 3745 0.5000
29 1.0000 3746 0.5000
29 1.0000 3747 0.5000
29 1.0000 3748 0.5000
29 1.0000 3749 0.5000
29 1.0000 3750 0.5000
29 1.0000 3751 0.5000
29 1.0000 3752 0.5000
29 1.0000 3753 0.5000
29 1.0000 3754 0.5000
29 1.0000 3755 0.5000
29 1.0000 3756 0.5000
29 1.0000 3757 0.5000
29 1.0000 3758 0.5000
29 1.0000 3759 0.5000
29 0.9819 3760 0.5000
29 0.7742 3761 0.5000
29 0.5161 3762 0.5000
29 0.2581 3763 0.5000
29 0.0323 3764 0.5000
30 0.0323 13731 1.0000
30 0.2581 13732 0.0000
30 0.5161 13733 -0.5000
30 0.7742 13734 -0.5000
30 0.0181 3760 0.5000
30 0.2258 3761 0.5000
30 1.0000 3761 0.5000
30 1.0000 9387 -1.5000
30 1.0000 10257 -1.5000
30 1.0000 11127 -1.5000
30 1.0000 11997 -1.5000
30 1.0000 12873 -1.5000
30 1.0000 15379 0.5000
30 0.4839 3762 0.5000
30 1.0000 3762 0.5000
30 1.0000 9387 -1.5000
30 1.0000 10257 -1.5000
30 1.0000 11127 -1.5000
30 1.0000 11997 -1.5000
30 1.0000 12873 -1.5000
30 1.0000 13753 -1.5000
30 0.7419 3763 0.5000
30 1.0000 3763 0.5000
30 1.0000 9371 -0.5000
30 1.0000 10241 -0.5000
30 1.0000 11111 -0.5000
30 1.0000 11981 -0.5000
30 1.0000 12857 -0.5000
30 1.0000 15379 0.5000
30 0.4677 3764 0.5000
30 0.5000 3764 0.5000
30 0.5000 9374 1.0000
30 0.5000 10244 1.0000
30 0.5000 11114 1.0000
30 0.5000 11984 1.0000
30 0.5000 12860 1.0000
30 0.5000 13740 1.0000
31 0.5000 15438 0.5000
31 0.5000 15450 0.5000
31 0.5000 15466 0.5000
31 0.5000 15486 0.5000
31 1.0000 15439 0.5000
31 1.0000 15451 0.5000
31 1.0000 15467 0.5000
31 1.0000 15487 0.5000
31 1.0000 15452 0.5000
31 1.0000 15468 0.5000
31 1.0000 15488 0.5000
31 1.0000 15502 0.5000
31 1.0000 15453 0.5000
31 1.0000 15469 0.5000
31 1.0000 15489 0.5000
31 1.0000 15503 0.5000
31 1.0000 15454 0.5000
31 1.0000 15470 0.5000
31 1.0000 15490 0.5000
31 1.0000 15504 0.5000
31 1.0000 15455 0.5000
31 1.0000 15471 0.5000
31 1.0000 15491 0.5000
31 1.0000 15505 0.5000
32 1.0000 15522 0.5000
32 1.0000 15533 0.5000
32 1.0000 15550 0.5000
32 1.0000 15566 0.5000
32 1.0000 15523 0.5000
32 1.0000 15534 0.5000
32 1.0000 15551 0.5000
32 1.0000 15567 0.5000
32 1.0000 15524 0.5000
32 1.0000 15535 0.5000
32 1.0000 15552 0.5000
32 1.0000 15568 0.5000
32 1.0000 15525 0.5000
32 1.0000 15536 0.5000
32 1.0000 15553 0.5000
32 1.0000 15569 0.5000
32 1.0000 15537 0.5000
32 1.0000 15554 0.5000
32 1.0000 15570 0.5000
32 1.0000 15582 0.5000
32 0.5000 15538 0.5000
32 0.5000 15555 0.5000
32 0.5000 15571 0.5000
32 0.5000 15583 0.5000
37 0.3333 6264 0.5000
37 0.4167 6265 0.5000
38 0.5000 6253 0.5000
38 1.0000 6254 0.5000
38 1.0000 6255 0.5000
38 1.0000 6256 0.5000
38 1.0000 6257 0.5000
38 1.0000 6258 0.5000
38 1.0000 6259 0.5000
38 1.0000 6260 0.5000
38 1.0000 6261 0.5000
38 1.0000 6262 0.5000
38 1.0000 6263 0.5000
38 0.6667 6264 0.5000
38 0.0833 6265 0.5000
39 0.5000 4477 0.5000
39 1.0000 4478 0.5000
39 1.0000 4479 0.5000
39 1.0000 4480 0.5000
39 1.0000 4481 0.5000
39 1.0000 4482 0.5000
39 1.0000 4483 0.5000
39 1.0000 4484 0.5000
39 1.0000 4485 0.5000
39 1.0000 4486 0.5000
39 1.0000 4487 0.5000
39 0.6667 4488 0.5000
39 0.0833 4489 0.5000
40 0.3333 4488 0.5000
40 0.4167 4489 0.5000
41 0.5000 15600 0.5000
41 0.5000 15614 0.5000
41 0.5000 15628 0.5000
41 0.5000 15650 0.5000
41 1.0000 15601 0.5000
41 1.0000 15615 0.5000
41 1.0000 15629 0.5000
41 1.0000 15651 0.5000
41 1.0000 15630 0.5000
41 1.0000 15652 0.5000
41 1.0000 15673 0.5000
41 1.0000 15685 0.5000
41 1.0000 15631 0.5000
41 1.0000 15653 0.5000
41 1.0000 15674 0.5000
41 1.0000 15686 0.5000
41 1.0000 15632 0.5000
41 1.0000 15654 0.5000
41 1.0000 15675 0.5000
41 1.0000 15687 0.5000
41 1.0000 15633 0.5000
41 1.0000 15655 0.5000
41 1.0000 15676 0.5000
41 1.0000 15688 0.5000
42 1.0000 15727 0.5000
42 1.0000 15738 0.5000
42 1.0000 15749 0.5000
42 1.0000 15766 0.5000
42 1.0000 15728 0.5000
42 1.0000 15739 0.5000
42 1.0000 15750 0.5000
42 1.0000 15767 0.5000
42 1.0000 15729 0.5000
42 1.0000 15740 0.5000
42 1.0000 15751 0.5000
42 1.0000 15768 0.5000
42 1.0000 15730 0.5000
42 1.0000 15741 0.5000
42 1.0000 15752 0.5000
42 1.0000 15769 0.5000
42 1.0000 15753 0.5000
42 1.0000 15770 0.5000
42 1.0000 15781 0.5000
42 1.0000 15792 0.5000
42 0.5000 15754 0.5000
42 0.5000 15771 0.5000
42 0.5000 15782 0.5000
42 0.5000 15793 0.5000
47 0.0375 8602 0.5000
47 0.4667 8603 0.5000
47 0.4333 8604 0.5000
48 0.5000 8589 0.5000
48 1.0000 8590 0.5000
48 1.0000 8591 0.5000
48 1.0000 8592 0.5000
48 1.0000 8593 0.5000
48 1.0000 8594 0.5000
48 1.0000 8595 0.5000
48 1.0000 8596 0.5000
48 1.0000 8597 0.5000
48 1.0000 8598 0.5000
48 1.0000 8599 0.5000
48 1.0000 8600 0.5000
48 1.0000 8601 0.5000
48 0.9625 8602 0.5000
48 0.5333 8603 0.5000
48 0.0667 8604 0.5000
49 0.5000 6541 0.5000
49 1.0000 6542 0.5000
49 1.0000 6543 0.5000
49 1.0000 6544 0.5000
49 1.0000 6545 0.5000
49 1.0000 6546 0.5000
49 1.0000 6547 0.5000
49 1.0000 6548 0.5000
49 1.0000 6549 0.5000
49 1.0000 6550 0.5000
49 1.0000 6551 0.5000
49 1.0000 6552 0.5000
49 1.0000 6553 0.5000
49 0.9625 6554 0.5000
49 0.5333 6555 0.5000
49 0.0667 6556 0.5000
50 0.0375 6554 0.5000
50 0.4667 6555 0.5000
50 0.4333 6556 0.5000
51 0.5000 15807 0.5000
51 0.5000 15812 0.5000
51 0.5000 15817 0.5000
51 0.5000 15822 0.5000
51 0.5000 15827 0.5000
51 1.0000 15808 0.5000
51 1.0000 15813 0.5000
51 1.0000 15818 0.5000
51 1.0000 15823 0.5000
51 1.0000 15828 0.5000
51 0.7727 15832 0.5000
51 0.4091 15837 0.5000
51 0.0710 15842 0.5000
51 1.0000 15809 0.5000
51 1.0000 15814 0.5000
51 1.0000 15819 0.5000
51 1.0000 15824 0.5000
51 1.0000 15810 0.5000
51 0.9290 15815 0.5000
51 0.5909 15820 0.5000
51 0.2273 15825 0.5000
52 0.2273 15832 0.5000
52 0.5909 15837 0.5000
52 0.9290 15842 0.5000
52 1.0000 15847 0.5000
52 1.0000 15833 0.5000
52 1.0000 15838 0.5000
52 1.0000 15843 0.5000
52 1.0000 15848 0.5000
52 0.0710 15815 0.5000
52 0.4091 15820 0.5000
52 0.7727 15825 0.5000
52 1.0000 15829 0.5000
52 1.0000 15834 0.5000
52 1.0000 15839 0.5000
52 1.0000 15844 0.5000
52 1.0000 15849 0.5000
52 0.5000 15830 0.5000
52 0.5000 15835 0.5000
52 0.5000 15840 0.5000
52 0.5000 15845 0.5000
52 0.5000 15850 0.5000
57 0.2222 1420 0.5000
58 0.5000 1416 0.5000
58 1.0000 1417 0.5000
58 1.0000 1418 0.5000
58 1.0000 1419 0.5000
58 0.2778 1420 0.5000
59 0.5000 328  0.5000
59 0.5000 328  0.5000
59 0.5000 8987 1.0000
59 0.5000 9857 1.0000
59 0.5000 10727 1.0000
59 0.5000 11597 1.0000
59 0.5000 12467 1.0000
59 0.4965 13344 1.0000
59 0.2222 15808 0.5000
59 1.0000 329  0.5000
59 1.0000 329  0.5000
59 1.0000 8988 0.0000
59 1.0000 9858 0.0000
59 1.0000 10728 0.0000
59 0.9688 13336 -0.5000
59 0.6111 14221 -0.5000
59 0.1701 15015 -0.5000
59 1.0000 330  0.5000
59 1.0000 330  0.5000
59 1.0000 8989 -1.0000
59 0.9132 11591 -0.5000
59 0.5000 12461 -0.5000
59 0.0868 13337 -0.5000
59 1.0000 331  0.5000
59 0.8299 331  0.5000
59 0.3889 10730 0.0000
59 0.0312 11600 0.0000
59 0.2778 332  0.5000
60 0.0035 13334 0.0000
60 0.2778 14226 1.0000
60 0.0312 11588 0.0000
60 0.3889 12458 0.0000
60 0.8299 13334 0.0000
60 1.0000 14227 0.0000
60 0.0868 9849 -0.5000
60 0.5000 10719 -0.5000
60 0.9132 11589 -0.5000
60 1.0000 12469 -1.0000
60 1.0000 13346 -1.0000
60 1.0000 14228 -1.0000
60 0.1701 331  0.5000
60 0.6111 8980 -0.5000
60 0.9688 9850 -0.5000
60 1.0000 10730 0.0000
60 1.0000 11600 0.0000
60 1.0000 12470 0.0000
60 1.0000 13347 0.0000
60 1.0000 14229 0.0000
60 0.2222 332  0.5000
61 0.5000 15197 0.5000
61 0.5000 15205 0.5000
61 0.5000 15220 0.5000
61 0.5000 15235 0.5000
61 0.5000 15254 0.5000
61 1.0000 15198 0.5000
61 1.0000 15206 0.5000
61 1.0000 15221 0.5000
61 1.0000 15236 0.5000
61 1.0000 15255 0.5000
61 0.2778 15321 0.5000
61 0.0625 15333 0.5000
61 1.0000 15199 0.5000
61 1.0000 15207 0.5000
61 1.0000 15222 0.5000
61 1.0000 15237 0.5000
61 1.0000 15200 0.5000
61 1.0000 15208 0.5000
61 0.9375 15223 0.5000
61 0.7222 15238 0.5000
62 0.7222 15321 0.5000
62 0.9375 15333 0.5000
62 1.0000 15341 0.5000
62 1.0000 15349 0.5000
62 1.0000 15322 0.5000
62 1.0000 15334 0.5000
62 1.0000 15342 0.5000
62 1.0000 15350 0.5000
62 0.0625 15223 0.5000
62 0.2778 15238 0.5000
62 1.0000 15311 0.5000
62 1.0000 15323 0.5000
62 1.0000 15335 0.5000
62 1.0000 15343 0.5000
62 1.0000 15351 0.5000
62 0.5000 15312 0.5000
62 0.5000 15324 0.5000
62 0.5000 15336 0.5000
62 0.5000 15344 0.5000
62 0.5000 15352 0.5000
67 0.2500 3484 0.5000
68 0.5000 3480 0.5000
68 1.0000 3481 0.5000
68 1.0000 3482 0.5000
68 1.0000 3483 0.5000
68 0.2500 3484 0.5000
69 0.5000 1704 0.5000
69 0.5000 1704 0.5000
69 0.5000 9201 1.0000
69 0.5000 10071 1.0000
69 0.5000 10941 1.0000
69 0.5000 11811 1.0000
69 0.5000 12687 1.0000
69 0.2500 15198 0.5000
69 1.0000 1705 0.5000
69 1.0000 1705 0.5000
69 1.0000 9202 0.0000
69 1.0000 10072 0.0000
69 1.0000 12679 -0.5000
69 0.7500 13551 -0.5000
69 0.2500 14381 -0.5000
69 1.0000 1706 0.5000
69 1.0000 1706 0.5000
69 1.0000 10934 -0.5000
69 0.7500 11804 -0.5000
69 0.2500 12680 -0.5000
69 1.0000 1707 0.5000
69 0.7500 1707 0.5000
69 0.2500 10944 0.0000
69 0.2500 1708 0.5000
70 0.2500 13559 1.0000
70 0.2500 11801 0.0000
70 0.7500 12677 0.0000
70 1.0000 13560 0.0000
70 0.2500 10062 -0.5000
70 0.7500 10932 -0.5000
70 1.0000 11813 -1.0000
70 1.0000 12689 -1.0000
70 1.0000 13561 -1.0000
70 0.2500 1707 0.5000
70 0.7500 9193 -0.5000
70 1.0000 10074 0.0000
70 1.0000 10944 0.0000
70 1.0000 11814 0.0000
70 1.0000 12690 0.0000
70 1.0000 13562 0.0000
70 0.2500 1708 0.5000
71 0.5000 15595 0.5000
71 0.5000 15603 0.5000
71 0.5000 15617 0.5000
71 0.5000 15635 0.5000
71 0.5000 15657 0.5000
71 1.0000 15596 0.5000
71 1.0000 15604 0.5000
71 1.0000 15618 0.5000
71 1.0000 15636 0.5000
71 1.0000 15658 0.5000
71 0.1667 15773 0.5000
71 0.0134 15784 0.5000
71 1.0000 15597 0.5000
71 1.0000 15605 0.5000
71 1.0000 15619 0.5000
71 1.0000 15637 0.5000
71 1.0000 15598 0.5000
71 1.0000 15606 0.5000
71 0.9866 15620 0.5000
71 0.8333 15638 0.5000
72 0.8333 15773 0.5000
72 0.9866 15784 0.5000
72 1.0000 15795 0.5000
72 1.0000 15803 0.5000
72 1.0000 15774 0.5000
72 1.0000 15785 0.5000
72 1.0000 15796 0.5000
72 1.0000 15804 0.5000
72 0.0134 15620 0.5000
72 0.1667 15638 0.5000
72 1.0000 15756 0.5000
72 1.0000 15775 0.5000
72 1.0000 15786 0.5000
72 1.0000 15797 0.5000
72 1.0000 15805 0.5000
72 0.5000 15757 0.5000
72 0.5000 15776 0.5000
72 0.5000 15787 0.5000
72 0.5000 15798 0.5000
72 0.5000 15806 0.5000
77 0.2500 8628 0.5000
78 0.5000 8624 0.5000
78 1.0000 8625 0.5000
78 1.0000 8626 0.5000
78 1.0000 8627 0.5000
78 0.2500 8628 0.5000
79 0.5000 6576 0.5000
79 0.5000 6576 0.5000
79 0.5000 9611 1.0000
79 0.5000 10481 1.0000
79 0.5000 11351 1.0000
79 0.5000 12221 1.0000
79 0.5000 13097 1.0000
79 0.2500 15596 0.5000
79 1.0000 6577 0.5000
79 1.0000 6577 0.5000
79 1.0000 9612 0.0000
79 1.0000 10482 0.0000
79 1.0000 13089 -0.5000
79 0.7500 13975 -0.5000
79 0.2500 14761 -0.5000
79 1.0000 6578 0.5000
79 1.0000 6578 0.5000
79 1.0000 11344 -0.5000
79 0.7500 12214 -0.5000
79 0.2500 13090 -0.5000
79 1.0000 6579 0.5000
79 0.7500 6579 0.5000
79 0.2500 11354 0.0000
79 0.2500 6580 0.5000
80 0.2500 13983 1.0000
80 0.2500 12211 0.0000
80 0.7500 13087 0.0000
80 1.0000 13984 0.0000
80 0.2500 10472 -0.5000
80 0.7500 11342 -0.5000
80 1.0000 12223 -1.0000
80 1.0000 13099 -1.0000
80 1.0000 13985 -1.0000
80 0.2500 6579 0.5000
80 0.7500 9603 -0.5000
80 1.0000 10484 0.0000
80 1.0000 11354 0.0000
80 1.0000 12224 0.0000
80 1.0000 13100 0.0000
80 1.0000 13986 0.0000
80 0.2500 6580 0.5000
81 0.5000 15027 0.5000
81 0.5000 15045 0.5000
81 0.5000 15073 0.5000
81 0.5000 15096 0.5000
81 1.0000 15028 0.5000
81 1.0000 15046 0.5000
81 1.0000 15074 0.5000
81 1.0000 15097 0.5000
81 1.0000 15029 0.5000
81 1.0000 15047 0.5000
81 1.0000 15075 0.5000
81 1.0000 15098 0.5000
81 1.0000 15030 0.5000
81 1.0000 15048 0.5000
81 1.0000 15076 0.5000
81 1.0000 15099 0.5000
81 1.0000 15031 0.5000
81 1.0000 15049 0.5000
81 1.0000 15077 0.5000
81 1.0000 15100 0.5000
81 1.0000 15032 0.5000
81 1.0000 15050 0.5000
81 1.0000 15078 0.5000
81 1.0000 15101 0.5000
82 1.0000 15132 0.5000
82 1.0000 15150 0.5000
82 1.0000 15166 0.5000
82 1.0000 15183 0.5000
82 1.0000 15133 0.5000
82 1.0000 15151 0.5000
82 1.0000 15167 0.5000
82 1.0000 15184 0.5000
82 1.0000 15134 0.5000
82 1.0000 15152 0.5000
82 1.0000 15168 0.5000
82 1.0000 15185 0.5000
82 1.0000 15135 0.5000
82 1.0000 15153 0.5000
82 1.0000 15169 0.5000
82 1.0000 15186 0.5000
82 1.0000 15136 0.5000
82 1.0000 15154 0.5000
82 1.0000 15170 0.5000
82 1.0000 15187 0.5000
82 0.5000 15137 0.5000
82 0.5000 15155 0.5000
82 0.5000 15171 0.5000
82 0.5000 15188 0.5000
87 0.2784 1440 0.5000
87 0.4091 1441 0.5000
88 0.5000 1430 0.5000
88 1.0000 1431 0.5000
88 1.0000 1432 0.5000
88 1.0000 1433 0.5000
88 1.0000 1434 0.5000
88 1.0000 1435 0.5000
88 1.0000 1436 0.5000
88 1.0000 1437 0.5000
88 1.0000 1438 0.5000
88 1.0000 1439 0.5000
88 0.7216 1440 0.5000
88 0.0909 1441 0.5000
89 0.5000 342  0.5000
89 1.0000 343  0.5000
89 1.0000 344  0.5000
89 1.0000 345  0.5000
89 1.0000 346  0.5000
89 1.0000 347  0.5000
89 1.0000 348  0.5000
89 1.0000 349  0.5000
89 1.0000 350  0.5000
89 1.0000 351  0.5000
89 0.7216 352  0.5000
89 0.0909 353  0.5000
90 0.2784 352  0.5000
90 0.4091 353  0.5000
91 0.5000 15441 0.5000
91 0.5000 15457 0.5000
91 0.5000 15473 0.5000
91 0.5000 15493 0.5000
91 1.0000 15433 0.5000
91 1.0000 15442 0.5000
91 1.0000 15458 0.5000
91 1.0000 15474 0.5000
91 1.0000 15494 0.5000
91 0.4722 15557 0.5000
91 0.1944 15573 0.5000
91 0.0056 15585 0.5000
91 1.0000 15434 0.5000
91 1.0000 15443 0.5000
91 1.0000 15459 0.5000
91 1.0000 15475 0.5000
91 1.0000 15435 0.5000
91 1.0000 15444 0.5000
91 1.0000 15460 0.5000
91 1.0000 15476 0.5000
91 1.0000 15436 0.5000
91 0.9944 15445 0.5000
91 0.8056 15461 0.5000
91 0.5278 15477 0.5000
92 0.5278 15557 0.5000
92 0.8056 15573 0.5000
92 0.9944 15585 0.5000
92 1.0000 15591 0.5000
92 1.0000 15558 0.5000
92 1.0000 15574 0.5000
92 1.0000 15586 0.5000
92 1.0000 15592 0.5000
92 1.0000 15559 0.5000
92 1.0000 15575 0.5000
92 1.0000 15587 0.5000
92 1.0000 15593 0.5000
92 0.0056 15445 0.5000
92 0.1944 15461 0.5000
92 0.4722 15477 0.5000
92 1.0000 15540 0.5000
92 1.0000 15560 0.5000
92 1.0000 15576 0.5000
92 1.0000 15588 0.5000
92 1.0000 15594 0.5000
92 0.5000 15541 0.5000
92 0.5000 15561 0.5000
92 0.5000 15577 0.5000
92 0.5000 15589 0.5000
97 0.0125 6306 0.5000
97 0.3000 6307 0.5000
98 0.5000 6302 0.5000
98 1.0000 6303 0.5000
98 1.0000 6304 0.5000
98 1.0000 6305 0.5000
98 0.9875 6306 0.5000
98 0.2000 6307 0.5000
99 0.5000 4526 0.5000
99 1.0000 4527 0.5000
99 1.0000 4527 0.5000
99 1.0000 9432 0.0000
99 1.0000 10302 0.0000
99 1.0000 11172 0.0000
99 0.9500 13788 -0.5000
99 0.4375 14586 -0.5000
99 0.0125 15434 0.5000
99 1.0000 4528 0.5000
99 1.0000 4528 0.5000
99 1.0000 9433 -1.0000
99 1.0000 12033 -0.5000
99 0.6875 12909 -0.5000
99 0.1125 13789 -0.5000
99 1.0000 4529 0.5000
99 1.0000 4529 0.5000
99 0.8875 11164 -0.5000
99 0.3125 12034 -0.5000
99 0.9875 4530 0.5000
99 0.5625 4530 0.5000
99 0.0500 11175 0.0000
99 0.2000 4531 0.5000
100 0.0500 12042 0.0000
100 0.5625 12918 0.0000
100 0.9875 13798 0.0000
100 0.3125 11161 -0.5000
100 0.8875 12031 -0.5000
100 1.0000 12919 -1.0000
100 1.0000 13799 -1.0000
100 0.1125 9422 -0.5000
100 0.6875 10292 -0.5000
100 1.0000 11174 -1.0000
100 1.0000 12044 -1.0000
100 1.0000 12920 -1.0000
100 1.0000 13800 -1.0000
100 0.0125 4530 0.5000
100 0.4375 4530 0.5000
100 0.9500 9423 -0.5000
100 1.0000 10305 0.0000
100 1.0000 11175 0.0000
100 1.0000 12045 0.0000
100 1.0000 12921 0.0000
100 1.0000 13801 0.0000
100 0.3000 4531 0.5000
101 0.5000 15608 0.5000
101 0.5000 15622 0.5000
101 0.5000 15640 0.5000
101 0.5000 15660 0.5000
101 1.0000 15609 0.5000
101 1.0000 15623 0.5000
101 1.0000 15641 0.5000
101 1.0000 15661 0.5000
101 1.0000 15662 0.5000
101 1.0000 15677 0.5000
101 1.0000 15689 0.5000
101 1.0000 15697 0.5000
101 1.0000 15663 0.5000
101 1.0000 15678 0.5000
101 1.0000 15690 0.5000
101 1.0000 15698 0.5000
101 1.0000 15664 0.5000
101 1.0000 15679 0.5000
101 1.0000 15691 0.5000
101 1.0000 15699 0.5000
101 1.0000 15665 0.5000
101 1.0000 15680 0.5000
101 1.0000 15692 0.5000
101 1.0000 15700 0.5000
102 1.0000 15716 0.5000
102 1.0000 15731 0.5000
102 1.0000 15742 0.5000
102 1.0000 15759 0.5000
102 1.0000 15717 0.5000
102 1.0000 15732 0.5000
102 1.0000 15743 0.5000
102 1.0000 15760 0.5000
102 1.0000 15718 0.5000
102 1.0000 15733 0.5000
102 1.0000 15744 0.5000
102 1.0000 15761 0.5000
102 1.0000 15719 0.5000
102 1.0000 15734 0.5000
102 1.0000 15745 0.5000
102 1.0000 15762 0.5000
102 1.0000 15763 0.5000
102 1.0000 15778 0.5000
102 1.0000 15789 0.5000
102 1.0000 15800 0.5000
102 0.5000 15764 0.5000
102 0.5000 15779 0.5000
102 0.5000 15790 0.5000
102 0.5000 15801 0.5000
107 0.1250 8654 0.5000
107 0.5556 8655 0.5000
107 0.4444 8656 0.5000
108 0.5000 8638 0.5000
108 1.0000 8639 0.5000
108 1.0000 8640 0.5000
108 1.0000 8641 0.5000
108 1.0000 8642 0.5000
108 1.0000 8643 0.5000
108 1.0000 8644 0.5000
108 1.0000 8645 0.5000
108 1.0000 8646 0.5000
108 1.0000 8647 0.5000
108 1.0000 8648 0.5000
108 1.0000 8649 0.5000
108 1.0000 8650 0.5000
108 1.0000 8651 0.5000
108 1.0000 8652 0.5000
108 1.0000 8653 0.5000
108 0.8750 8654 0.5000
108 0.4444 8655 0.5000
108 0.0556 8656 0.5000
109 0.5000 6590 0.5000
109 1.0000 6591 0.5000
109 1.0000 6592 0.5000
109 1.0000 6593 0.5000
109 1.0000 6594 0.5000
109 1.0000 6595 0.5000
109 1.0000 6596 0.5000
109 1.0000 6597 0.5000
109 1.0000 6598 0.5000
109 1.0000 6599 0.5000
109 1.0000 6600 0.5000
109 1.0000 6601 0.5000
109 1.0000 6602 0.5000
109 1.0000 6603 0.5000
109 1.0000 6604 0.5000
109 1.0000 6605 0.5000
109 0.8750 6606 0.5000
109 0.4444 6607 0.5000
109 0.0556 6608 0.5000
110 0.1250 6606 0.5000
110 0.5556 6607 0.5000
110 0.4444 6608 0.5000
111 0.5000 15034 0.5000
111 0.5000 15052 0.5000
111 0.5000 15080 0.5000
111 0.5000 15103 0.5000
111 1.0000 15035 0.5000
111 1.0000 15053 0.5000
111 1.0000 15081 0.5000
111 1.0000 15104 0.5000
111 1.0000 15054 0.5000
111 1.0000 15082 0.5000
111 1.0000 15105 0.5000
111 1.0000 15115 0.5000
111 1.0000 15055 0.5000
111 1.0000 15083 0.5000
111 1.0000 15106 0.5000
111 1.0000 15116 0.5000
111 1.0000 15056 0.5000
111 1.0000 15084 0.5000
111 1.0000 15107 0.5000
111 1.0000 15117 0.5000
111 1.0000 15057 0.5000
111 1.0000 15085 0.5000
111 1.0000 15108 0.5000
111 1.0000 15118 0.5000
112 1.0000 15119 0.5000
112 1.0000 15139 0.5000
112 1.0000 15157 0.5000
112 1.0000 15173 0.5000
112 1.0000 15120 0.5000
112 1.0000 15140 0.5000
112 1.0000 15158 0.5000
112 1.0000 15174 0.5000
112 1.0000 15121 0.5000
112 1.0000 15141 0.5000
112 1.0000 15159 0.5000
112 1.0000 15175 0.5000
112 1.0000 15122 0.5000
112 1.0000 15142 0.5000
112 1.0000 15160 0.5000
112 1.0000 15176 0.5000
112 1.0000 15143 0.5000
112 1.0000 15161 0.5000
112 1.0000 15177 0.5000
112 1.0000 15190 0.5000
112 0.5000 15144 0.5000
112 0.5000 15162 0.5000
112 0.5000 15178 0.5000
112 0.5000 15191 0.5000
117 0.0375 1465 0.5000
117 0.4667 1466 0.5000
117 0.4333 1467 0.5000
118 0.5000 1452 0.5000
118 1.0000 1453 0.5000
118 1.0000 1454 0.5000
118 1.0000 1455 0.5000
118 1.0000 1456 0.5000
118 1.0000 1457 0.5000
118 1.0000 1458 0.5000
118 1.0000 1459 0.5000
118 1.0000 1460 0.5000
118 1.0000 1461 0.5000
118 1.0000 1462 0.5000
118 1.0000 1463 0.5000
118 1.0000 1464 0.5000
118 0.9625 1465 0.5000
118 0.5333 1466 0.5000
118 0.0667 1467 0.5000
119 0.5000 364  0.5000
119 1.0000 365  0.5000
119 1.0000 366  0.5000
119 1.0000 367  0.5000
119 1.0000 368  0.5000
119 1.0000 369  0.5000
119 1.0000 370  0.5000
119 1.0000 371  0.5000
119 1.0000 372  0.5000
119 1.0000 373  0.5000
119 1.0000 374  0.5000
119 1.0000 375  0.5000
119 1.0000 376  0.5000
119 0.9625 377  0.5000
119 0.5333 378  0.5000
119 0.0667 379  0.5000
120 0.0375 377  0.5000
120 0.4667 378  0.5000
120 0.4333 379  0.5000
121 0.5000 15210 0.5000
121 0.5000 15225 0.5000
121 0.5000 15240 0.5000
121 0.5000 15257 0.5000
121 1.0000 15211 0.5000
121 1.0000 15226 0.5000
121 1.0000 15241 0.5000
121 1.0000 15258 0.5000
121 1.0000 15242 0.5000
121 1.0000 15259 0.5000
121 1.0000 15267 0.5000
121 1.0000 15275 0.5000
121 1.0000 15243 0.5000
121 1.0000 15260 0.5000
121 1.0000 15268 0.5000
121 1.0000 15276 0.5000
121 1.0000 15244 0.5000
121 1.0000 15261 0.5000
121 1.0000 15269 0.5000
121 1.0000 15277 0.5000
121 1.0000 15245 0.5000
121 1.0000 15262 0.5000
121 1.0000 15270 0.5000
121 1.0000 15278 0.5000
122 1.0000 15303 0.5000
122 1.0000 15307 0.5000
122 1.0000 15314 0.5000
122 1.0000 15326 0.5000
122 1.0000 15304 0.5000
122 1.0000 15308 0.5000
122 1.0000 15315 0.5000
122 1.0000 15327 0.5000
122 1.0000 15305 0.5000
122 1.0000 15309 0.5000
122 1.0000 15316 0.5000
122 1.0000 15328 0.5000
122 1.0000 15306 0.5000
122 1.0000 15310 0.5000
122 1.0000 15317 0.5000
122 1.0000 15329 0.5000
122 1.0000 15318 0.5000
122 1.0000 15330 0.5000
122 1.0000 15338 0.5000
122 1.0000 15346 0.5000
122 0.5000 15319 0.5000
122 0.5000 15331 0.5000
122 0.5000 15339 0.5000
122 0.5000 15347 0.5000
127 0.0919 3531 0.5000
127 0.5294 3532 0.5000
127 0.4412 3533 0.5000
128 0.5000 3516 0.5000
128 1.0000 3517 0.5000
128 1.0000 3518 0.5000
128 1.0000 3519 0.5000
128 1.0000 3520 0.5000
128 1.0000 3521 0.5000
128 1.0000 3522 0.5000
128 1.0000 3523 0.5000
128 1.0000 3524 0.5000
128 1.0000 3525 0.5000
128 1.0000 3526 0.5000
128 1.0000 3527 0.5000
128 1.0000 3528 0.5000
128 1.0000 3529 0.5000
128 1.0000 3530 0.5000
128 0.9081 3531 0.5000
128 0.4706 3532 0.5000
128 0.0588 3533 0.5000
129 0.5000 1740 0.5000
129 1.0000 1741 0.5000
129 1.0000 1742 0.5000
129 1.0000 1743 0.5000
129 1.0000 1744 0.5000
129 1.0000 1745 0.5000
129 1.0000 1746 0.5000
129 1.0000 1747 0.5000
129 1.0000 1748 0.5000
129 1.0000 1749 0.5000
129 1.0000 1750 0.5000
129 1.0000 1751 0.5000
129 1.0000 1752 0.5000
129 1.0000 1753 0.5000
129 1.0000 1754 0.5000
129 0.9081 1755 0.5000
129 0.4706 1756 0.5000
129 0.0588 1757 0.5000
130 0.0919 1755 0.5000
130 0.5294 1756 0.5000
130 0.4412 1757 0.5000
131 0.5000 15364 0.5000
131 0.5000 15384 0.5000
131 0.5000 15404 0.5000
131 0.4706 15424 0.5000
131 1.0000 15365 0.5000
131 1.0000 15385 0.5000
131 1.0000 15405 0.5000
131 0.7647 15425 0.5000
131 1.0000 15366 0.5000
131 1.0000 15386 0.5000
131 1.0000 15406 0.5000
131 0.5294 15426 0.5000
131 1.0000 15367 0.5000
131 1.0000 15387 0.5000
131 1.0000 15407 0.5000
131 0.2941 15427 0.5000
131 0.7059 15368 0.5000
131 0.4706 15369 0.5000
131 0.2353 15370 0.5000
131 0.0294 15371 0.5000
132 0.0294 15424 0.5000
132 0.2353 15425 0.5000
132 0.4706 15426 0.5000
132 0.7059 15427 0.5000
132 0.2941 15368 0.5000
132 1.0000 15388 0.5000
132 1.0000 15408 0.5000
132 1.0000 15428 0.5000
132 0.5294 15369 0.5000
132 1.0000 15389 0.5000
132 1.0000 15409 0.5000
132 1.0000 15429 0.5000
132 0.7647 15370 0.5000
132 1.0000 15390 0.5000
132 1.0000 15410 0.5000
132 1.0000 15430 0.5000
132 0.4706 15371 0.5000
132 0.5000 15391 0.5000
132 0.5000 15411 0.5000
132 0.5000 15431 0.5000
137 0.0919 4275 0.5000
137 0.5294 4276 0.5000
137 0.4412 4277 0.5000
138 0.5000 4260 0.5000
138 1.0000 4261 0.5000
138 1.0000 4262 0.5000
138 1.0000 4263 0.5000
138 1.0000 4264 0.5000
138 1.0000 4265 0.5000
138 1.0000 4266 0.5000
138 1.0000 4267 0.5000
138 1.0000 4268 0.5000
138 1.0000 4269 0.5000
138 1.0000 4270 0.5000
138 1.0000 4271 0.5000
138 1.0000 4272 0.5000
138 1.0000 4273 0.5000
138 1.0000 4274 0.5000
138 0.9081 4275 0.5000
138 0.4706 4276 0.5000
138 0.0588 4277 0.5000
139 0.5000 3804 0.5000
139 0.5000 3804 0.5000
139 0.5000 9375 1.0000
139 0.5000 10245 1.0000
139 0.5000 11115 1.0000
139 0.5000 11985 1.0000
139 0.5000 12861 1.0000
139 0.4412 13741 1.0000
139 1.0000 3805 0.5000
139 1.0000 3805 0.5000
139 1.0000 9376 0.0000
139 1.0000 11988 -0.5000
139 1.0000 11116 0.0000
139 1.0000 11986 0.0000
139 1.0000 12862 0.0000
139 0.5294 15366 0.5000
139 1.0000 3806 0.5000
139 1.0000 3806 0.5000
139 1.0000 9390 -1.5000
139 1.0000 10260 -1.5000
139 1.0000 11130 -1.5000
139 1.0000 12000 -1.5000
139 0.9669 14554 -0.5000
139 0.0919 15367 0.5000
139 1.0000 3807 0.5000
139 1.0000 3807 0.5000
139 1.0000 9390 -1.5000
139 1.0000 10260 -1.5000
139 1.0000 11130 -1.5000
139 1.0000 12000 -1.5000
139 0.5882 14554 -0.5000
139 1.0000 3808 0.5000
139 1.0000 3809 0.5000
139 1.0000 3810 0.5000
139 1.0000 3811 0.5000
139 1.0000 3812 0.5000
139 1.0000 3813 0.5000
139 1.0000 3814 0.5000
139 1.0000 3815 0.5000
139 1.0000 3816 0.5000
139 1.0000 3817 0.5000
139 1.0000 3818 0.5000
139 0.4118 3818 0.5000
139 0.9081 3819 0.5000
139 0.0331 3819 0.5000
139 0.4706 3820 0.5000
139 0.0588 3821 0.5000
140 0.0588 13741 1.0000
140 0.4706 13742 0.0000
140 0.0331 12863 -0.5000
140 0.9081 13743 -0.5000
140 0.4118 12864 -0.5000
140 1.0000 15386 0.5000
140 0.5882 3818 0.5000
140 1.0000 9391 -1.5000
140 1.0000 10261 -1.5000
140 1.0000 11131 -1.5000
140 1.0000 12001 -1.5000
140 1.0000 12877 -1.5000
140 1.0000 15389 0.5000
140 0.0919 3819 0.5000
140 0.9669 3819 0.5000
140 1.0000 9391 -1.5000
140 1.0000 10261 -1.5000
140 1.0000 11131 -1.5000
140 1.0000 12001 -1.5000
140 1.0000 12877 -1.5000
140 1.0000 13757 -1.5000
140 0.5294 3820 0.5000
140 1.0000 3820 0.5000
140 1.0000 9381 -0.5000
140 1.0000 10251 -0.5000
140 1.0000 11121 -0.5000
140 1.0000 11991 -0.5000
140 1.0000 12867 -0.5000
140 1.0000 15389 0.5000
140 0.4412 3821 0.5000
140 0.5000 3821 0.5000
140 0.5000 9384 1.0000
140 0.5000 10254 1.0000
140 0.5000 11124 1.0000
140 0.5000 11994 1.0000
140 0.5000 12870 1.0000
140 0.5000 13750 1.0000
141 0.5000 15447 0.5000
141 0.5000 15463 0.5000
141 0.5000 15479 0.5000
141 0.5000 15496 0.5000
141 1.0000 15448 0.5000
141 1.0000 15464 0.5000
141 1.0000 15480 0.5000
141 1.0000 15497 0.5000
141 1.0000 15481 0.5000
141 1.0000 15498 0.5000
141 1.0000 15506 0.5000
141 1.0000 15510 0.5000
141 1.0000 15482 0.5000
141 1.0000 15499 0.5000
141 1.0000 15507 0.5000
141 1.0000 15511 0.5000
141 1.0000 15483 0.5000
141 1.0000 15500 0.5000
141 1.0000 15508 0.5000
141 1.0000 15512 0.5000
141 1.0000 15484 0.5000
141 1.0000 15501 0.5000
141 1.0000 15509 0.5000
141 1.0000 15513 0.5000
142 1.0000 15514 0.5000
142 1.0000 15518 0.5000
142 1.0000 15526 0.5000
142 1.0000 15543 0.5000
142 1.0000 15515 0.5000
142 1.0000 15519 0.5000
142 1.0000 15527 0.5000
142 1.0000 15544 0.5000
142 1.0000 15516 0.5000
142 1.0000 15520 0.5000
142 1.0000 15528 0.5000
142 1.0000 15545 0.5000
142 1.0000 15517 0.5000
142 1.0000 15521 0.5000
142 1.0000 15529 0.5000
142 1.0000 15546 0.5000
142 1.0000 15530 0.5000
142 1.0000 15547 0.5000
142 1.0000 15563 0.5000
142 1.0000 15579 0.5000
142 0.5000 15531 0.5000
142 0.5000 15548 0.5000
142 0.5000 15564 0.5000
142 0.5000 15580 0.5000
147 0.0919 6243 0.5000
147 0.5294 6244 0.5000
147 0.4412 6245 0.5000
148 0.5000 6228 0.5000
148 1.0000 6229 0.5000
148 1.0000 6230 0.5000
148 1.0000 6231 0.5000
148 1.0000 6232 0.5000
148 1.0000 6233 0.5000
148 1.0000 6234 0.5000
148 1.0000 6235 0.5000
148 1.0000 6236 0.5000
148 1.0000 6237 0.5000
148 1.0000 6238 0.5000
148 1.0000 6239 0.5000
148 1.0000 6240 0.5000
148 1.0000 6241 0.5000
148 1.0000 6242 0.5000
148 0.9081 6243 0.5000
148 0.4706 6244 0.5000
148 0.0588 6245 0.5000
149 0.5000 4548 0.5000
149 1.0000 4549 0.5000
149 1.0000 4550 0.5000
149 1.0000 4551 0.5000
149 1.0000 4552 0.5000
149 1.0000 4553 0.5000
149 1.0000 4554 0.5000
149 1.0000 4555 0.5000
149 1.0000 4556 0.5000
149 1.0000 4557 0.5000
149 1.0000 4558 0.5000
149 1.0000 4559 0.5000
149 1.0000 4560 0.5000
149 1.0000 4561 0.5000
149 1.0000 4562 0.5000
149 0.9081 4563 0.5000
149 0.4706 4564 0.5000
149 0.0588 4565 0.5000
150 0.0919 4563 0.5000
150 0.5294 4564 0.5000
150 0.4412 4565 0.5000
151 0.5000 15611 0.5000
151 0.5000 15625 0.5000
151 0.5000 15643 0.5000
151 0.5000 15667 0.5000
151 1.0000 15612 0.5000
151 1.0000 15626 0.5000
151 1.0000 15644 0.5000
151 1.0000 15668 0.5000
151 1.0000 15645 0.5000
151 1.0000 15669 0.5000
151 1.0000 15681 0.5000
151 1.0000 15693 0.5000
151 1.0000 15646 0.5000
151 1.0000 15670 0.5000
151 1.0000 15682 0.5000
151 1.0000 15694 0.5000
151 1.0000 15647 0.5000
151 1.0000 15671 0.5000
151 1.0000 15683 0.5000
151 1.0000 15695 0.5000
151 1.0000 15648 0.5000
151 1.0000 15672 0.5000
151 1.0000 15684 0.5000
151 1.0000 15696 0.5000
152 1.0000 15701 0.5000
152 1.0000 15705 0.5000
152 1.0000 15709 0.5000
152 1.0000 15720 0.5000
152 1.0000 15702 0.5000
152 1.0000 15706 0.5000
152 1.0000 15710 0.5000
152 1.0000 15721 0.5000
152 1.0000 15703 0.5000
152 1.0000 15707 0.5000
152 1.0000 15711 0.5000
152 1.0000 15722 0.5000
152 1.0000 15704 0.5000
152 1.0000 15708 0.5000
152 1.0000 15712 0.5000
152 1.0000 15723 0.5000
152 1.0000 15713 0.5000
152 1.0000 15724 0.5000
152 1.0000 15735 0.5000
152 1.0000 15746 0.5000
152 0.5000 15714 0.5000
152 0.5000 15725 0.5000
152 0.5000 15736 0.5000
152 0.5000 15747 0.5000
157 0.0919 8301 0.5000
157 0.5294 8302 0.5000
157 0.4412 8303 0.5000
158 0.5000 8286 0.5000
158 1.0000 8287 0.5000
158 1.0000 8288 0.5000
158 1.0000 8289 0.5000
158 1.0000 8290 0.5000
158 1.0000 8291 0.5000
158 1.0000 8292 0.5000
158 1.0000 8293 0.5000
158 1.0000 8294 0.5000
158 1.0000 8295 0.5000
158 1.0000 8296 0.5000
158 1.0000 8297 0.5000
158 1.0000 8298 0.5000
158 1.0000 8299 0.5000
158 1.0000 8300 0.5000
158 0.9081 8301 0.5000
158 0.4706 8302 0.5000
158 0.0588 8303 0.5000
159 0.5000 6612 0.5000
159 1.0000 6613 0.5000
159 1.0000 6614 0.5000
159 1.0000 6615 0.5000
159 1.0000 6616 0.5000
159 1.0000 6617 0.5000
159 1.0000 6618 0.5000
159 1.0000 6619 0.5000
159 1.0000 6620 0.5000
159 1.0000 6621 0.5000
159 1.0000 6622 0.5000
159 1.0000 6623 0.5000
159 1.0000 6624 0.5000
159 1.0000 6625 0.5000
159 1.0000 6626 0.5000
159 0.9081 6627 0.5000
159 0.4706 6628 0.5000
159 0.0588 6629 0.5000
160 0.0919 6627 0.5000
160 0.5294 6628 0.5000
160 0.4412 6629 0.5000
161 0.5000 3670 0.5000
161 0.5000 3766 0.5000
161 0.5000 3862 0.5000
161 0.5000 3952 0.5000
161 0.5000 4036 0.5000
161 0.5000 4126 0.5000
161 0.5000 4222 0.5000
161 0.5000 4318 0.5000
161 0.5000 4414 0.5000
161 0.5000 4510 0.5000
161 0.5000 4606 0.5000
161 0.5000 4702 0.5000
161 0.5000 4794 0.5000
161 0.5000 4880 0.5000
161 0.5000 4970 0.5000
161 0.5000 5064 0.5000
161 0.5000 5158 0.5000
161 0.5000 5254 0.5000
161 0.5000 5350 0.5000
161 0.5000 5446 0.5000
161 0.5000 5542 0.5000
161 0.5000 5638 0.5000
161 0.5000 5732 0.5000
161 0.5000 5824 0.5000
161 0.5000 5914 0.5000
161 0.5000 6004 0.5000
161 0.5000 6096 0.5000
161 0.5000 6190 0.5000
161 0.3979 6286 0.5000
161 0.1333 6382 0.5000
161 1.0000 3671 0.5000
161 1.0000 3767 0.5000
161 1.0000 3863 0.5000
161 1.0000 3953 0.5000
161 1.0000 4037 0.5000
161 1.0000 4127 0.5000
161 1.0000 4223 0.5000
161 1.0000 4319 0.5000
161 1.0000 4415 0.5000
161 1.0000 4511 0.5000
161 1.0000 4607 0.5000
161 1.0000 4703 0.5000
161 1.0000 4795 0.5000
161 1.0000 4881 0.5000
161 1.0000 4971 0.5000
161 1.0000 5065 0.5000
161 1.0000 5159 0.5000
161 1.0000 5255 0.5000
161 1.0000 5351 0.5000
161 1.0000 5447 0.5000
161 1.0000 5543 0.5000
161 1.0000 5639 0.5000
161 1.0000 5733 0.5000
161 1.0000 5825 0.5000
161 0.9479 5915 0.5000
161 0.7000 6005 0.5000
161 0.4333 6097 0.5000
161 0.1667 6191 0.5000
161 0.0021 6286 0.5000
161 1.0000 3672 0.5000
161 1.0000 3768 0.5000
161 1.0000 3864 0.5000
161 1.0000 3954 0.5000
161 1.0000 4038 0.5000
161 1.0000 4128 0.5000
161 1.0000 4224 0.5000
161 1.0000 4320 0.5000
161 1.0000 4416 0.5000
161 1.0000 4512 0.5000
161 1.0000 4608 0.5000
161 1.0000 4704 0.5000
161 1.0000 4796 0.5000
161 1.0000 4882 0.5000
161 1.0000 4972 0.5000
161 1.0000 5066 0.5000
161 1.0000 5160 0.5000
161 1.0000 5256 0.5000
161 1.0000 5352 0.5000
161 1.0000 5448 0.5000
161 0.9813 5544 0.5000
161 0.7667 5640 0.5000
161 0.5000 5734 0.5000
161 0.2333 5826 0.5000
161 0.0188 5916 0.5000
161 1.0000 3673 0.5000
161 1.0000 3769 0.5000
161 1.0000 3865 0.5000
161 1.0000 3955 0.5000
161 1.0000 4039 0.5000
161 1.0000 4129 0.5000
161 1.0000 4225 0.5000
161 1.0000 4321 0.5000
161 1.0000 4417 0.5000
161 1.0000 4513 0.5000
161 1.0000 4609 0.5000
161 1.0000 4705 0.5000
161 1.0000 4797 0.5000
161 1.0000 4883 0.5000
161 1.0000 4973 0.5000
161 1.0000 5067 0.5000
161 0.9979 5161 0.5000
161 0.8333 5257 0.5000
161 0.5667 5353 0.5000
161 0.3000 5449 0.5000
161 0.0521 5545 0.5000
161 1.0000 3674 0.5000
161 1.0000 3770 0.5000
161 1.0000 3866 0.5000
161 1.0000 3956 0.5000
161 1.0000 4040 0.5000
161 1.0000 4130 0.5000
161 1.0000 4226 0.5000
161 1.0000 4322 0.5000
161 1.0000 4418 0.5000
161 1.0000 4514 0.5000
161 1.0000 4610 0.5000
161 1.0000 4706 0.5000
161 1.0000 4798 0.5000
161 0.8979 4884 0.5000
161 0.6333 4974 0.5000
161 0.3667 5068 0.5000
161 0.1021 5162 0.5000
161 1.0000 3675 0.5000
161 1.0000 3771 0.5000
161 1.0000 3867 0.5000
161 1.0000 3957 0.5000
161 1.0000 4041 0.5000
161 1.0000 4131 0.5000
161 1.0000 4227 0.5000
161 1.0000 4323 0.5000
161 1.0000 4419 0.5000
161 0.9479 4515 0.5000
161 0.7000 4611 0.5000
161 0.4333 4707 0.5000
161 0.1667 4799 0.5000
161 0.0021 4884 0.5000
161 1.0000 3676 0.5000
161 1.0000 3772 0.5000
161 1.0000 3868 0.5000
161 1.0000 3958 0.5000
161 1.0000 4042 0.5000
161 0.9813 4132 0.5000
161 0.7667 4228 0.5000
161 0.5000 4324 0.5000
161 0.2333 4420 0.5000
161 0.0188 4516 0.5000
161 1.0000 3677 0.5000
161 0.9979 3773 0.5000
161 0.8333 3869 0.5000
161 0.5667 3959 0.5000
161 0.3000 4043 0.5000
161 0.0521 4133 0.5000
161 0.3667 3678 0.5000
161 0.1021 3774 0.5000
162 0.1021 6286 0.5000
162 0.3667 6382 0.5000
162 0.0521 5915 0.5000
162 0.3000 6005 0.5000
162 0.5667 6097 0.5000
162 0.8333 6191 0.5000
162 0.9979 6287 0.5000
162 1.0000 6383 0.5000
162 0.0188 5544 0.5000
162 0.2333 5640 0.5000
162 0.5000 5734 0.5000
162 0.7667 5826 0.5000
162 0.9812 5916 0.5000
162 1.0000 6006 0.5000
162 1.0000 6098 0.5000
162 1.0000 6192 0.5000
162 1.0000 6288 0.5000
162 1.0000 6384 0.5000
162 0.0021 5162 0.5000
162 0.1667 5257 0.5000
162 0.4333 5353 0.5000
162 0.7000 5449 0.5000
162 0.9479 5545 0.5000
162 1.0000 5641 0.5000
162 1.0000 5735 0.5000
162 1.0000 5827 0.5000
162 1.0000 5917 0.5000
162 1.0000 6007 0.5000
162 1.0000 6099 0.5000
162 1.0000 6193 0.5000
162 1.0000 6289 0.5000
162 1.0000 6385 0.5000
162 0.1021 4884 0.5000
162 0.3667 4974 0.5000
162 0.6333 5068 0.5000
162 0.8979 5162 0.5000
162 1.0000 5258 0.5000
162 1.0000 5354 0.5000
162 1.0000 5450 0.5000
162 1.0000 5546 0.5000
162 1.0000 5642 0.5000
162 1.0000 5736 0.5000
162 1.0000 5828 0.5000
162 1.0000 5918 0.5000
162 1.0000 6008 0.5000
162 1.0000 6100 0.5000
162 1.0000 6194 0.5000
162 1.0000 6290 0.5000
162 1.0000 6386 0.5000
162 0.0521 4515 0.5000
162 0.3000 4611 0.5000
162 0.5667 4707 0.5000
162 0.8333 4799 0.5000
162 0.9979 4885 0.5000
162 1.0000 4975 0.5000
162 1.0000 5069 0.5000
162 1.0000 5163 0.5000
162 1.0000 5259 0.5000
162 1.0000 5355 0.5000
162 1.0000 5451 0.5000
162 1.0000 5547 0.5000
162 1.0000 5643 0.5000
162 1.0000 5737 0.5000
162 1.0000 5829 0.5000
162 1.0000 5919 0.5000
162 1.0000 6009 0.5000
162 1.0000 6101 0.5000
162 1.0000 6195 0.5000
162 1.0000 6291 0.5000
162 1.0000 6387 0.5000
162 0.0188 4132 0.5000
162 0.2333 4228 0.5000
162 0.5000 4324 0.5000
162 0.7667 4420 0.5000
162 0.9813 4516 0.5000
162 1.0000 4612 0.5000
162 1.0000 4708 0.5000
162 1.0000 4800 0.5000
162 1.0000 4886 0.5000
162 1.0000 4976 0.5000
162 1.0000 5070 0.5000
162 1.0000 5164 0.5000
162 1.0000 5260 0.5000
162 1.0000 5356 0.5000
162 1.0000 5452 0.5000
162 1.0000 5548 0.5000
162 1.0000 5644 0.5000
162 1.0000 5738 0.5000
162 1.0000 5830 0.5000
162 1.0000 5920 0.5000
162 1.0000 6010 0.5000
162 1.0000 6102 0.5000
162 1.0000 6196 0.5000
162 1.0000 6292 0.5000
162 1.0000 6388 0.5000
162 0.0021 3774 0.5000
162 0.1667 3869 0.5000
162 0.4333 3959 0.5000
162 0.7000 4043 0.5000
162 0.9479 4133 0.5000
162 1.0000 4229 0.5000
162 1.0000 4325 0.5000
162 1.0000 4421 0.5000
162 1.0000 4517 0.5000
162 1.0000 4613 0.5000
162 1.0000 4709 0.5000
162 1.0000 4801 0.5000
162 1.0000 4887 0.5000
162 1.0000 4977 0.5000
162 1.0000 5071 0.5000
162 1.0000 5165 0.5000
162 1.0000 5261 0.5000
162 1.0000 5357 0.5000
162 1.0000 5453 0.5000
162 1.0000 5549 0.5000
162 1.0000 5645 0.5000
162 1.0000 5739 0.5000
162 1.0000 5831 0.5000
162 1.0000 5921 0.5000
162 1.0000 6011 0.5000
162 1.0000 6103 0.5000
162 1.0000 6197 0.5000
162 1.0000 6293 0.5000
162 1.0000 6389 0.5000
162 0.1333 3678 0.5000
162 0.3979 3774 0.5000
162 0.5000 3870 0.5000
162 0.5000 3960 0.5000
162 0.5000 4044 0.5000
162 0.5000 4134 0.5000
162 0.5000 4230 0.5000
162 0.5000 4326 0.5000
162 0.5000 4422 0.5000
162 0.5000 4518 0.5000
162 0.5000 4614 0.5000
162 0.5000 4710 0.5000
162 0.5000 4802 0.5000
162 0.5000 4888 0.5000
162 0.5000 4978 0.5000
162 0.5000 5072 0.5000
162 0.5000 5166 0.5000
162 0.5000 5262 0.5000
162 0.5000 5358 0.5000
162 0.5000 5454 0.5000
162 0.5000 5550 0.5000
162 0.5000 5646 0.5000
162 0.5000 5740 0.5000
162 0.5000 5832 0.5000
162 0.5000 5922 0.5000
162 0.5000 6012 0.5000
162 0.5000 6104 0.5000
162 0.5000 6198 0.5000
162 0.5000 6294 0.5000
162 0.5000 6390 0.5000
163 0.5000 1620 0.5000
163 0.5000 1716 0.5000
163 0.5000 1812 0.5000
163 0.5000 1906 0.5000
163 0.5000 1996 0.5000
163 0.5000 2084 0.5000
163 0.5000 2176 0.5000
163 0.5000 2270 0.5000
163 0.5000 2364 0.5000
163 0.5000 2458 0.5000
163 0.5000 2550 0.5000
163 0.5000 2644 0.5000
163 0.5000 2740 0.5000
163 0.5000 2836 0.5000
163 0.5000 2932 0.5000
163 0.5000 3026 0.5000
163 0.5000 3118 0.5000
163 0.5000 3208 0.5000
163 0.5000 3300 0.5000
163 0.5000 3396 0.5000
163 0.5000 3492 0.5000
163 0.5000 3588 0.5000
163 0.5000 3684 0.5000
163 0.5000 3780 0.5000
163 0.5000 3876 0.5000
163 0.5000 3966 0.5000
163 0.5000 4050 0.5000
163 0.5000 4140 0.5000
163 0.5000 4236 0.5000
163 0.3295 4332 0.5000
163 1.0000 1621 0.5000
163 1.0000 1717 0.5000
163 1.0000 1813 0.5000
163 1.0000 1907 0.5000
163 1.0000 1997 0.5000
163 1.0000 2085 0.5000
163 1.0000 2177 0.5000
163 1.0000 2271 0.5000
163 1.0000 2365 0.5000
163 1.0000 2459 0.5000
163 1.0000 2551 0.5000
163 1.0000 2645 0.5000
163 1.0000 2741 0.5000
163 1.0000 2837 0.5000
163 1.0000 2933 0.5000
163 1.0000 3027 0.5000
163 1.0000 3119 0.5000
163 1.0000 3209 0.5000
163 1.0000 3301 0.5000
163 1.0000 3397 0.5000
163 1.0000 3493 0.5000
163 1.0000 3589 0.5000
163 1.0000 3685 0.5000
163 1.0000 3781 0.5000
163 1.0000 3877 0.5000
163 1.0000 3967 0.5000
163 1.0000 4051 0.5000
163 0.9992 4141 0.5000
163 0.6000 4237 0.5000
163 0.0371 4333 0.5000
163 1.0000 1622 0.5000
163 1.0000 1718 0.5000
163 1.0000 1814 0.5000
163 1.0000 1908 0.5000
163 1.0000 1998 0.5000
163 1.0000 2086 0.5000
163 1.0000 2178 0.5000
163 1.0000 2272 0.5000
163 1.0000 2366 0.5000
163 1.0000 2460 0.5000
163 1.0000 2552 0.5000
163 1.0000 2646 0.5000
163 1.0000 2742 0.5000
163 1.0000 2838 0.5000
163 1.0000 2934 0.5000
163 1.0000 3028 0.5000
163 1.0000 3120 0.5000
163 1.0000 3210 0.5000
163 1.0000 3302 0.5000
163 1.0000 3398 0.5000
163 1.0000 3494 0.5000
163 1.0000 3590 0.5000
163 1.0000 3686 0.5000
163 1.0000 3782 0.5000
163 1.0000 3878 0.5000
163 1.0000 3968 0.5000
163 0.9386 4052 0.5000
163 0.3341 4142 0.5000
163 1.0000 1623 0.5000
163 1.0000 1719 0.5000
163 1.0000 1815 0.5000
163 1.0000 1909 0.5000
163 1.0000 1999 0.5000
163 1.0000 2087 0.5000
163 1.0000 2179 0.5000
163 1.0000 2273 0.5000
163 1.0000 2367 0.5000
163 1.0000 2461 0.5000
163 1.0000 2553 0.5000
163 1.0000 2647 0.5000
163 1.0000 2743 0.5000
163 1.0000 2839 0.5000
163 1.0000 2935 0.5000
163 1.0000 3029 0.5000
163 1.0000 3121 0.5000
163 1.0000 3211 0.5000
163 1.0000 3303 0.5000
163 1.0000 3399 0.5000
163 1.0000 3495 0.5000
163 1.0000 3591 0.5000
163 1.0000 3687 0.5000
163 1.0000 3783 0.5000
163 1.0000 3879 0.5000
163 0.7811 3969 0.5000
163 0.1280 4053 0.5000
163 1.0000 1624 0.5000
163 1.0000 1720 0.5000
163 1.0000 1816 0.5000
163 1.0000 1910 0.5000
163 1.0000 2000 0.5000
163 1.0000 2088 0.5000
163 1.0000 2180 0.5000
163 1.0000 2274 0.5000
163 1.0000 2368 0.5000
163 1.0000 2462 0.5000
163 1.0000 2554 0.5000
163 1.0000 2648 0.5000
163 1.0000 2744 0.5000
163 1.0000 2840 0.5000
163 1.0000 2936 0.5000
163 1.0000 3030 0.5000
163 1.0000 3122 0.5000
163 1.0000 3212 0.5000
163 1.0000 3304 0.5000
163 1.0000 3400 0.5000
163 1.0000 3496 0.5000
163 1.0000 3592 0.5000
163 1.0000 3688 0.5000
163 0.9932 3784 0.5000
163 0.5333 3880 0.5000
163 0.0189 3970 0.5000
163 1.0000 1625 0.5000
163 1.0000 1721 0.5000
163 1.0000 1817 0.5000
163 1.0000 1911 0.5000
163 1.0000 2001 0.5000
163 1.0000 2089 0.5000
163 1.0000 2181 0.5000
163 1.0000 2275 0.5000
163 1.0000 2369 0.5000
163 1.0000 2463 0.5000
163 1.0000 2555 0.5000
163 1.0000 2649 0.5000
163 1.0000 2745 0.5000
163 1.0000 2841 0.5000
163 1.0000 2937 0.5000
163 1.0000 3031 0.5000
163 1.0000 3123 0.5000
163 1.0000 3213 0.5000
163 1.0000 3305 0.5000
163 1.0000 3401 0.5000
163 1.0000 3497 0.5000
163 1.0000 3593 0.5000
163 0.9083 3689 0.5000
163 0.2735 3785 0.5000
163 1.0000 1626 0.5000
163 1.0000 1722 0.5000
163 1.0000 1818 0.5000
163 1.0000 1912 0.5000
163 1.0000 2002 0.5000
163 1.0000 2090 0.5000
163 1.0000 2182 0.5000
163 1.0000 2276 0.5000
163 1.0000 2370 0.5000
163 1.0000 2464 0.5000
163 1.0000 2556 0.5000
163 1.0000 2650 0.5000
163 1.0000 2746 0.5000
163 1.0000 2842 0.5000
163 1.0000 2938 0.5000
163 1.0000 3032 0.5000
163 1.0000 3124 0.5000
163 1.0000 3214 0.5000
163 1.0000 3306 0.5000
163 1.0000 3402 0.5000
163 1.0000 3498 0.5000
163 0.7265 3594 0.5000
163 0.0917 3690 0.5000
163 1.0000 1627 0.5000
163 1.0000 1723 0.5000
163 1.0000 1819 0.5000
163 1.0000 1913 0.5000
163 1.0000 2003 0.5000
163 1.0000 2091 0.5000
163 1.0000 2183 0.5000
163 1.0000 2277 0.5000
163 1.0000 2371 0.5000
163 1.0000 2465 0.5000
163 1.0000 2557 0.5000
163 1.0000 2651 0.5000
163 1.0000 2747 0.5000
163 1.0000 2843 0.5000
163 1.0000 2939 0.5000
163 1.0000 3033 0.5000
163 1.0000 3125 0.5000
163 1.0000 3215 0.5000
163 1.0000 3307 0.5000
163 0.9811 3403 0.5000
163 0.4667 3499 0.5000
163 0.0068 3595 0.5000
163 1.0000 1628 0.5000
163 1.0000 1724 0.5000
163 1.0000 1820 0.5000
163 1.0000 1914 0.5000
163 1.0000 2004 0.5000
163 1.0000 2092 0.5000
163 1.0000 2184 0.5000
163 1.0000 2278 0.5000
163 1.0000 2372 0.5000
163 1.0000 2466 0.5000
163 1.0000 2558 0.5000
163 1.0000 2652 0.5000
163 1.0000 2748 0.5000
163 1.0000 2844 0.5000
163 1.0000 2940 0.5000
163 1.0000 3034 0.5000
163 1.0000 3126 0.5000
163 1.0000 3216 0.5000
163 0.8720 3308 0.5000
163 0.2189 3404 0.5000
163 1.0000 1629 0.5000
163 1.0000 1725 0.5000
163 1.0000 1821 0.5000
163 1.0000 1915 0.5000
163 1.0000 2005 0.5000
163 1.0000 2093 0.5000
163 1.0000 2185 0.5000
163 1.0000 2279 0.5000
163 1.0000 2373 0.5000
163 1.0000 2467 0.5000
163 1.0000 2559 0.5000
163 1.0000 2653 0.5000
163 1.0000 2749 0.5000
163 1.0000 2845 0.5000
163 1.0000 2941 0.5000
163 1.0000 3035 0.5000
163 1.0000 3127 0.5000
163 0.6659 3217 0.5000
163 0.0614 3309 0.5000
163 1.0000 1630 0.5000
163 1.0000 1726 0.5000
163 1.0000 1822 0.5000
163 1.0000 1916 0.5000
163 1.0000 2006 0.5000
163 1.0000 2094 0.5000
163 1.0000 2186 0.5000
163 1.0000 2280 0.5000
163 1.0000 2374 0.5000
163 1.0000 2468 0.5000
163 1.0000 2560 0.5000
163 1.0000 2654 0.5000
163 1.0000 2750 0.5000
163 1.0000 2846 0.5000
163 1.0000 2942 0.5000
163 0.9629 3036 0.5000
163 0.4000 3128 0.5000
163 0.0008 3217 0.5000
163 1.0000 1631 0.5000
163 1.0000 1727 0.5000
163 1.0000 1823 0.5000
163 1.0000 1917 0.5000
163 1.0000 2007 0.5000
163 1.0000 2095 0.5000
163 1.0000 2187 0.5000
163 1.0000 2281 0.5000
163 1.0000 2375 0.5000
163 1.0000 2469 0.5000
163 1.0000 2561 0.5000
163 1.0000 2655 0.5000
163 1.0000 2751 0.5000
163 1.0000 2847 0.5000
163 0.8295 2943 0.5000
163 0.1705 3037 0.5000
163 1.0000 1632 0.5000
163 1.0000 1728 0.5000
163 1.0000 1824 0.5000
163 1.0000 1918 0.5000
163 1.0000 2008 0.5000
163 1.0000 2096 0.5000
163 1.0000 2188 0.5000
163 1.0000 2282 0.5000
163 1.0000 2376 0.5000
163 1.0000 2470 0.5000
163 1.0000 2562 0.5000
163 1.0000 2656 0.5000
163 0.9992 2752 0.5000
163 0.6000 2848 0.5000
163 0.0371 2944 0.5000
163 1.0000 1633 0.5000
163 1.0000 1729 0.5000
163 1.0000 1825 0.5000
163 1.0000 1919 0.5000
163 1.0000 2009 0.5000
163 1.0000 2097 0.5000
163 1.0000 2189 0.5000
163 1.0000 2283 0.5000
163 1.0000 2377 0.5000
163 1.0000 2471 0.5000
163 1.0000 2563 0.5000
163 0.9386 2657 0.5000
163 0.3341 2753 0.5000
163 1.0000 1634 0.5000
163 1.0000 1730 0.5000
163 1.0000 1826 0.5000
163 1.0000 1920 0.5000
163 1.0000 2010 0.5000
163 1.0000 2098 0.5000
163 1.0000 2190 0.5000
163 1.0000 2284 0.5000
163 1.0000 2378 0.5000
163 1.0000 2472 0.5000
163 0.7811 2564 0.5000
163 0.1280 2658 0.5000
163 1.0000 1635 0.5000
163 1.0000 1731 0.5000
163 1.0000 1827 0.5000
163 1.0000 1921 0.5000
163 1.0000 2011 0.5000
163 1.0000 2099 0.5000
163 1.0000 2191 0.5000
163 1.0000 2285 0.5000
163 0.9932 2379 0.5000
163 0.5333 2473 0.5000
163 0.0189 2565 0.5000
163 1.0000 1636 0.5000
163 1.0000 1732 0.5000
163 1.0000 1828 0.5000
163 1.0000 1922 0.5000
163 1.0000 2012 0.5000
163 1.0000 2100 0.5000
163 1.0000 2192 0.5000
163 0.9083 2286 0.5000
163 0.2735 2380 0.5000
163 1.0000 1637 0.5000
163 1.0000 1733 0.5000
163 1.0000 1829 0.5000
163 1.0000 1923 0.5000
163 1.0000 2013 0.5000
163 1.0000 2101 0.5000
163 0.7265 2193 0.5000
163 0.0917 2287 0.5000
163 1.0000 1638 0.5000
163 1.0000 1734 0.5000
163 1.0000 1830 0.5000
163 1.0000 1924 0.5000
163 0.9811 2014 0.5000
163 0.4667 2102 0.5000
163 0.0068 2194 0.5000
163 1.0000 1639 0.5000
163 1.0000 1735 0.5000
163 1.0000 1831 0.5000
163 0.8720 1925 0.5000
163 0.2189 2015 0.5000
163 1.0000 1640 0.5000
163 1.0000 1736 0.5000
163 0.6659 1832 0.5000
163 0.0614 1926 0.5000
163 0.9629 1641 0.5000
163 0.4000 1737 0.5000
163 0.0008 1832 0.5000
163 0.1705 1642 0.5000
164 0.1705 4332 0.5000
164 0.0008 4142 0.5000
164 0.4000 4237 0.5000
164 0.9629 4333 0.5000
164 0.0614 4052 0.5000
164 0.6659 4142 0.5000
164 1.0000 4238 0.5000
164 1.0000 4334 0.5000
164 0.2189 3969 0.5000
164 0.8720 4053 0.5000
164 1.0000 4143 0.5000
164 1.0000 4239 0.5000
164 1.0000 4335 0.5000
164 0.0068 3784 0.5000
164 0.4667 3880 0.5000
164 0.9811 3970 0.5000
164 1.0000 4054 0.5000
164 1.0000 4144 0.5000
164 1.0000 4240 0.5000
164 1.0000 4336 0.5000
164 0.0917 3689 0.5000
164 0.7265 3785 0.5000
164 1.0000 3881 0.5000
164 1.0000 3971 0.5000
164 1.0000 4055 0.5000
164 1.0000 4145 0.5000
164 1.0000 4241 0.5000
164 1.0000 4337 0.5000
164 0.2735 3594 0.5000
164 0.9083 3690 0.5000
164 1.0000 3786 0.5000
164 1.0000 3882 0.5000
164 1.0000 3972 0.5000
164 1.0000 4056 0.5000
164 1.0000 4146 0.5000
164 1.0000 4242 0.5000
164 1.0000 4338 0.5000
164 0.0189 3403 0.5000
164 0.5333 3499 0.5000
164 0.9932 3595 0.5000
164 1.0000 3691 0.5000
164 1.0000 3787 0.5000
164 1.0000 3883 0.5000
164 1.0000 3973 0.5000
164 1.0000 4057 0.5000
164 1.0000 4147 0.5000
164 1.0000 4243 0.5000
164 1.0000 4339 0.5000
164 0.1280 3308 0.5000
164 0.7811 3404 0.5000
164 1.0000 3500 0.5000
164 1.0000 3596 0.5000
164 1.0000 3692 0.5000
164 1.0000 3788 0.5000
164 1.0000 3884 0.5000
164 1.0000 3974 0.5000
164 1.0000 4058 0.5000
164 1.0000 4148 0.5000
164 1.0000 4244 0.5000
164 1.0000 4340 0.5000
164 0.3341 3217 0.5000
164 0.9386 3309 0.5000
164 1.0000 3405 0.5000
164 1.0000 3501 0.5000
164 1.0000 3597 0.5000
164 1.0000 3693 0.5000
164 1.0000 3789 0.5000
164 1.0000 3885 0.5000
164 1.0000 3975 0.5000
164 1.0000 4059 0.5000
164 1.0000 4149 0.5000
164 1.0000 4245 0.5000
164 1.0000 4341 0.5000
164 0.0371 3036 0.5000
164 0.6000 3128 0.5000
164 0.9992 3218 0.5000
164 1.0000 3310 0.5000
164 1.0000 3406 0.5000
164 1.0000 3502 0.5000
164 1.0000 3598 0.5000
164 1.0000 3694 0.5000
164 1.0000 3790 0.5000
164 1.0000 3886 0.5000
164 1.0000 3976 0.5000
164 1.0000 4060 0.5000
164 1.0000 4150 0.5000
164 1.0000 4246 0.5000
164 1.0000 4342 0.5000
164 0.1705 2943 0.5000
164 0.8295 3037 0.5000
164 1.0000 3129 0.5000
164 1.0000 3219 0.5000
164 1.0000 3311 0.5000
164 1.0000 3407 0.5000
164 1.0000 3503 0.5000
164 1.0000 3599 0.5000
164 1.0000 3695 0.5000
164 1.0000 3791 0.5000
164 1.0000 3887 0.5000
164 1.0000 3977 0.5000
164 1.0000 4061 0.5000
164 1.0000 4151 0.5000
164 1.0000 4247 0.5000
164 1.0000 4343 0.5000
164 0.0008 2753 0.5000
164 0.4000 2848 0.5000
164 0.9629 2944 0.5000
164 1.0000 3038 0.5000
164 1.0000 3130 0.5000
164 1.0000 3220 0.5000
164 1.0000 3312 0.5000
164 1.0000 3408 0.5000
164 1.0000 3504 0.5000
164 1.0000 3600 0.5000
164 1.0000 3696 0.5000
164 1.0000 3792 0.5000
164 1.0000 3888 0.5000
164 1.0000 3978 0.5000
164 1.0000 4062 0.5000
164 1.0000 4152 0.5000
164 1.0000 4248 0.5000
164 1.0000 4344 0.5000
164 0.0614 2657 0.5000
164 0.6659 2753 0.5000
164 1.0000 2849 0.5000
164 1.0000 2945 0.5000
164 1.0000 3039 0.5000
164 1.0000 3131 0.5000
164 1.0000 3221 0.5000
164 1.0000 3313 0.5000
164 1.0000 3409 0.5000
164 1.0000 3505 0.5000
164 1.0000 3601 0.5000
164 1.0000 3697 0.5000
164 1.0000 3793 0.5000
164 1.0000 3889 0.5000
164 1.0000 3979 0.5000
164 1.0000 4063 0.5000
164 1.0000 4153 0.5000
164 1.0000 4249 0.5000
164 1.0000 4345 0.5000
164 0.2189 2564 0.5000
164 0.8720 2658 0.5000
164 1.0000 2754 0.5000
164 1.0000 2850 0.5000
164 1.0000 2946 0.5000
164 1.0000 3040 0.5000
164 1.0000 3132 0.5000
164 1.0000 3222 0.5000
164 1.0000 3314 0.5000
164 1.0000 3410 0.5000
164 1.0000 3506 0.5000
164 1.0000 3602 0.5000
164 1.0000 3698 0.5000
164 1.0000 3794 0.5000
164 1.0000 3890 0.5000
164 1.0000 3980 0.5000
164 1.0000 4064 0.5000
164 1.0000 4154 0.5000
164 1.0000 4250 0.5000
164 1.0000 4346 0.5000
164 0.0068 2379 0.5000
164 0.4667 2473 0.5000
164 0.9811 2565 0.5000
164 1.0000 2659 0.5000
164 1.0000 2755 0.5000
164 1.0000 2851 0.5000
164 1.0000 2947 0.5000
164 1.0000 3041 0.5000
164 1.0000 3133 0.5000
164 1.0000 3223 0.5000
164 1.0000 3315 0.5000
164 1.0000 3411 0.5000
164 1.0000 3507 0.5000
164 1.0000 3603 0.5000
164 1.0000 3699 0.5000
164 1.0000 3795 0.5000
164 1.0000 3891 0.5000
164 1.0000 3981 0.5000
164 1.0000 4065 0.5000
164 1.0000 4155 0.5000
164 1.0000 4251 0.5000
164 1.0000 4347 0.5000
164 0.0917 2286 0.5000
164 0.7265 2380 0.5000
164 1.0000 2474 0.5000
164 1.0000 2566 0.5000
164 1.0000 2660 0.5000
164 1.0000 2756 0.5000
164 1.0000 2852 0.5000
164 1.0000 2948 0.5000
164 1.0000 3042 0.5000
164 1.0000 3134 0.5000
164 1.0000 3224 0.5000
164 1.0000 3316 0.5000
164 1.0000 3412 0.5000
164 1.0000 3508 0.5000
164 1.0000 3604 0.5000
164 1.0000 3700 0.5000
164 1.0000 3796 0.5000
164 1.0000 3892 0.5000
164 1.0000 3982 0.5000
164 1.0000 4066 0.5000
164 1.0000 4156 0.5000
164 1.0000 4252 0.5000
164 1.0000 4348 0.5000
164 0.2735 2193 0.5000
164 0.9083 2287 0.5000
164 1.0000 2381 0.5000
164 1.0000 2475 0.5000
164 1.0000 2567 0.5000
164 1.0000 2661 0.5000
164 1.0000 2757 0.5000
164 1.0000 2853 0.5000
164 1.0000 2949 0.5000
164 1.0000 3043 0.5000
164 1.0000 3135 0.5000
164 1.0000 3225 0.5000
164 1.0000 3317 0.5000
164 1.0000 3413 0.5000
164 1.0000 3509 0.5000
164 1.0000 3605 0.5000
164 1.0000 3701 0.5000
164 1.0000 3797 0.5000
164 1.0000 3893 0.5000
164 1.0000 3983 0.5000
164 1.0000 4067 0.5000
164 1.0000 4157 0.5000
164 1.0000 4253 0.5000
164 1.0000 4349 0.5000
164 0.0189 2014 0.5000
164 0.5333 2102 0.5000
164 0.9932 2194 0.5000
164 1.0000 2288 0.5000
164 1.0000 2382 0.5000
164 1.0000 2476 0.5000
164 1.0000 2568 0.5000
164 1.0000 2662 0.5000
164 1.0000 2758 0.5000
164 1.0000 2854 0.5000
164 1.0000 2950 0.5000
164 1.0000 3044 0.5000
164 1.0000 3136 0.5000
164 1.0000 3226 0.5000
164 1.0000 3318 0.5000
164 1.0000 3414 0.5000
164 1.0000 3510 0.5000
164 1.0000 3606 0.5000
164 1.0000 3702 0.5000
164 1.0000 3798 0.5000
164 1.0000 3894 0.5000
164 1.0000 3984 0.5000
164 1.0000 4068 0.5000
164 1.0000 4158 0.5000
164 1.0000 4254 0.5000
164 1.0000 4350 0.5000
164 0.1280 1925 0.5000
164 0.7811 2015 0.5000
164 1.0000 2103 0.5000
164 1.0000 2195 0.5000
164 1.0000 2289 0.5000
164 1.0000 2383 0.5000
164 1.0000 2477 0.5000
164 1.0000 2569 0.5000
164 1.0000 2663 0.5000
164 1.0000 2759 0.5000
164 1.0000 2855 0.5000
164 1.0000 2951 0.5000
164 1.0000 3045 0.5000
164 1.0000 3137 0.5000
164 1.0000 3227 0.5000
164 1.0000 3319 0.5000
164 1.0000 3415 0.5000
164 1.0000 3511 0.5000
164 1.0000 3607 0.5000
164 1.0000 3703 0.5000
164 1.0000 3799 0.5000
164 1.0000 3895 0.5000
164 1.0000 3985 0.5000
164 1.0000 4069 0.5000
164 1.0000 4159 0.5000
164 1.0000 4255 0.5000
164 1.0000 4351 0.5000
164 0.3341 1832 0.5000
164 0.9386 1926 0.5000
164 1.0000 2016 0.5000
164 1.0000 2104 0.5000
164 1.0000 2196 0.5000
164 1.0000 2290 0.5000
164 1.0000 2384 0.5000
164 1.0000 2478 0.5000
164 1.0000 2570 0.5000
164 1.0000 2664 0.5000
164 1.0000 2760 0.5000
164 1.0000 2856 0.5000
164 1.0000 2952 0.5000
164 1.0000 3046 0.5000
164 1.0000 3138 0.5000
164 1.0000 3228 0.5000
164 1.0000 3320 0.5000
164 1.0000 3416 0.5000
164 1.0000 3512 0.5000
164 1.0000 3608 0.5000
164 1.0000 3704 0.5000
164 1.0000 3800 0.5000
164 1.0000 3896 0.5000
164 1.0000 3986 0.5000
164 1.0000 4070 0.5000
164 1.0000 4160 0.5000
164 1.0000 4256 0.5000
164 1.0000 4352 0.5000
164 0.0371 1641 0.5000
164 0.6000 1737 0.5000
164 0.9992 1833 0.5000
164 1.0000 1927 0.5000
164 1.0000 2017 0.5000
164 1.0000 2105 0.5000
164 1.0000 2197 0.5000
164 1.0000 2291 0.5000
164 1.0000 2385 0.5000
164 1.0000 2479 0.5000
164 1.0000 2571 0.5000
164 1.0000 2665 0.5000
164 1.0000 2761 0.5000
164 1.0000 2857 0.5000
164 1.0000 2953 0.5000
164 1.0000 3047 0.5000
164 1.0000 3139 0.5000
164 1.0000 3229 0.5000
164 1.0000 3321 0.5000
164 1.0000 3417 0.5000
164 1.0000 3513 0.5000
164 1.0000 3609 0.5000
164 1.0000 3705 0.5000
164 1.0000 3801 0.5000
164 1.0000 3897 0.5000
164 1.0000 3987 0.5000
164 1.0000 4071 0.5000
164 1.0000 4161 0.5000
164 1.0000 4257 0.5000
164 1.0000 4353 0.5000
164 0.3295 1642 0.5000
164 0.5000 1738 0.5000
164 0.5000 1834 0.5000
164 0.5000 1928 0.5000
164 0.5000 2018 0.5000
164 0.5000 2106 0.5000
164 0.5000 2198 0.5000
164 0.5000 2292 0.5000
164 0.5000 2386 0.5000
164 0.5000 2480 0.5000
164 0.5000 2572 0.5000
164 0.5000 2666 0.5000
164 0.5000 2762 0.5000
164 0.5000 2858 0.5000
164 0.5000 2954 0.5000
164 0.5000 3048 0.5000
164 0.5000 3140 0.5000
164 0.5000 3230 0.5000
164 0.5000 3322 0.5000
164 0.5000 3418 0.5000
164 0.5000 3514 0.5000
164 0.5000 3610 0.5000
164 0.5000 3706 0.5000
164 0.5000 3802 0.5000
164 0.5000 3898 0.5000
164 0.5000 3988 0.5000
164 0.5000 4072 0.5000
164 0.5000 4162 0.5000
164 0.5000 4258 0.5000
164 0.5000 4354 0.5000
