# facet, area, fluid boundary point, boundary intercept
1  1.0000 11770 0.5000
1  1.0000 11778 0.5000
1  1.0000 11788 0.5000
1  1.0000 11802 0.5000
1  1.0000 11771 0.5000
1  1.0000 11779 0.5000
1  1.0000 11789 0.5000
1  1.0000 11803 0.5000
1  1.0000 11772 0.5000
1  1.0000 11780 0.5000
1  1.0000 11790 0.5000
1  1.0000 11804 0.5000
1  1.0000 11773 0.5000
1  1.0000 11781 0.5000
1  1.0000 11791 0.5000
1  0.5000 11805 0.5000
2  0.5000 11805 0.5000
2  1.0000 11821 0.5000
2  1.0000 11833 0.5000
2  1.0000 11845 0.5000
2  1.0000 11806 0.5000
2  1.0000 11822 0.5000
2  1.0000 11834 0.5000
2  1.0000 11846 0.5000
2  1.0000 11807 0.5000
2  1.0000 11823 0.5000
2  1.0000 11835 0.5000
2  1.0000 11847 0.5000
2  1.0000 11808 0.5000
2  1.0000 11824 0.5000
2  1.0000 11836 0.5000
2  1.0000 11848 0.5000
3  0.5625 388  0.5000
3  0.0089 388  0.8004
3  1.0000 484  0.5000
3  0.6786 484  0.7071
3  0.0357 9855 1.9922
3  1.0000 576  0.5000
3  1.0000 576  0.7071
3  0.7768 9863 1.2778
3  0.0804 10246 1.9013
3  1.0000 666  0.5000
3  1.0000 666  0.7071
3  1.0000 9116 1.5811
3  0.8571 10254 1.1918
3  0.1429 10637 1.8107
3  1.0000 758  0.5000
3  1.0000 850  0.5000
3  1.0000 944  0.5000
4  0.4375 388  0.5022
4  0.9911 388  0.7071
4  1.0000 9090 1.5811
4  1.0000 9473 1.5811
4  1.0000 9856 1.5811
4  1.0000 10239 1.5811
4  1.0000 10622 1.5811
4  1.0000 11779 1.6583
4  0.3214 484  0.9556
4  0.9643 9105 1.0240
4  1.0000 9473 1.6583
4  1.0000 9856 1.6583
4  1.0000 10239 1.6583
4  1.0000 10622 1.6583
4  1.0000 11005 1.6583
4  0.2232 9115 1.7205
4  0.9196 9498 1.1071
4  1.0000 9882 1.6583
4  1.0000 10265 1.6583
4  1.0000 10648 1.6583
4  1.0000 11031 1.6583
4  0.1429 9498 1.1672
4  0.8571 9882 1.5811
4  1.0000 10265 1.5811
4  1.0000 10648 1.5811
4  1.0000 11789 1.6583
5  1.0000 396  0.5000
5  1.0000 490  0.5000
5  1.0000 582  0.5000
5  1.0000 674  0.5000
5  1.0000 764  0.5000
5  1.0000 856  0.5000
5  0.5625 952  0.5000
6  0.4375 952  0.5022
7  0.4375 1045 0.5022
8  1.0000 1039 0.5000
8  1.0000 1040 0.5000
8  1.0000 1041 0.5000
8  1.0000 1042 0.5000
8  1.0000 1043 0.5000
8  1.0000 1044 0.5000
8  0.5625 1045 0.5000
9  1.0000 293  0.5000
9  1.0000 293  0.7071
9  1.0000 9097 1.5811
9  1.0000 9480 1.5811
9  1.0000 9863 1.5811
9  1.0000 10246 1.5811
9  0.9911 11388 0.9431
9  0.4375 11771 1.5415
9  1.0000 294  0.5000
9  1.0000 294  0.7071
9  1.0000 9097 1.6583
9  1.0000 9480 1.6583
9  1.0000 9863 1.6583
9  0.9643 11006 1.0240
9  0.3214 11389 1.6307
9  1.0000 295  0.5000
9  1.0000 295  0.7071
9  1.0000 9098 1.6583
9  1.0000 9481 1.6583
9  0.9196 10624 1.1071
9  0.2232 11007 1.7205
9  1.0000 296  0.5000
9  1.0000 296  0.7071
9  1.0000 9098 1.5811
9  0.8571 9481 1.5811
9  0.1429 10624 1.1672
9  1.0000 297  0.5000
9  1.0000 298  0.5000
9  0.5625 299  0.5000
10 0.0089 10621 1.5303
10 0.5625 11779 1.6583
10 0.0357 10238 1.9922
10 0.6786 10621 1.3649
10 1.0000 11012 1.6583
10 0.0804 9856 1.9013
10 0.7768 10239 1.2778
10 1.0000 10630 1.6583
10 1.0000 11013 1.6583
10 0.1429 9474 1.8107
10 0.8571 9857 1.1918
10 1.0000 10247 1.5811
10 1.0000 10630 1.5811
10 1.0000 11780 1.6583
10 0.4375 299  0.5022
11 1.0000 11897 0.5000
11 1.0000 11905 0.5000
11 1.0000 11917 0.5000
11 1.0000 11925 0.5000
11 1.0000 11898 0.5000
11 1.0000 11906 0.5000
11 1.0000 11918 0.5000
11 1.0000 11926 0.5000
11 1.0000 11899 0.5000
11 1.0000 11907 0.5000
11 1.0000 11919 0.5000
11 1.0000 11927 0.5000
11 1.0000 11900 0.5000
11 1.0000 11908 0.5000
11 1.0000 11920 0.5000
11 1.0000 11928 0.5000
12 1.0000 11933 0.5000
12 1.0000 11941 0.5000
12 1.0000 11945 0.5000
12 1.0000 11949 0.5000
12 1.0000 11934 0.5000
12 1.0000 11942 0.5000
12 1.0000 11946 0.5000
12 1.0000 11950 0.5000
12 1.0000 11935 0.5000
12 1.0000 11943 0.5000
12 1.0000 11947 0.5000
12 1.0000 11951 0.5000
12 1.0000 11936 0.5000
12 1.0000 11944 0.5000
12 1.0000 11948 0.5000
12 1.0000 11952 0.5000
13 0.3333 1796 0.5189
13 0.9167 1892 0.5000
13 1.0000 1986 0.5000
13 1.0000 2080 0.5000
13 1.0000 2174 0.5000
13 1.0000 2266 0.5000
13 1.0000 2360 0.5000
13 1.0000 2456 0.5000
13 1.0000 2550 0.5000
13 1.0000 2644 0.5000
13 1.0000 2740 0.5000
13 1.0000 2836 0.5000
14 0.6667 1796 0.5000
14 0.0833 1892 0.6504
15 1.0000 1809 0.5000
15 1.0000 1905 0.5000
15 1.0000 1999 0.5000
15 1.0000 2091 0.5000
15 1.0000 2185 0.5000
15 1.0000 2279 0.5000
15 1.0000 2373 0.5000
15 1.0000 2467 0.5000
15 1.0000 2561 0.5000
15 1.0000 2657 0.5000
15 0.9167 2753 0.5000
15 0.3333 2849 0.5189
16 0.0833 2753 0.6504
16 0.6667 2849 0.5000
17 0.0833 2943 0.6504
17 0.6667 2944 0.5000
18 1.0000 2933 0.5000
18 1.0000 2934 0.5000
18 1.0000 2935 0.5000
18 1.0000 2936 0.5000
18 1.0000 2937 0.5000
18 1.0000 2938 0.5000
18 1.0000 2939 0.5000
18 1.0000 2940 0.5000
18 1.0000 2941 0.5000
18 1.0000 2942 0.5000
18 0.9167 2943 0.5000
18 0.3333 2944 0.5189
19 1.0000 1701 0.5000
19 1.0000 1702 0.5000
19 1.0000 1703 0.5000
19 1.0000 1704 0.5000
19 1.0000 1705 0.5000
19 1.0000 1706 0.5000
19 1.0000 1707 0.5000
19 1.0000 1708 0.5000
19 1.0000 1709 0.5000
19 1.0000 1710 0.5000
19 0.9167 1711 0.5000
19 0.3333 1712 0.5189
20 0.0833 1711 0.6504
20 0.6667 1712 0.5000
21 1.0000 11985 0.5000
21 1.0000 12001 0.5000
21 1.0000 12017 0.5000
21 0.9355 12033 0.5000
21 1.0000 11986 0.5000
21 1.0000 12002 0.5000
21 1.0000 12018 0.5000
21 0.8065 12034 0.5000
21 1.0000 11987 0.5000
21 1.0000 12003 0.5000
21 1.0000 12019 0.5000
21 0.6774 12035 0.5000
21 1.0000 11988 0.5000
21 1.0000 12004 0.5000
21 1.0000 12020 0.5000
21 0.5484 12036 0.5000
21 0.4516 11989 0.5023
21 0.3226 11990 0.5301
21 0.1935 11991 0.5851
21 0.0645 11992 0.6607
22 0.0645 12033 0.6607
22 0.1935 12034 0.5851
22 0.3226 12035 0.5301
22 0.4516 12036 0.5023
22 0.5484 11989 0.5000
22 1.0000 12005 0.5000
22 1.0000 12021 0.5000
22 1.0000 12037 0.5000
22 0.6774 11990 0.5000
22 1.0000 12006 0.5000
22 1.0000 12022 0.5000
22 1.0000 12038 0.5000
22 0.8065 11991 0.5000
22 1.0000 12007 0.5000
22 1.0000 12023 0.5000
22 1.0000 12039 0.5000
22 0.9355 11992 0.5000
22 1.0000 12008 0.5000
22 1.0000 12024 0.5000
22 1.0000 12040 0.5000
23 0.7500 3884 0.5000
23 0.2500 3884 0.7071
23 1.0000 3980 0.5000
23 1.0000 3980 0.7071
23 0.7500 10022 1.2247
23 0.2500 10405 1.6432
23 1.0000 4068 0.5000
23 1.0000 4068 0.7071
23 1.0000 9289 1.6583
23 1.0000 10421 1.5000
23 0.7500 10804 1.2247
23 0.2500 11187 1.6432
23 1.0000 4156 0.5000
23 1.0000 4156 0.7071
23 1.0000 9289 1.5811
23 1.0000 9672 1.5811
23 1.0000 10055 1.5811
23 1.0000 11195 1.5000
23 0.7500 11578 1.2247
23 0.2500 12017 1.6432
24 0.2500 3884 0.5477
24 0.7500 3884 0.7071
24 1.0000 9272 1.5000
24 1.0000 9640 1.5811
24 1.0000 10023 1.5811
24 1.0000 10406 1.5811
24 1.0000 10789 1.5811
24 1.0000 12002 1.6583
24 0.2500 9280 1.6432
24 0.7500 9663 1.2247
24 1.0000 10023 1.6583
24 1.0000 10406 1.6583
24 1.0000 10789 1.6583
24 1.0000 11172 1.6583
24 0.2500 10054 1.6432
24 0.7500 10437 1.2247
24 1.0000 10821 1.6583
24 1.0000 11204 1.6583
24 0.2500 10821 1.6583
24 0.7500 12018 1.6583
25 1.0000 3916 0.5000
25 1.0000 4008 0.5000
25 1.0000 4096 0.5000
25 0.7500 4188 0.5000
26 0.2500 4188 0.5477
27 0.0988 4280 0.6344
27 0.3548 4281 0.5194
27 0.6129 4282 0.5000
27 0.8710 4283 0.5000
28 1.0000 4253 0.5000
28 1.0000 4254 0.5000
28 1.0000 4255 0.5000
28 1.0000 4256 0.5000
28 1.0000 4257 0.5000
28 1.0000 4258 0.5000
28 1.0000 4259 0.5000
28 1.0000 4260 0.5000
28 1.0000 4261 0.5000
28 1.0000 4262 0.5000
28 1.0000 4263 0.5000
28 1.0000 4264 0.5000
28 1.0000 4265 0.5000
28 1.0000 4266 0.5000
28 1.0000 4267 0.5000
28 1.0000 4268 0.5000
28 1.0000 4269 0.5000
28 1.0000 4270 0.5000
28 1.0000 4271 0.5000
28 1.0000 4272 0.5000
28 1.0000 4273 0.5000
28 1.0000 4274 0.5000
28 1.0000 4275 0.5000
28 1.0000 4276 0.5000
28 1.0000 4277 0.5000
28 1.0000 4278 0.5000
28 1.0000 4279 0.5000
28 0.9012 4280 0.5000
28 0.6452 4281 0.5000
28 0.3871 4282 0.5118
28 0.1290 4283 0.6156
29 1.0000 3789 0.5000
29 1.0000 3789 0.7071
29 1.0000 9272 1.5811
29 1.0000 9655 1.5811
29 1.0000 10038 1.5811
29 1.0000 10421 1.5811
29 1.0000 10804 1.5811
29 0.8710 11986 1.0367
29 1.0000 3790 0.5000
29 1.0000 3790 0.7071
29 1.0000 9272 1.6583
29 1.0000 9655 1.6583
29 1.0000 10038 1.6583
29 1.0000 10421 1.6583
29 1.0000 10804 1.6583
29 0.6129 11987 1.2379
29 1.0000 3791 0.5000
29 1.0000 3791 0.7071
29 1.0000 9273 1.6583
29 1.0000 9656 1.6583
29 1.0000 10039 1.6583
29 1.0000 10422 1.6583
29 1.0000 10805 1.6583
29 0.3548 11988 1.4572
29 1.0000 3792 0.5000
29 1.0000 3792 0.7071
29 1.0000 9273 1.5811
29 1.0000 9656 1.5811
29 1.0000 10039 1.5811
29 1.0000 10422 1.5811
29 0.9980 10805 1.5811
29 0.0988 11987 1.4572
29 1.0000 3793 0.5000
29 1.0000 3794 0.5000
29 1.0000 3795 0.5000
29 1.0000 3796 0.5000
29 1.0000 3797 0.5000
29 1.0000 3798 0.5000
29 1.0000 3799 0.5000
29 1.0000 3800 0.5000
29 1.0000 3801 0.5000
29 1.0000 3802 0.5000
29 1.0000 3803 0.5000
29 1.0000 3804 0.5000
29 1.0000 3805 0.5000
29 1.0000 3806 0.5000
29 1.0000 3807 0.5000
29 1.0000 3808 0.5000
29 1.0000 3809 0.5000
29 1.0000 3810 0.5000
29 1.0000 3811 0.5000
29 1.0000 3812 0.5000
29 1.0000 3813 0.5000
29 1.0000 3814 0.5000
29 1.0000 3815 0.5000
29 0.9012 3816 0.5000
29 0.0020 3816 0.8004
29 0.6452 3817 0.5000
29 0.3871 3818 0.5118
29 0.1290 3819 0.6156
30 0.1290 11172 1.4291
30 0.3871 11171 1.4291
30 0.6452 11172 1.2116
30 0.0020 10790 2.0954
30 0.9012 11173 1.0133
30 0.0988 3816 0.6344
30 0.9980 3816 0.7071
30 1.0000 9274 1.5811
30 1.0000 9657 1.5811
30 1.0000 10040 1.5811
30 1.0000 10423 1.5811
30 1.0000 10806 1.5811
30 1.0000 12006 1.6583
30 0.3548 3817 0.5194
30 1.0000 3817 0.7071
30 1.0000 9274 1.6583
30 1.0000 9657 1.6583
30 1.0000 10040 1.6583
30 1.0000 10423 1.6583
30 1.0000 10806 1.6583
30 1.0000 11189 1.6583
30 0.6129 3818 0.5000
30 1.0000 3818 0.7071
30 1.0000 9275 1.6583
30 1.0000 9658 1.6583
30 1.0000 10041 1.6583
30 1.0000 10424 1.6583
30 1.0000 10807 1.6583
30 1.0000 11190 1.6583
30 0.8710 3819 0.5000
30 1.0000 3819 0.7071
30 1.0000 9275 1.5811
30 1.0000 9658 1.5811
30 1.0000 10041 1.5811
30 1.0000 10424 1.5811
30 1.0000 10807 1.5811
30 1.0000 12007 1.6583
31 1.0000 12057 0.5000
31 1.0000 12065 0.5000
31 1.0000 12077 0.5000
31 1.0000 12085 0.5000
31 1.0000 12058 0.5000
31 1.0000 12066 0.5000
31 1.0000 12078 0.5000
31 1.0000 12086 0.5000
31 1.0000 12059 0.5000
31 1.0000 12067 0.5000
31 1.0000 12079 0.5000
31 1.0000 12087 0.5000
31 1.0000 12060 0.5000
31 1.0000 12068 0.5000
31 1.0000 12080 0.5000
31 1.0000 12088 0.5000
32 1.0000 12105 0.5000
32 1.0000 12113 0.5000
32 1.0000 12121 0.5000
32 1.0000 12129 0.5000
32 1.0000 12106 0.5000
32 1.0000 12114 0.5000
32 1.0000 12122 0.5000
32 1.0000 12130 0.5000
32 1.0000 12107 0.5000
32 1.0000 12115 0.5000
32 1.0000 12123 0.5000
32 1.0000 12131 0.5000
32 1.0000 12108 0.5000
32 1.0000 12116 0.5000
32 1.0000 12124 0.5000
32 1.0000 12132 0.5000
33 0.2222 4636 0.5607
33 0.6667 4732 0.5000
33 0.9861 4826 0.5000
33 1.0000 4920 0.5000
33 1.0000 5014 0.5000
33 1.0000 5106 0.5000
33 1.0000 5200 0.5000
33 1.0000 5296 0.5000
33 1.0000 5392 0.5000
33 1.0000 5488 0.5000
33 1.0000 5584 0.5000
33 1.0000 5680 0.5000
33 1.0000 5774 0.5000
33 1.0000 5868 0.5000
33 1.0000 5962 0.5000
33 1.0000 6056 0.5000
33 1.0000 6150 0.5000
33 1.0000 6244 0.5000
34 0.7778 4636 0.5000
34 0.3333 4732 0.5227
34 0.0139 4826 0.7500
35 1.0000 4649 0.5000
35 1.0000 4745 0.5000
35 1.0000 4839 0.5000
35 1.0000 4931 0.5000
35 1.0000 5025 0.5000
35 1.0000 5119 0.5000
35 1.0000 5213 0.5000
35 1.0000 5309 0.5000
35 1.0000 5405 0.5000
35 1.0000 5501 0.5000
35 1.0000 5597 0.5000
35 1.0000 5693 0.5000
35 1.0000 5787 0.5000
35 1.0000 5879 0.5000
35 1.0000 5973 0.5000
35 0.9861 6069 0.5000
35 0.6667 6163 0.5000
35 0.2222 6257 0.5607
36 0.0139 6069 0.7500
36 0.3333 6163 0.5227
36 0.7778 6257 0.5000
37 0.0833 6351 0.6504
37 0.6667 6352 0.5000
38 1.0000 6341 0.5000
38 1.0000 6342 0.5000
38 1.0000 6343 0.5000
38 1.0000 6344 0.5000
38 1.0000 6345 0.5000
38 1.0000 6346 0.5000
38 1.0000 6347 0.5000
38 1.0000 6348 0.5000
38 1.0000 6349 0.5000
38 1.0000 6350 0.5000
38 0.9167 6351 0.5000
38 0.3333 6352 0.5189
39 1.0000 4541 0.5000
39 1.0000 4542 0.5000
39 1.0000 4543 0.5000
39 1.0000 4544 0.5000
39 1.0000 4545 0.5000
39 1.0000 4546 0.5000
39 1.0000 4547 0.5000
39 1.0000 4548 0.5000
39 1.0000 4549 0.5000
39 1.0000 4550 0.5000
39 0.9167 4551 0.5000
39 0.3333 4552 0.5189
40 0.0833 4551 0.6504
40 0.6667 4552 0.5000
41 1.0000 12157 0.5000
41 1.0000 12169 0.5000
41 1.0000 12181 0.5000
41 1.0000 12193 0.5000
41 1.0000 12158 0.5000
41 1.0000 12170 0.5000
41 1.0000 12182 0.5000
41 1.0000 12194 0.5000
41 1.0000 12159 0.5000
41 1.0000 12171 0.5000
41 1.0000 12183 0.5000
41 1.0000 12195 0.5000
41 1.0000 12160 0.5000
41 1.0000 12172 0.5000
41 1.0000 12184 0.5000
41 1.0000 12196 0.5000
42 1.0000 12229 0.5000
42 1.0000 12237 0.5000
42 1.0000 12245 0.5000
42 1.0000 12253 0.5000
42 1.0000 12230 0.5000
42 1.0000 12238 0.5000
42 1.0000 12246 0.5000
42 1.0000 12254 0.5000
42 1.0000 12231 0.5000
42 1.0000 12239 0.5000
42 1.0000 12247 0.5000
42 1.0000 12255 0.5000
42 1.0000 12232 0.5000
42 1.0000 12240 0.5000
42 1.0000 12248 0.5000
42 1.0000 12256 0.5000
43 0.1905 6724 0.5776
43 0.5714 6820 0.5000
43 0.9256 6914 0.5000
43 1.0000 7008 0.5000
43 1.0000 7104 0.5000
43 1.0000 7196 0.5000
43 1.0000 7286 0.5000
43 1.0000 7380 0.5000
43 1.0000 7476 0.5000
43 1.0000 7572 0.5000
43 1.0000 7668 0.5000
43 1.0000 7764 0.5000
43 1.0000 7858 0.5000
43 1.0000 7952 0.5000
43 1.0000 8048 0.5000
43 1.0000 8142 0.5000
43 1.0000 8234 0.5000
43 1.0000 8328 0.5000
43 1.0000 8424 0.5000
43 1.0000 8518 0.5000
43 1.0000 8612 0.5000
44 0.8095 6724 0.5000
44 0.4286 6820 0.5044
44 0.0744 6914 0.6548
45 1.0000 6740 0.5000
45 1.0000 6836 0.5000
45 1.0000 6930 0.5000
45 1.0000 7024 0.5000
45 1.0000 7118 0.5000
45 1.0000 7210 0.5000
45 1.0000 7302 0.5000
45 1.0000 7396 0.5000
45 1.0000 7492 0.5000
45 1.0000 7588 0.5000
45 1.0000 7684 0.5000
45 1.0000 7780 0.5000
45 1.0000 7874 0.5000
45 1.0000 7968 0.5000
45 1.0000 8064 0.5000
45 1.0000 8156 0.5000
45 1.0000 8248 0.5000
45 1.0000 8344 0.5000
45 0.9256 8440 0.5000
45 0.5714 8534 0.5000
45 0.1905 8628 0.5776
46 0.0744 8440 0.6548
46 0.4286 8534 0.5044
46 0.8095 8628 0.5000
47 0.2042 8722 0.5657
47 0.7333 8723 0.5000
48 1.0000 8709 0.5000
48 1.0000 8710 0.5000
48 1.0000 8711 0.5000
48 1.0000 8712 0.5000
48 1.0000 8713 0.5000
48 1.0000 8714 0.5000
48 1.0000 8715 0.5000
48 1.0000 8716 0.5000
48 1.0000 8717 0.5000
48 1.0000 8718 0.5000
48 1.0000 8719 0.5000
48 1.0000 8720 0.5000
48 1.0000 8721 0.5000
48 0.7958 8722 0.5000
48 0.2667 8723 0.5407
49 1.0000 6629 0.5000
49 1.0000 6630 0.5000
49 1.0000 6631 0.5000
49 1.0000 6632 0.5000
49 1.0000 6633 0.5000
49 1.0000 6634 0.5000
49 1.0000 6635 0.5000
49 1.0000 6636 0.5000
49 1.0000 6637 0.5000
49 1.0000 6638 0.5000
49 1.0000 6639 0.5000
49 1.0000 6640 0.5000
49 1.0000 6641 0.5000
49 0.7958 6642 0.5000
49 0.2667 6643 0.5407
50 0.2042 6642 0.5657
50 0.7333 6643 0.5000
51 1.0000 12273 0.5000
51 1.0000 12277 0.5000
51 1.0000 12281 0.5000
51 1.0000 12285 0.5000
51 1.0000 12289 0.5000
51 0.8977 12293 0.5000
51 0.5455 12297 0.5000
51 0.1818 12301 0.5826
51 1.0000 12274 0.5000
51 1.0000 12278 0.5000
51 1.0000 12282 0.5000
51 1.0000 12286 0.5000
51 0.2727 12290 0.5437
51 0.0114 12293 0.7500
51 1.0000 12275 0.5000
51 1.0000 12279 0.5000
51 0.9886 12283 0.5000
51 0.7273 12287 0.5000
51 0.8182 12276 0.5000
51 0.4545 12280 0.5018
51 0.1023 12284 0.6307
52 0.1023 12293 0.6307
52 0.4545 12297 0.5018
52 0.8182 12301 0.5000
52 0.7273 12290 0.5000
52 0.9886 12294 0.5000
52 1.0000 12298 0.5000
52 1.0000 12302 0.5000
52 0.0114 12284 0.7500
52 0.2727 12287 0.5437
52 1.0000 12291 0.5000
52 1.0000 12295 0.5000
52 1.0000 12299 0.5000
52 1.0000 12303 0.5000
52 0.1818 12276 0.5826
52 0.5455 12280 0.5000
52 0.8977 12284 0.5000
52 1.0000 12288 0.5000
52 1.0000 12292 0.5000
52 1.0000 12296 0.5000
52 1.0000 12300 0.5000
52 1.0000 12304 0.5000
53 0.4091 423  0.5049
53 0.9798 517  0.5000
53 0.2475 517  0.7071
53 1.0000 609  0.5000
53 0.9192 609  0.7071
53 0.1263 9865 1.8287
53 1.0000 701  0.5000
53 1.0000 701  0.7071
53 0.8182 9873 1.2318
53 0.0455 10256 1.9644
53 1.0000 791  0.5000
53 1.0000 883  0.5000
53 1.0000 979  0.5000
53 1.0000 1073 0.5000
53 1.0000 1073 0.7071
53 1.0000 9159 1.5811
53 1.0000 9542 1.5811
53 1.0000 9925 1.5811
53 0.9545 10308 1.5811
53 0.1818 11456 1.1879
53 1.0000 1165 0.5000
53 1.0000 1165 0.7071
53 1.0000 9159 1.6583
53 1.0000 9542 1.6583
53 1.0000 9925 1.6583
53 1.0000 10308 1.6583
53 0.8737 11456 1.1678
53 0.0808 11857 1.8965
53 1.0000 1257 0.5000
53 1.0000 1257 0.7071
53 1.0000 9181 1.6583
53 1.0000 9564 1.6583
53 1.0000 9947 1.6583
53 1.0000 10330 1.6583
53 1.0000 10713 1.6583
53 0.7525 11869 1.2964
53 0.0202 12293 2.0329
53 1.0000 1351 0.5000
53 1.0000 1351 0.7071
53 1.0000 9181 1.5811
53 1.0000 9564 1.5811
53 1.0000 9947 1.5811
53 1.0000 10330 1.5811
53 1.0000 10713 1.5811
53 1.0000 11096 1.5811
53 0.5909 12297 1.4273
54 0.5909 423  0.5000
54 1.0000 423  0.7071
54 1.0000 9094 1.5811
54 1.0000 9477 1.5811
54 1.0000 9860 1.5811
54 1.0000 10243 1.5811
54 1.0000 10626 1.5811
54 1.0000 11009 1.5811
54 1.0000 12278 1.6583
54 0.0202 517  0.7529
54 0.7525 517  0.7597
54 1.0000 9094 1.6583
54 1.0000 9477 1.6583
54 1.0000 9860 1.6583
54 1.0000 10243 1.6583
54 1.0000 10626 1.6583
54 1.0000 11009 1.6583
54 1.0000 11392 1.6583
54 0.0808 609  1.3384
54 0.8737 9122 1.1678
54 1.0000 9506 1.6583
54 1.0000 9889 1.6583
54 1.0000 10272 1.6583
54 1.0000 10655 1.6583
54 1.0000 11038 1.6583
54 1.0000 11421 1.6583
54 0.1818 9122 1.1879
54 0.9545 9506 1.5811
54 1.0000 9889 1.5811
54 1.0000 10272 1.5811
54 1.0000 10655 1.5811
54 1.0000 11038 1.5811
54 1.0000 12282 1.6583
54 0.0455 10315 1.9644
54 0.8182 10698 1.2318
54 1.0000 11074 1.5811
54 1.0000 12294 1.6583
54 0.1263 10706 1.8287
54 0.9192 11089 1.1047
54 1.0000 11457 1.6583
54 0.2475 11095 1.6938
54 0.9798 11479 1.7213
54 0.4091 11479 1.7219
55 1.0000 428  0.5000
55 1.0000 520  0.5000
55 1.0000 612  0.5000
55 1.0000 706  0.5000
55 1.0000 796  0.5000
55 1.0000 888  0.5000
55 1.0000 984  0.5000
55 1.0000 1078 0.5000
55 1.0000 1168 0.5000
55 0.9798 1260 0.5000
55 0.4091 1356 0.5049
56 0.0202 1260 0.7529
56 0.5909 1356 0.5000
57 0.2222 1451 0.5607
58 1.0000 1448 0.5000
58 1.0000 1449 0.5000
58 1.0000 1450 0.5000
58 0.7778 1451 0.5000
59 1.0000 328  0.5000
59 1.0000 328  0.7071
59 1.0000 9099 1.5811
59 1.0000 9482 1.5811
59 1.0000 9865 1.5811
59 1.0000 10248 1.5811
59 0.9861 11392 0.9346
59 0.6667 11775 1.2705
59 0.2222 12274 1.6513
59 1.0000 329  0.5000
59 1.0000 329  0.7071
59 1.0000 9099 1.6583
59 1.0000 9482 1.6583
59 0.9444 10627 1.0107
59 0.5556 11010 1.3641
59 0.1250 11393 1.7500
59 1.0000 330  0.5000
59 1.0000 330  0.7071
59 0.8750 9862 1.0929
59 0.4444 10245 1.4591
59 0.0556 10628 1.8708
59 0.7778 331  0.5000
59 0.3333 331  0.7071
59 0.0139 9862 1.4361
60 0.0139 10625 1.4361
60 0.3333 11014 1.6283
60 0.7778 12278 1.6583
60 0.0556 9859 1.8708
60 0.4444 10242 1.4591
60 0.8750 10625 1.0929
60 1.0000 11014 1.6583
60 1.0000 11397 1.6583
60 0.1250 9094 1.7500
60 0.5556 9477 1.3641
60 0.9444 9860 1.0107
60 1.0000 10249 1.6583
60 1.0000 10632 1.6583
60 1.0000 11015 1.6583
60 1.0000 11398 1.6583
60 0.2222 331  0.5607
60 0.6667 331  0.7093
60 0.9861 9095 0.9346
60 1.0000 9483 1.5811
60 1.0000 9866 1.5811
60 1.0000 10249 1.5811
60 1.0000 10632 1.5811
60 1.0000 11015 1.5811
60 1.0000 12279 1.6583
61 1.0000 11889 0.5000
61 1.0000 11893 0.5000
61 1.0000 11901 0.5000
61 1.0000 11909 0.5000
61 0.7778 11965 0.5000
61 0.5556 11973 0.5000
61 0.3333 11977 0.5258
61 0.1111 11981 0.6278
61 1.0000 11890 0.5000
61 1.0000 11894 0.5000
61 1.0000 11902 0.5000
61 1.0000 11910 0.5000
61 1.0000 11891 0.5000
61 1.0000 11895 0.5000
61 1.0000 11903 0.5000
61 1.0000 11911 0.5000
61 0.8889 11892 0.5000
61 0.6667 11896 0.5000
61 0.4444 11904 0.5029
61 0.2222 11912 0.5688
62 0.2222 11965 0.5688
62 0.4444 11973 0.5029
62 0.6667 11977 0.5000
62 0.8889 11981 0.5000
62 1.0000 11966 0.5000
62 1.0000 11974 0.5000
62 1.0000 11978 0.5000
62 1.0000 11982 0.5000
62 1.0000 11967 0.5000
62 1.0000 11975 0.5000
62 1.0000 11979 0.5000
62 1.0000 11983 0.5000
62 0.1111 11892 0.6278
62 0.3333 11896 0.5258
62 0.5556 11904 0.5000
62 0.7778 11912 0.5000
62 1.0000 11968 0.5000
62 1.0000 11976 0.5000
62 1.0000 11980 0.5000
62 1.0000 11984 0.5000
63 0.2222 1831 0.5607
63 0.6667 1927 0.5000
63 0.9861 2021 0.5000
63 0.1250 2021 0.7071
63 1.0000 2113 0.5000
63 0.5556 2113 0.7071
63 1.0000 2207 0.5000
63 1.0000 2301 0.5000
63 1.0000 2395 0.5000
63 1.0000 2489 0.5000
63 1.0000 2583 0.5000
63 1.0000 2679 0.5000
63 1.0000 2775 0.5000
63 1.0000 2871 0.5000
63 1.0000 2967 0.5000
63 1.0000 3061 0.5000
63 1.0000 3155 0.5000
63 1.0000 3155 0.7071
63 1.0000 9241 1.5811
63 1.0000 9624 1.5811
63 1.0000 10007 1.5811
63 1.0000 10390 1.5811
63 0.4444 11546 1.0929
63 1.0000 3251 0.5000
63 1.0000 3251 0.7071
63 1.0000 9241 1.6583
63 1.0000 9624 1.6583
63 1.0000 10007 1.6583
63 1.0000 10390 1.6583
63 0.8750 11538 1.0929
63 0.0139 11965 2.0156
63 1.0000 3345 0.5000
63 1.0000 3345 0.7071
63 1.0000 9253 1.6583
63 1.0000 9636 1.6583
63 1.0000 10019 1.6583
63 1.0000 10402 1.6583
63 1.0000 10785 1.6583
63 0.3333 11973 1.5548
63 1.0000 3439 0.5000
63 1.0000 3439 0.7071
63 1.0000 9253 1.5811
63 1.0000 9636 1.5811
63 1.0000 10019 1.5811
63 1.0000 10402 1.5811
63 1.0000 10785 1.5811
63 0.7778 11977 1.1798
64 0.7778 1831 0.5000
64 1.0000 1831 0.7071
64 1.0000 9185 1.5811
64 1.0000 9568 1.5811
64 1.0000 9951 1.5811
64 1.0000 10334 1.5811
64 1.0000 10717 1.5811
64 1.0000 11894 1.6583
64 0.3333 1927 0.5227
64 1.0000 1927 0.7071
64 1.0000 9185 1.6583
64 1.0000 9568 1.6583
64 1.0000 9951 1.6583
64 1.0000 10334 1.6583
64 1.0000 10717 1.6583
64 1.0000 11100 1.6583
64 0.0139 2021 0.7500
64 0.8750 2021 0.7496
64 1.0000 9199 1.6583
64 1.0000 9582 1.6583
64 1.0000 9965 1.6583
64 1.0000 10348 1.6583
64 1.0000 10731 1.6583
64 1.0000 11114 1.6583
64 0.4444 2113 1.0865
64 1.0000 9199 1.5811
64 1.0000 9582 1.5811
64 1.0000 9965 1.5811
64 1.0000 10348 1.5811
64 1.0000 10731 1.5811
64 1.0000 11902 1.6583
64 0.5556 10780 1.3641
64 1.0000 11974 1.6583
64 0.1250 10782 1.7500
64 0.9861 11156 1.6583
64 0.6667 11167 1.2705
64 0.2222 11165 1.2705
65 1.0000 1836 0.5000
65 1.0000 1930 0.5000
65 1.0000 2024 0.5000
65 1.0000 2118 0.5000
65 1.0000 2212 0.5000
65 1.0000 2306 0.5000
65 1.0000 2400 0.5000
65 1.0000 2494 0.5000
65 1.0000 2588 0.5000
65 1.0000 2684 0.5000
65 1.0000 2780 0.5000
65 1.0000 2876 0.5000
65 1.0000 2972 0.5000
65 1.0000 3066 0.5000
65 1.0000 3160 0.5000
65 0.9861 3254 0.5000
65 0.6667 3348 0.5000
65 0.2222 3444 0.5607
66 0.0139 3254 0.7500
66 0.3333 3348 0.5227
66 0.7778 3444 0.5000
67 0.2500 3539 0.5477
68 1.0000 3536 0.5000
68 1.0000 3537 0.5000
68 1.0000 3538 0.5000
68 0.7500 3539 0.5000
69 1.0000 1736 0.5000
69 1.0000 1736 0.7071
69 1.0000 9188 1.5811
69 1.0000 9571 1.5811
69 1.0000 9954 1.5811
69 1.0000 11100 1.5000
69 0.7500 11483 1.2247
69 0.2500 11890 1.6432
69 1.0000 1737 0.5000
69 1.0000 1737 0.7071
69 1.0000 9188 1.6583
69 1.0000 10335 1.5000
69 0.7500 10718 1.2247
69 0.2500 11101 1.6432
69 1.0000 1738 0.5000
69 1.0000 1738 0.7071
69 0.7500 9953 1.2247
69 0.2500 10336 1.6432
69 0.7500 1739 0.5000
69 0.2500 1739 0.7071
70 0.2500 10720 1.6583
70 0.7500 11894 1.6583
70 0.2500 9950 1.6432
70 0.7500 10333 1.2247
70 1.0000 10720 1.6583
70 1.0000 11103 1.6583
70 0.2500 9185 1.6432
70 0.7500 9568 1.2247
70 1.0000 9955 1.6583
70 1.0000 10338 1.6583
70 1.0000 10721 1.6583
70 1.0000 11104 1.6583
70 0.2500 1739 0.5477
70 0.7500 1739 0.7071
70 1.0000 9186 1.5000
70 1.0000 9572 1.5811
70 1.0000 9955 1.5811
70 1.0000 10338 1.5811
70 1.0000 10721 1.5811
70 1.0000 11895 1.6583
71 1.0000 12145 0.5000
71 1.0000 12149 0.5000
71 1.0000 12153 0.5000
71 1.0000 12161 0.5000
71 0.6667 12257 0.5000
71 0.4762 12261 0.5005
71 0.2857 12265 0.5425
71 0.0952 12269 0.6388
71 1.0000 12146 0.5000
71 1.0000 12150 0.5000
71 1.0000 12154 0.5000
71 1.0000 12162 0.5000
71 1.0000 12147 0.5000
71 1.0000 12151 0.5000
71 1.0000 12155 0.5000
71 1.0000 12163 0.5000
71 0.9048 12148 0.5000
71 0.7143 12152 0.5000
71 0.5238 12156 0.5000
71 0.3333 12164 0.5261
72 0.3333 12257 0.5261
72 0.5238 12261 0.5000
72 0.7143 12265 0.5000
72 0.9048 12269 0.5000
72 1.0000 12258 0.5000
72 1.0000 12262 0.5000
72 1.0000 12266 0.5000
72 1.0000 12270 0.5000
72 1.0000 12259 0.5000
72 1.0000 12263 0.5000
72 1.0000 12267 0.5000
72 1.0000 12271 0.5000
72 0.0952 12148 0.6388
72 0.2857 12152 0.5425
72 0.4762 12156 0.5005
72 0.6667 12164 0.5000
72 1.0000 12260 0.5000
72 1.0000 12264 0.5000
72 1.0000 12268 0.5000
72 1.0000 12272 0.5000
73 0.1905 6759 0.5776
73 0.5714 6855 0.5000
73 0.9256 6949 0.5000
73 0.0268 6949 0.7181
73 1.0000 7043 0.5000
73 0.3333 7043 0.7071
73 1.0000 7137 0.5000
73 1.0000 7229 0.5000
73 1.0000 7321 0.5000
73 1.0000 7415 0.5000
73 1.0000 7511 0.5000
73 1.0000 7607 0.5000
73 1.0000 7703 0.5000
73 1.0000 7799 0.5000
73 1.0000 7893 0.5000
73 1.0000 7987 0.5000
73 1.0000 8083 0.5000
73 1.0000 8175 0.5000
73 1.0000 8267 0.5000
73 1.0000 8363 0.5000
73 1.0000 8363 0.7071
73 1.0000 9461 1.5811
73 1.0000 9844 1.5811
73 1.0000 10227 1.5811
73 1.0000 10610 1.5811
73 0.6667 11759 1.6901
73 1.0000 8459 0.5000
73 1.0000 8459 0.7071
73 1.0000 9461 1.6583
73 1.0000 9844 1.6583
73 1.0000 10227 1.6583
73 1.0000 10610 1.6583
73 0.9732 11759 1.7068
73 0.0744 12257 1.8071
73 1.0000 8553 0.5000
73 1.0000 8553 0.7071
73 1.0000 9469 1.6583
73 1.0000 9852 1.6583
73 1.0000 10235 1.6583
73 1.0000 10618 1.6583
73 1.0000 11001 1.6583
73 0.4286 12261 1.4465
73 1.0000 8647 0.5000
73 1.0000 8647 0.7071
73 1.0000 9469 1.5811
73 1.0000 9852 1.5811
73 1.0000 10235 1.5811
73 1.0000 10618 1.5811
73 1.0000 11001 1.5811
73 0.8095 12265 1.1296
74 0.8095 6759 0.5000
74 1.0000 6759 0.7071
74 1.0000 9377 1.5811
74 1.0000 9760 1.5811
74 1.0000 10143 1.5811
74 1.0000 10526 1.5811
74 1.0000 10909 1.5811
74 1.0000 12150 1.6583
74 0.4286 6855 0.5044
74 1.0000 6855 0.7071
74 1.0000 9377 1.6583
74 1.0000 9760 1.6583
74 1.0000 10143 1.6583
74 1.0000 10526 1.6583
74 1.0000 10909 1.6583
74 1.0000 11292 1.6583
74 0.0744 6949 0.6548
74 0.9732 6949 0.7071
74 1.0000 9389 1.6583
74 1.0000 9772 1.6583
74 1.0000 10155 1.6583
74 1.0000 10538 1.6583
74 1.0000 10921 1.6583
74 1.0000 11304 1.6583
74 0.6667 7043 0.9254
74 1.0000 9389 1.5811
74 1.0000 9772 1.5811
74 1.0000 10155 1.5811
74 1.0000 10538 1.5811
74 1.0000 10921 1.5811
74 1.0000 12154 1.6583
74 0.3333 10996 1.5302
74 1.0000 12262 1.6583
74 0.0268 10998 1.9405
74 0.9256 11381 1.0221
74 0.5714 11383 1.3237
74 0.1905 11381 1.3237
75 1.0000 6764 0.5000
75 1.0000 6858 0.5000
75 1.0000 6952 0.5000
75 1.0000 7048 0.5000
75 1.0000 7142 0.5000
75 1.0000 7234 0.5000
75 1.0000 7326 0.5000
75 1.0000 7420 0.5000
75 1.0000 7516 0.5000
75 1.0000 7612 0.5000
75 1.0000 7708 0.5000
75 1.0000 7804 0.5000
75 1.0000 7898 0.5000
75 1.0000 7992 0.5000
75 1.0000 8088 0.5000
75 1.0000 8180 0.5000
75 1.0000 8272 0.5000
75 1.0000 8368 0.5000
75 0.9256 8462 0.5000
75 0.5714 8556 0.5000
75 0.1905 8652 0.5776
76 0.0744 8462 0.6548
76 0.4286 8556 0.5044
76 0.8095 8652 0.5000
77 0.2500 8747 0.5477
78 1.0000 8744 0.5000
78 1.0000 8745 0.5000
78 1.0000 8746 0.5000
78 0.7500 8747 0.5000
79 1.0000 6664 0.5000
79 1.0000 6664 0.7071
79 1.0000 9380 1.5811
79 1.0000 9763 1.5811
79 1.0000 10146 1.5811
79 1.0000 11292 1.5000
79 0.7500 11675 1.2247
79 0.2500 12146 1.6432
79 1.0000 6665 0.5000
79 1.0000 6665 0.7071
79 1.0000 9380 1.6583
79 1.0000 10527 1.5000
79 0.7500 10910 1.2247
79 0.2500 11293 1.6432
79 1.0000 6666 0.5000
79 1.0000 6666 0.7071
79 0.7500 10145 1.2247
79 0.2500 10528 1.6432
79 0.7500 6667 0.5000
79 0.2500 6667 0.7071
80 0.2500 10912 1.6583
80 0.7500 12150 1.6583
80 0.2500 10142 1.6432
80 0.7500 10525 1.2247
80 1.0000 10912 1.6583
80 1.0000 11295 1.6583
80 0.2500 9377 1.6432
80 0.7500 9760 1.2247
80 1.0000 10147 1.6583
80 1.0000 10530 1.6583
80 1.0000 10913 1.6583
80 1.0000 11296 1.6583
80 0.2500 6667 0.5477
80 0.7500 6667 0.7071
80 1.0000 9378 1.5000
80 1.0000 9764 1.5811
80 1.0000 10147 1.5811
80 1.0000 10530 1.5811
80 1.0000 10913 1.5811
80 1.0000 12151 1.6583
81 1.0000 11784 0.5000
81 1.0000 11794 0.5000
81 1.0000 11813 0.5000
81 1.0000 11825 0.5000
81 1.0000 11785 0.5000
81 1.0000 11795 0.5000
81 1.0000 11814 0.5000
81 1.0000 11826 0.5000
81 1.0000 11786 0.5000
81 1.0000 11796 0.5000
81 1.0000 11815 0.5000
81 1.0000 11827 0.5000
81 1.0000 11787 0.5000
81 1.0000 11797 0.5000
81 1.0000 11816 0.5000
81 1.0000 11828 0.5000
82 1.0000 11849 0.5000
82 1.0000 11861 0.5000
82 1.0000 11871 0.5000
82 1.0000 11881 0.5000
82 1.0000 11850 0.5000
82 1.0000 11862 0.5000
82 1.0000 11872 0.5000
82 1.0000 11882 0.5000
82 1.0000 11851 0.5000
82 1.0000 11863 0.5000
82 1.0000 11873 0.5000
82 1.0000 11883 0.5000
82 1.0000 11852 0.5000
82 1.0000 11864 0.5000
82 1.0000 11874 0.5000
82 1.0000 11884 0.5000
83 0.3636 437  0.5120
83 0.9489 529  0.5000
83 1.0000 621  0.5000
83 1.0000 715  0.5000
83 1.0000 805  0.5000
83 1.0000 897  0.5000
83 1.0000 993  0.5000
83 1.0000 1087 0.5000
83 1.0000 1177 0.5000
83 1.0000 1269 0.5000
83 1.0000 1365 0.5000
84 0.6364 437  0.5000
84 0.0511 529  0.6916
85 1.0000 449  0.5000
85 1.0000 541  0.5000
85 1.0000 631  0.5000
85 1.0000 725  0.5000
85 1.0000 817  0.5000
85 1.0000 909  0.5000
85 1.0000 1005 0.5000
85 1.0000 1097 0.5000
85 1.0000 1187 0.5000
85 0.9489 1281 0.5000
85 0.3636 1377 0.5120
86 0.0511 1281 0.6916
86 0.6364 1377 0.5000
87 0.0511 1471 0.6916
87 0.6364 1472 0.5000
88 1.0000 1462 0.5000
88 1.0000 1463 0.5000
88 1.0000 1464 0.5000
88 1.0000 1465 0.5000
88 1.0000 1466 0.5000
88 1.0000 1467 0.5000
88 1.0000 1468 0.5000
88 1.0000 1469 0.5000
88 1.0000 1470 0.5000
88 0.9489 1471 0.5000
88 0.3636 1472 0.5120
89 1.0000 342  0.5000
89 1.0000 343  0.5000
89 1.0000 344  0.5000
89 1.0000 345  0.5000
89 1.0000 346  0.5000
89 1.0000 347  0.5000
89 1.0000 348  0.5000
89 1.0000 349  0.5000
89 1.0000 350  0.5000
89 0.9489 351  0.5000
89 0.3636 352  0.5120
90 0.0511 351  0.6916
90 0.6364 352  0.5000
91 1.0000 12049 0.5000
91 1.0000 12053 0.5000
91 1.0000 12061 0.5000
91 1.0000 12069 0.5000
91 1.0000 12050 0.5000
91 1.0000 12054 0.5000
91 1.0000 12062 0.5000
91 1.0000 12070 0.5000
91 0.0222 12125 0.7132
91 1.0000 12051 0.5000
91 1.0000 12055 0.5000
91 1.0000 12063 0.5000
91 1.0000 12071 0.5000
91 1.0000 12052 0.5000
91 1.0000 12056 0.5000
91 1.0000 12064 0.5000
91 0.9778 12072 0.5000
92 0.9778 12125 0.5000
92 1.0000 12133 0.5000
92 1.0000 12137 0.5000
92 1.0000 12141 0.5000
92 1.0000 12126 0.5000
92 1.0000 12134 0.5000
92 1.0000 12138 0.5000
92 1.0000 12142 0.5000
92 0.0222 12072 0.7132
92 1.0000 12127 0.5000
92 1.0000 12135 0.5000
92 1.0000 12139 0.5000
92 1.0000 12143 0.5000
92 1.0000 12128 0.5000
92 1.0000 12136 0.5000
92 1.0000 12140 0.5000
92 1.0000 12144 0.5000
93 0.2222 4685 0.5607
93 0.6667 4781 0.5000
93 0.9861 4875 0.5000
93 0.1250 4875 0.7071
93 1.0000 4967 0.5000
93 0.5556 4967 0.7071
93 1.0000 5061 0.5000
93 1.0000 5155 0.5000
93 1.0000 5249 0.5000
93 1.0000 5345 0.5000
93 1.0000 5441 0.5000
93 1.0000 5537 0.5000
93 1.0000 5633 0.5000
93 1.0000 5729 0.5000
93 1.0000 5823 0.5000
93 1.0000 5915 0.5000
93 1.0000 6009 0.5000
93 1.0000 6105 0.5000
93 1.0000 6199 0.5000
93 1.0000 6293 0.5000
94 0.7778 4685 0.5000
94 1.0000 4685 0.7071
94 1.0000 9305 1.5811
94 1.0000 9688 1.5811
94 1.0000 10071 1.5811
94 1.0000 10454 1.5811
94 1.0000 10837 1.5811
94 1.0000 12054 1.6583
94 0.3333 4781 0.5227
94 1.0000 4781 0.7071
94 1.0000 9305 1.6583
94 1.0000 9688 1.6583
94 1.0000 10071 1.6583
94 1.0000 10454 1.6583
94 1.0000 10837 1.6583
94 1.0000 11220 1.6583
94 0.0139 4875 0.7500
94 0.8750 4875 0.7496
94 1.0000 9319 1.6583
94 1.0000 9702 1.6583
94 1.0000 10085 1.6583
94 1.0000 10468 1.6583
94 1.0000 10851 1.6583
94 1.0000 11234 1.6583
94 0.4444 4967 1.0865
94 1.0000 9319 1.5811
94 1.0000 9702 1.5811
94 1.0000 10085 1.5811
94 1.0000 10468 1.5811
94 1.0000 10851 1.5811
94 1.0000 12062 1.6583
95 1.0000 4691 0.5000
95 1.0000 4785 0.5000
95 1.0000 4879 0.5000
95 1.0000 4973 0.5000
95 1.0000 5067 0.5000
95 1.0000 5161 0.5000
95 1.0000 5255 0.5000
95 1.0000 5351 0.5000
95 1.0000 5447 0.5000
95 1.0000 5543 0.5000
95 1.0000 5639 0.5000
95 1.0000 5735 0.5000
95 1.0000 5829 0.5000
95 1.0000 5921 0.5000
95 1.0000 6015 0.5000
95 0.9861 6109 0.5000
95 0.6667 6203 0.5000
95 0.2222 6299 0.5607
96 0.0139 6109 0.7500
96 0.3333 6203 0.5227
96 0.7778 6299 0.5000
97 0.3125 6394 0.5247
98 1.0000 6390 0.5000
98 1.0000 6391 0.5000
98 1.0000 6392 0.5000
98 1.0000 6393 0.5000
98 0.6875 6394 0.5000
99 1.0000 4590 0.5000
99 1.0000 4590 0.7071
99 1.0000 9308 1.5811
99 1.0000 9691 1.5811
99 1.0000 10074 1.5811
99 1.0000 10457 1.5811
99 0.8875 11603 1.1243
99 0.3125 12050 1.6163
99 1.0000 4591 0.5000
99 1.0000 4591 0.7071
99 1.0000 9308 1.6583
99 1.0000 9691 1.6583
99 0.9875 10074 1.6583
99 0.5625 11221 1.4162
99 0.0500 11604 1.9261
99 1.0000 4592 0.5000
99 1.0000 4592 0.7071
99 1.0000 9309 1.6583
99 0.8000 10456 1.2201
99 0.2000 10839 1.7174
99 1.0000 4593 0.5000
99 0.9500 4593 0.7071
99 0.4375 10075 1.6250
99 0.0125 10456 1.4799
99 0.6875 4594 0.5000
100 0.1125 10836 1.1446
100 0.6875 12054 1.6583
100 0.0125 10070 2.0469
100 0.4375 10453 1.5158
100 0.9500 10836 1.0308
100 1.0000 11223 1.6583
100 0.2000 9688 1.7174
100 0.8000 10071 1.2201
100 1.0000 10458 1.6583
100 1.0000 10841 1.6583
100 1.0000 11224 1.6583
100 0.0500 4593 1.3077
100 0.5625 9306 1.4162
100 0.9875 9689 0.9437
100 1.0000 10075 1.5811
100 1.0000 10458 1.5811
100 1.0000 10841 1.5811
100 1.0000 12055 1.6583
100 0.3125 4594 0.5247
101 1.0000 12173 0.5000
101 1.0000 12185 0.5000
101 1.0000 12197 0.5000
101 1.0000 12205 0.5000
101 1.0000 12174 0.5000
101 1.0000 12186 0.5000
101 1.0000 12198 0.5000
101 1.0000 12206 0.5000
101 1.0000 12175 0.5000
101 1.0000 12187 0.5000
101 1.0000 12199 0.5000
101 1.0000 12207 0.5000
101 1.0000 12176 0.5000
101 1.0000 12188 0.5000
101 1.0000 12200 0.5000
101 1.0000 12208 0.5000
102 1.0000 12221 0.5000
102 1.0000 12233 0.5000
102 1.0000 12241 0.5000
102 1.0000 12249 0.5000
102 1.0000 12222 0.5000
102 1.0000 12234 0.5000
102 1.0000 12242 0.5000
102 1.0000 12250 0.5000
102 1.0000 12223 0.5000
102 1.0000 12235 0.5000
102 1.0000 12243 0.5000
102 1.0000 12251 0.5000
102 1.0000 12224 0.5000
102 1.0000 12236 0.5000
102 1.0000 12244 0.5000
102 1.0000 12252 0.5000
103 0.1905 6773 0.5776
103 0.5714 6867 0.5000
103 0.9256 6961 0.5000
103 1.0000 7057 0.5000
103 1.0000 7151 0.5000
103 1.0000 7243 0.5000
103 1.0000 7335 0.5000
103 1.0000 7429 0.5000
103 1.0000 7525 0.5000
103 1.0000 7621 0.5000
103 1.0000 7717 0.5000
103 1.0000 7813 0.5000
103 1.0000 7907 0.5000
103 1.0000 8001 0.5000
103 1.0000 8097 0.5000
103 1.0000 8189 0.5000
103 1.0000 8281 0.5000
103 1.0000 8377 0.5000
103 1.0000 8471 0.5000
103 1.0000 8565 0.5000
103 1.0000 8661 0.5000
104 0.8095 6773 0.5000
104 0.4286 6867 0.5044
104 0.0744 6961 0.6548
105 1.0000 6792 0.5000
105 1.0000 6886 0.5000
105 1.0000 6980 0.5000
105 1.0000 7076 0.5000
105 1.0000 7170 0.5000
105 1.0000 7260 0.5000
105 1.0000 7352 0.5000
105 1.0000 7448 0.5000
105 1.0000 7544 0.5000
105 1.0000 7640 0.5000
105 1.0000 7736 0.5000
105 1.0000 7832 0.5000
105 1.0000 7926 0.5000
105 1.0000 8020 0.5000
105 1.0000 8114 0.5000
105 1.0000 8206 0.5000
105 1.0000 8300 0.5000
105 1.0000 8396 0.5000
105 0.9256 8490 0.5000
105 0.5714 8584 0.5000
105 0.1905 8680 0.5776
106 0.0744 8490 0.6548
106 0.4286 8584 0.5044
106 0.8095 8680 0.5000
107 0.0139 8773 0.7500
107 0.3333 8774 0.5227
107 0.7778 8775 0.5000
108 1.0000 8758 0.5000
108 1.0000 8759 0.5000
108 1.0000 8760 0.5000
108 1.0000 8761 0.5000
108 1.0000 8762 0.5000
108 1.0000 8763 0.5000
108 1.0000 8764 0.5000
108 1.0000 8765 0.5000
108 1.0000 8766 0.5000
108 1.0000 8767 0.5000
108 1.0000 8768 0.5000
108 1.0000 8769 0.5000
108 1.0000 8770 0.5000
108 1.0000 8771 0.5000
108 1.0000 8772 0.5000
108 0.9861 8773 0.5000
108 0.6667 8774 0.5000
108 0.2222 8775 0.5607
109 1.0000 6678 0.5000
109 1.0000 6679 0.5000
109 1.0000 6680 0.5000
109 1.0000 6681 0.5000
109 1.0000 6682 0.5000
109 1.0000 6683 0.5000
109 1.0000 6684 0.5000
109 1.0000 6685 0.5000
109 1.0000 6686 0.5000
109 1.0000 6687 0.5000
109 1.0000 6688 0.5000
109 1.0000 6689 0.5000
109 1.0000 6690 0.5000
109 1.0000 6691 0.5000
109 1.0000 6692 0.5000
109 0.9861 6693 0.5000
109 0.6667 6694 0.5000
109 0.2222 6695 0.5607
110 0.0139 6693 0.7500
110 0.3333 6694 0.5227
110 0.7778 6695 0.5000
111 1.0000 11798 0.5000
111 1.0000 11817 0.5000
111 1.0000 11829 0.5000
111 1.0000 11837 0.5000
111 1.0000 11799 0.5000
111 1.0000 11818 0.5000
111 1.0000 11830 0.5000
111 1.0000 11838 0.5000
111 1.0000 11800 0.5000
111 1.0000 11819 0.5000
111 1.0000 11831 0.5000
111 1.0000 11839 0.5000
111 1.0000 11801 0.5000
111 1.0000 11820 0.5000
111 1.0000 11832 0.5000
111 1.0000 11840 0.5000
112 1.0000 11841 0.5000
112 1.0000 11853 0.5000
112 1.0000 11865 0.5000
112 1.0000 11875 0.5000
112 1.0000 11842 0.5000
112 1.0000 11854 0.5000
112 1.0000 11866 0.5000
112 1.0000 11876 0.5000
112 1.0000 11843 0.5000
112 1.0000 11855 0.5000
112 1.0000 11867 0.5000
112 1.0000 11877 0.5000
112 1.0000 11844 0.5000
112 1.0000 11856 0.5000
112 1.0000 11868 0.5000
112 1.0000 11878 0.5000
113 0.3636 459  0.5120
113 0.9489 551  0.5000
113 1.0000 641  0.5000
113 1.0000 735  0.5000
113 1.0000 827  0.5000
113 1.0000 919  0.5000
113 1.0000 1015 0.5000
113 1.0000 1107 0.5000
113 1.0000 1197 0.5000
113 1.0000 1291 0.5000
113 1.0000 1387 0.5000
114 0.6364 459  0.5000
114 0.0511 551  0.6916
115 1.0000 475  0.5000
115 1.0000 567  0.5000
115 1.0000 657  0.5000
115 1.0000 749  0.5000
115 1.0000 841  0.5000
115 1.0000 935  0.5000
115 1.0000 1029 0.5000
115 1.0000 1121 0.5000
115 1.0000 1213 0.5000
115 0.9489 1307 0.5000
115 0.3636 1403 0.5120
116 0.0511 1307 0.6916
116 0.6364 1403 0.5000
117 0.2042 1497 0.5657
117 0.7333 1498 0.5000
118 1.0000 1484 0.5000
118 1.0000 1485 0.5000
118 1.0000 1486 0.5000
118 1.0000 1487 0.5000
118 1.0000 1488 0.5000
118 1.0000 1489 0.5000
118 1.0000 1490 0.5000
118 1.0000 1491 0.5000
118 1.0000 1492 0.5000
118 1.0000 1493 0.5000
118 1.0000 1494 0.5000
118 1.0000 1495 0.5000
118 1.0000 1496 0.5000
118 0.7958 1497 0.5000
118 0.2667 1498 0.5407
119 1.0000 364  0.5000
119 1.0000 365  0.5000
119 1.0000 366  0.5000
119 1.0000 367  0.5000
119 1.0000 368  0.5000
119 1.0000 369  0.5000
119 1.0000 370  0.5000
119 1.0000 371  0.5000
119 1.0000 372  0.5000
119 1.0000 373  0.5000
119 1.0000 374  0.5000
119 1.0000 375  0.5000
119 1.0000 376  0.5000
119 0.7958 377  0.5000
119 0.2667 378  0.5407
120 0.2042 377  0.5657
120 0.7333 378  0.5000
121 1.0000 11913 0.5000
121 1.0000 11921 0.5000
121 1.0000 11929 0.5000
121 1.0000 11937 0.5000
121 1.0000 11914 0.5000
121 1.0000 11922 0.5000
121 1.0000 11930 0.5000
121 1.0000 11938 0.5000
121 1.0000 11915 0.5000
121 1.0000 11923 0.5000
121 1.0000 11931 0.5000
121 1.0000 11939 0.5000
121 1.0000 11916 0.5000
121 1.0000 11924 0.5000
121 1.0000 11932 0.5000
121 1.0000 11940 0.5000
122 1.0000 11953 0.5000
122 1.0000 11957 0.5000
122 1.0000 11961 0.5000
122 1.0000 11969 0.5000
122 1.0000 11954 0.5000
122 1.0000 11958 0.5000
122 1.0000 11962 0.5000
122 1.0000 11970 0.5000
122 1.0000 11955 0.5000
122 1.0000 11959 0.5000
122 1.0000 11963 0.5000
122 1.0000 11971 0.5000
122 1.0000 11956 0.5000
122 1.0000 11960 0.5000
122 1.0000 11964 0.5000
122 1.0000 11972 0.5000
123 0.2222 1867 0.5607
123 0.6667 1961 0.5000
123 0.9861 2055 0.5000
123 1.0000 2149 0.5000
123 1.0000 2243 0.5000
123 1.0000 2337 0.5000
123 1.0000 2431 0.5000
123 1.0000 2525 0.5000
123 1.0000 2619 0.5000
123 1.0000 2715 0.5000
123 1.0000 2811 0.5000
123 1.0000 2907 0.5000
123 1.0000 3003 0.5000
123 1.0000 3097 0.5000
123 1.0000 3191 0.5000
123 1.0000 3285 0.5000
123 1.0000 3379 0.5000
123 1.0000 3475 0.5000
124 0.7778 1867 0.5000
124 0.3333 1961 0.5227
124 0.0139 2055 0.7500
125 1.0000 1885 0.5000
125 1.0000 1979 0.5000
125 1.0000 2073 0.5000
125 1.0000 2167 0.5000
125 1.0000 2259 0.5000
125 1.0000 2353 0.5000
125 1.0000 2449 0.5000
125 1.0000 2543 0.5000
125 1.0000 2637 0.5000
125 1.0000 2733 0.5000
125 1.0000 2829 0.5000
125 1.0000 2925 0.5000
125 1.0000 3019 0.5000
125 1.0000 3113 0.5000
125 1.0000 3209 0.5000
125 0.9861 3303 0.5000
125 0.6667 3397 0.5000
125 0.2222 3493 0.5607
126 0.0139 3303 0.7500
126 0.3333 3397 0.5227
126 0.7778 3493 0.5000
127 0.0037 3586 0.8004
127 0.2941 3587 0.5336
127 0.7647 3588 0.5000
128 1.0000 3572 0.5000
128 1.0000 3573 0.5000
128 1.0000 3574 0.5000
128 1.0000 3575 0.5000
128 1.0000 3576 0.5000
128 1.0000 3577 0.5000
128 1.0000 3578 0.5000
128 1.0000 3579 0.5000
128 1.0000 3580 0.5000
128 1.0000 3581 0.5000
128 1.0000 3582 0.5000
128 1.0000 3583 0.5000
128 1.0000 3584 0.5000
128 1.0000 3585 0.5000
128 0.9963 3586 0.5000
128 0.7059 3587 0.5000
128 0.2353 3588 0.5544
129 1.0000 1772 0.5000
129 1.0000 1773 0.5000
129 1.0000 1774 0.5000
129 1.0000 1775 0.5000
129 1.0000 1776 0.5000
129 1.0000 1777 0.5000
129 1.0000 1778 0.5000
129 1.0000 1779 0.5000
129 1.0000 1780 0.5000
129 1.0000 1781 0.5000
129 1.0000 1782 0.5000
129 1.0000 1783 0.5000
129 1.0000 1784 0.5000
129 1.0000 1785 0.5000
129 0.9963 1786 0.5000
129 0.7059 1787 0.5000
129 0.2353 1788 0.5544
130 0.0037 1786 0.8004
130 0.2941 1787 0.5336
130 0.7647 1788 0.5000
131 1.0000 11993 0.5000
131 1.0000 12009 0.5000
131 1.0000 12025 0.5000
131 0.8824 12041 0.5000
131 1.0000 11994 0.5000
131 1.0000 12010 0.5000
131 1.0000 12026 0.5000
131 0.6471 12042 0.5000
131 1.0000 11995 0.5000
131 1.0000 12011 0.5000
131 1.0000 12027 0.5000
131 0.4118 12043 0.5073
131 1.0000 11996 0.5000
131 1.0000 12012 0.5000
131 1.0000 12028 0.5000
131 0.1765 12044 0.5909
131 0.8235 11997 0.5000
131 0.5882 11998 0.5000
131 0.3529 11999 0.5201
131 0.1176 12000 0.6233
132 0.1176 12041 0.6233
132 0.3529 12042 0.5201
132 0.5882 12043 0.5000
132 0.8235 12044 0.5000
132 0.1765 11997 0.5909
132 1.0000 12013 0.5000
132 1.0000 12029 0.5000
132 1.0000 12045 0.5000
132 0.4118 11998 0.5073
132 1.0000 12014 0.5000
132 1.0000 12030 0.5000
132 1.0000 12046 0.5000
132 0.6471 11999 0.5000
132 1.0000 12015 0.5000
132 1.0000 12031 0.5000
132 1.0000 12047 0.5000
132 0.8824 12000 0.5000
132 1.0000 12016 0.5000
132 1.0000 12032 0.5000
132 1.0000 12048 0.5000
133 0.7500 3955 0.5000
133 0.2500 3955 0.7071
133 1.0000 4047 0.5000
133 1.0000 4047 0.7071
133 0.7500 10030 1.2247
133 0.2500 10413 1.6432
133 1.0000 4135 0.5000
133 1.0000 4135 0.7071
133 1.0000 9297 1.6583
133 1.0000 10425 1.5000
133 0.7500 10808 1.2247
133 0.2500 11191 1.6432
133 1.0000 4227 0.5000
133 1.0000 4227 0.7071
133 1.0000 9297 1.5811
133 1.0000 9680 1.5811
133 1.0000 10063 1.5811
133 1.0000 11199 1.5000
133 0.7500 11582 1.2247
133 0.2500 12025 1.6432
134 0.2500 3955 0.5477
134 0.7500 3955 0.7071
134 1.0000 9276 1.5000
134 1.0000 9648 1.5811
134 1.0000 10031 1.5811
134 1.0000 10414 1.5811
134 1.0000 10797 1.5811
134 1.0000 12010 1.6583
134 0.2500 9284 1.6432
134 0.7500 9667 1.2247
134 1.0000 10031 1.6583
134 1.0000 10414 1.6583
134 1.0000 10797 1.6583
134 1.0000 11180 1.6583
134 0.2500 10062 1.6432
134 0.7500 10445 1.2247
134 1.0000 10829 1.6583
134 1.0000 11212 1.6583
134 0.2500 10829 1.6583
134 0.7500 12026 1.6583
135 1.0000 3973 0.5000
135 1.0000 4061 0.5000
135 1.0000 4149 0.5000
135 0.7500 4245 0.5000
136 0.2500 4245 0.5477
137 0.0037 4338 0.8004
137 0.2941 4339 0.5336
137 0.7647 4340 0.5000
138 1.0000 4324 0.5000
138 1.0000 4325 0.5000
138 1.0000 4326 0.5000
138 1.0000 4327 0.5000
138 1.0000 4328 0.5000
138 1.0000 4329 0.5000
138 1.0000 4330 0.5000
138 1.0000 4331 0.5000
138 1.0000 4332 0.5000
138 1.0000 4333 0.5000
138 1.0000 4334 0.5000
138 1.0000 4335 0.5000
138 1.0000 4336 0.5000
138 1.0000 4337 0.5000
138 0.9963 4338 0.5000
138 0.7059 4339 0.5000
138 0.2353 4340 0.5544
139 1.0000 3860 0.5000
139 1.0000 3860 0.7071
139 1.0000 9276 1.5811
139 1.0000 9659 1.5811
139 1.0000 10042 1.5811
139 1.0000 10425 1.5811
139 1.0000 10808 1.5811
139 0.7647 11994 1.2009
139 1.0000 3861 0.5000
139 1.0000 3861 0.7071
139 1.0000 9276 1.6583
139 1.0000 9659 1.6583
139 1.0000 10042 1.6583
139 1.0000 10425 1.6583
139 1.0000 10808 1.6583
139 0.2941 11995 1.5972
139 1.0000 3862 0.5000
139 1.0000 3862 0.7071
139 1.0000 9277 1.6583
139 1.0000 9660 1.6583
139 1.0000 10043 1.6583
139 1.0000 10426 1.6583
139 0.8199 11565 1.1538
139 0.0037 11996 2.0954
139 1.0000 3863 0.5000
139 1.0000 3863 0.7071
139 1.0000 9277 1.5811
139 1.0000 9660 1.5811
139 1.0000 10043 1.5811
139 1.0000 10426 1.5811
139 0.3529 11564 1.1538
139 1.0000 3864 0.5000
139 1.0000 3865 0.5000
139 1.0000 3866 0.5000
139 1.0000 3867 0.5000
139 1.0000 3868 0.5000
139 1.0000 3869 0.5000
139 1.0000 3870 0.5000
139 1.0000 3871 0.5000
139 1.0000 3872 0.5000
139 1.0000 3873 0.5000
139 0.6471 3873 0.7071
139 0.9963 3874 0.5000
139 0.1801 3874 0.7071
139 0.7059 3875 0.5000
139 0.2353 3876 0.5544
140 0.2353 11180 1.2489
140 0.7059 11179 1.2489
140 0.1801 10797 1.6986
140 0.9963 11192 1.6583
140 0.6471 10798 1.2977
140 1.0000 12011 1.6583
140 0.3529 3873 1.1520
140 1.0000 9278 1.5811
140 1.0000 9661 1.5811
140 1.0000 10044 1.5811
140 1.0000 10427 1.5811
140 1.0000 10810 1.5811
140 1.0000 12014 1.6583
140 0.0037 3874 0.8004
140 0.8199 3874 0.7903
140 1.0000 9278 1.6583
140 1.0000 9661 1.6583
140 1.0000 10044 1.6583
140 1.0000 10427 1.6583
140 1.0000 10810 1.6583
140 1.0000 11193 1.6583
140 0.2941 3875 0.5336
140 1.0000 3875 0.7071
140 1.0000 9279 1.6583
140 1.0000 9662 1.6583
140 1.0000 10045 1.6583
140 1.0000 10428 1.6583
140 1.0000 10811 1.6583
140 1.0000 11194 1.6583
140 0.7647 3876 0.5000
140 1.0000 3876 0.7071
140 1.0000 9279 1.5811
140 1.0000 9662 1.5811
140 1.0000 10045 1.5811
140 1.0000 10428 1.5811
140 1.0000 10811 1.5811
140 1.0000 12015 1.6583
141 1.0000 12073 0.5000
141 1.0000 12081 0.5000
141 1.0000 12089 0.5000
141 1.0000 12093 0.5000
141 1.0000 12074 0.5000
141 1.0000 12082 0.5000
141 1.0000 12090 0.5000
141 1.0000 12094 0.5000
141 1.0000 12075 0.5000
141 1.0000 12083 0.5000
141 1.0000 12091 0.5000
141 1.0000 12095 0.5000
141 1.0000 12076 0.5000
141 1.0000 12084 0.5000
141 1.0000 12092 0.5000
141 1.0000 12096 0.5000
142 1.0000 12097 0.5000
142 1.0000 12101 0.5000
142 1.0000 12109 0.5000
142 1.0000 12117 0.5000
142 1.0000 12098 0.5000
142 1.0000 12102 0.5000
142 1.0000 12110 0.5000
142 1.0000 12118 0.5000
142 1.0000 12099 0.5000
142 1.0000 12103 0.5000
142 1.0000 12111 0.5000
142 1.0000 12119 0.5000
142 1.0000 12100 0.5000
142 1.0000 12104 0.5000
142 1.0000 12112 0.5000
142 1.0000 12120 0.5000
143 0.2353 4707 0.5544
143 0.7059 4801 0.5000
143 0.9963 4895 0.5000
143 1.0000 4989 0.5000
143 1.0000 5083 0.5000
143 1.0000 5177 0.5000
143 1.0000 5271 0.5000
143 1.0000 5367 0.5000
143 1.0000 5463 0.5000
143 1.0000 5559 0.5000
143 1.0000 5655 0.5000
143 1.0000 5751 0.5000
143 1.0000 5845 0.5000
143 1.0000 5937 0.5000
143 1.0000 6031 0.5000
143 1.0000 6125 0.5000
143 1.0000 6219 0.5000
144 0.7647 4707 0.5000
144 0.2941 4801 0.5336
144 0.0037 4895 0.8004
145 1.0000 4725 0.5000
145 1.0000 4819 0.5000
145 1.0000 4913 0.5000
145 1.0000 5007 0.5000
145 1.0000 5099 0.5000
145 1.0000 5193 0.5000
145 1.0000 5289 0.5000
145 1.0000 5385 0.5000
145 1.0000 5481 0.5000
145 1.0000 5577 0.5000
145 1.0000 5673 0.5000
145 1.0000 5767 0.5000
145 1.0000 5861 0.5000
145 1.0000 5955 0.5000
145 0.9963 6049 0.5000
145 0.7059 6143 0.5000
145 0.2353 6237 0.5544
146 0.0037 6049 0.8004
146 0.2941 6143 0.5336
146 0.7647 6237 0.5000
147 0.0037 6330 0.8004
147 0.2941 6331 0.5336
147 0.7647 6332 0.5000
148 1.0000 6316 0.5000
148 1.0000 6317 0.5000
148 1.0000 6318 0.5000
148 1.0000 6319 0.5000
148 1.0000 6320 0.5000
148 1.0000 6321 0.5000
148 1.0000 6322 0.5000
148 1.0000 6323 0.5000
148 1.0000 6324 0.5000
148 1.0000 6325 0.5000
148 1.0000 6326 0.5000
148 1.0000 6327 0.5000
148 1.0000 6328 0.5000
148 1.0000 6329 0.5000
148 0.9963 6330 0.5000
148 0.7059 6331 0.5000
148 0.2353 6332 0.5544
149 1.0000 4612 0.5000
149 1.0000 4613 0.5000
149 1.0000 4614 0.5000
149 1.0000 4615 0.5000
149 1.0000 4616 0.5000
149 1.0000 4617 0.5000
149 1.0000 4618 0.5000
149 1.0000 4619 0.5000
149 1.0000 4620 0.5000
149 1.0000 4621 0.5000
149 1.0000 4622 0.5000
149 1.0000 4623 0.5000
149 1.0000 4624 0.5000
149 1.0000 4625 0.5000
149 0.9963 4626 0.5000
149 0.7059 4627 0.5000
149 0.2353 4628 0.5544
150 0.0037 4626 0.8004
150 0.2941 4627 0.5336
150 0.7647 4628 0.5000
151 1.0000 12165 0.5000
151 1.0000 12177 0.5000
151 1.0000 12189 0.5000
151 1.0000 12201 0.5000
151 1.0000 12166 0.5000
151 1.0000 12178 0.5000
151 1.0000 12190 0.5000
151 1.0000 12202 0.5000
151 1.0000 12167 0.5000
151 1.0000 12179 0.5000
151 1.0000 12191 0.5000
151 1.0000 12203 0.5000
151 1.0000 12168 0.5000
151 1.0000 12180 0.5000
151 1.0000 12192 0.5000
151 1.0000 12204 0.5000
152 1.0000 12209 0.5000
152 1.0000 12213 0.5000
152 1.0000 12217 0.5000
152 1.0000 12225 0.5000
152 1.0000 12210 0.5000
152 1.0000 12214 0.5000
152 1.0000 12218 0.5000
152 1.0000 12226 0.5000
152 1.0000 12211 0.5000
152 1.0000 12215 0.5000
152 1.0000 12219 0.5000
152 1.0000 12227 0.5000
152 1.0000 12212 0.5000
152 1.0000 12216 0.5000
152 1.0000 12220 0.5000
152 1.0000 12228 0.5000
153 0.2353 6795 0.5544
153 0.7059 6889 0.5000
153 0.9963 6983 0.5000
153 1.0000 7079 0.5000
153 1.0000 7173 0.5000
153 1.0000 7263 0.5000
153 1.0000 7355 0.5000
153 1.0000 7451 0.5000
153 1.0000 7547 0.5000
153 1.0000 7643 0.5000
153 1.0000 7739 0.5000
153 1.0000 7835 0.5000
153 1.0000 7929 0.5000
153 1.0000 8023 0.5000
153 1.0000 8117 0.5000
153 1.0000 8209 0.5000
153 1.0000 8303 0.5000
154 0.7647 6795 0.5000
154 0.2941 6889 0.5336
154 0.0037 6983 0.8004
155 1.0000 6813 0.5000
155 1.0000 6907 0.5000
155 1.0000 7001 0.5000
155 1.0000 7097 0.5000
155 1.0000 7189 0.5000
155 1.0000 7279 0.5000
155 1.0000 7373 0.5000
155 1.0000 7469 0.5000
155 1.0000 7565 0.5000
155 1.0000 7661 0.5000
155 1.0000 7757 0.5000
155 1.0000 7851 0.5000
155 1.0000 7945 0.5000
155 1.0000 8041 0.5000
155 0.9963 8135 0.5000
155 0.7059 8227 0.5000
155 0.2353 8321 0.5544
156 0.0037 8135 0.8004
156 0.2941 8227 0.5336
156 0.7647 8321 0.5000
157 0.0037 8414 0.8004
157 0.2941 8415 0.5336
157 0.7647 8416 0.5000
158 1.0000 8400 0.5000
158 1.0000 8401 0.5000
158 1.0000 8402 0.5000
158 1.0000 8403 0.5000
158 1.0000 8404 0.5000
158 1.0000 8405 0.5000
158 1.0000 8406 0.5000
158 1.0000 8407 0.5000
158 1.0000 8408 0.5000
158 1.0000 8409 0.5000
158 1.0000 8410 0.5000
158 1.0000 8411 0.5000
158 1.0000 8412 0.5000
158 1.0000 8413 0.5000
158 0.9963 8414 0.5000
158 0.7059 8415 0.5000
158 0.2353 8416 0.5544
159 1.0000 6700 0.5000
159 1.0000 6701 0.5000
159 1.0000 6702 0.5000
159 1.0000 6703 0.5000
159 1.0000 6704 0.5000
159 1.0000 6705 0.5000
159 1.0000 6706 0.5000
159 1.0000 6707 0.5000
159 1.0000 6708 0.5000
159 1.0000 6709 0.5000
159 1.0000 6710 0.5000
159 1.0000 6711 0.5000
159 1.0000 6712 0.5000
159 1.0000 6713 0.5000
159 0.9963 6714 0.5000
159 0.7059 6715 0.5000
159 0.2353 6716 0.5544
160 0.0037 6714 0.8004
160 0.2941 6715 0.5336
160 0.7647 6716 0.5000
161 1.0000 3726 0.5000
161 1.0000 3822 0.5000
161 1.0000 3918 0.5000
161 1.0000 4010 0.5000
161 1.0000 4098 0.5000
161 1.0000 4190 0.5000
161 1.0000 4286 0.5000
161 1.0000 4382 0.5000
161 1.0000 4478 0.5000
161 1.0000 4574 0.5000
161 1.0000 4670 0.5000
161 1.0000 4766 0.5000
161 1.0000 4860 0.5000
161 1.0000 4952 0.5000
161 1.0000 5046 0.5000
161 1.0000 5140 0.5000
161 1.0000 5234 0.5000
161 1.0000 5330 0.5000
161 1.0000 5426 0.5000
161 1.0000 5522 0.5000
161 1.0000 5618 0.5000
161 1.0000 5714 0.5000
161 1.0000 5808 0.5000
161 1.0000 5900 0.5000
161 1.0000 5994 0.5000
161 1.0000 6090 0.5000
161 0.9250 6184 0.5000
161 0.6667 6278 0.5000
161 0.4000 6374 0.5093
161 0.1333 6470 0.6128
161 1.0000 3727 0.5000
161 1.0000 3823 0.5000
161 1.0000 3919 0.5000
161 1.0000 4011 0.5000
161 1.0000 4099 0.5000
161 1.0000 4191 0.5000
161 1.0000 4287 0.5000
161 1.0000 4383 0.5000
161 1.0000 4479 0.5000
161 1.0000 4575 0.5000
161 1.0000 4671 0.5000
161 1.0000 4767 0.5000
161 1.0000 4861 0.5000
161 1.0000 4953 0.5000
161 1.0000 5047 0.5000
161 1.0000 5141 0.5000
161 1.0000 5235 0.5000
161 1.0000 5331 0.5000
161 1.0000 5427 0.5000
161 1.0000 5523 0.5000
161 1.0000 5619 0.5000
161 1.0000 5715 0.5000
161 0.9667 5809 0.5000
161 0.7333 5901 0.5000
161 0.4667 5995 0.5010
161 0.2000 6091 0.5779
161 0.0083 6184 0.7500
161 1.0000 3728 0.5000
161 1.0000 3824 0.5000
161 1.0000 3920 0.5000
161 1.0000 4012 0.5000
161 1.0000 4100 0.5000
161 1.0000 4192 0.5000
161 1.0000 4288 0.5000
161 1.0000 4384 0.5000
161 1.0000 4480 0.5000
161 1.0000 4576 0.5000
161 1.0000 4672 0.5000
161 1.0000 4768 0.5000
161 1.0000 4862 0.5000
161 1.0000 4954 0.5000
161 1.0000 5048 0.5000
161 1.0000 5142 0.5000
161 1.0000 5236 0.5000
161 1.0000 5332 0.5000
161 0.9917 5428 0.5000
161 0.8000 5524 0.5000
161 0.5333 5620 0.5000
161 0.2667 5716 0.5485
161 0.0333 5810 0.6953
161 1.0000 3729 0.5000
161 1.0000 3825 0.5000
161 1.0000 3921 0.5000
161 1.0000 4013 0.5000
161 1.0000 4101 0.5000
161 1.0000 4193 0.5000
161 1.0000 4289 0.5000
161 1.0000 4385 0.5000
161 1.0000 4481 0.5000
161 1.0000 4577 0.5000
161 1.0000 4673 0.5000
161 1.0000 4769 0.5000
161 1.0000 4863 0.5000
161 1.0000 4955 0.5000
161 1.0000 5049 0.5000
161 0.8667 5143 0.5000
161 0.6000 5237 0.5000
161 0.3333 5333 0.5253
161 0.0750 5429 0.6522
161 1.0000 3730 0.5000
161 1.0000 3826 0.5000
161 1.0000 3922 0.5000
161 1.0000 4014 0.5000
161 1.0000 4102 0.5000
161 1.0000 4194 0.5000
161 1.0000 4290 0.5000
161 1.0000 4386 0.5000
161 1.0000 4482 0.5000
161 1.0000 4578 0.5000
161 1.0000 4674 0.5000
161 0.9250 4770 0.5000
161 0.6667 4864 0.5000
161 0.4000 4956 0.5093
161 0.1333 5050 0.6128
161 1.0000 3731 0.5000
161 1.0000 3827 0.5000
161 1.0000 3923 0.5000
161 1.0000 4015 0.5000
161 1.0000 4103 0.5000
161 1.0000 4195 0.5000
161 1.0000 4291 0.5000
161 0.9667 4387 0.5000
161 0.7333 4483 0.5000
161 0.4667 4579 0.5010
161 0.2000 4675 0.5779
161 0.0083 4770 0.7500
161 1.0000 3732 0.5000
161 1.0000 3828 0.5000
161 1.0000 3924 0.5000
161 0.9917 4016 0.5000
161 0.8000 4104 0.5000
161 0.5333 4196 0.5000
161 0.2667 4292 0.5485
161 0.0333 4388 0.6953
161 0.8667 3733 0.5000
161 0.6000 3829 0.5000
161 0.3333 3925 0.5253
161 0.0750 4017 0.6522
162 0.0750 6184 0.6522
162 0.3333 6278 0.5253
162 0.6000 6374 0.5000
162 0.8667 6470 0.5000
162 0.0333 5809 0.6953
162 0.2667 5901 0.5485
162 0.5333 5995 0.5000
162 0.8000 6091 0.5000
162 0.9917 6185 0.5000
162 1.0000 6279 0.5000
162 1.0000 6375 0.5000
162 1.0000 6471 0.5000
162 0.0083 5429 0.7500
162 0.2000 5524 0.5779
162 0.4667 5620 0.5010
162 0.7333 5716 0.5000
162 0.9667 5810 0.5000
162 1.0000 5902 0.5000
162 1.0000 5996 0.5000
162 1.0000 6092 0.5000
162 1.0000 6186 0.5000
162 1.0000 6280 0.5000
162 1.0000 6376 0.5000
162 1.0000 6472 0.5000
162 0.1333 5143 0.6128
162 0.4000 5237 0.5093
162 0.6667 5333 0.5000
162 0.9250 5429 0.5000
162 1.0000 5525 0.5000
162 1.0000 5621 0.5000
162 1.0000 5717 0.5000
162 1.0000 5811 0.5000
162 1.0000 5903 0.5000
162 1.0000 5997 0.5000
162 1.0000 6093 0.5000
162 1.0000 6187 0.5000
162 1.0000 6281 0.5000
162 1.0000 6377 0.5000
162 1.0000 6473 0.5000
162 0.0750 4770 0.6522
162 0.3333 4864 0.5253
162 0.6000 4956 0.5000
162 0.8667 5050 0.5000
162 1.0000 5144 0.5000
162 1.0000 5238 0.5000
162 1.0000 5334 0.5000
162 1.0000 5430 0.5000
162 1.0000 5526 0.5000
162 1.0000 5622 0.5000
162 1.0000 5718 0.5000
162 1.0000 5812 0.5000
162 1.0000 5904 0.5000
162 1.0000 5998 0.5000
162 1.0000 6094 0.5000
162 1.0000 6188 0.5000
162 1.0000 6282 0.5000
162 1.0000 6378 0.5000
162 1.0000 6474 0.5000
162 0.0333 4387 0.6953
162 0.2667 4483 0.5485
162 0.5333 4579 0.5000
162 0.8000 4675 0.5000
162 0.9917 4771 0.5000
162 1.0000 4865 0.5000
162 1.0000 4957 0.5000
162 1.0000 5051 0.5000
162 1.0000 5145 0.5000
162 1.0000 5239 0.5000
162 1.0000 5335 0.5000
162 1.0000 5431 0.5000
162 1.0000 5527 0.5000
162 1.0000 5623 0.5000
162 1.0000 5719 0.5000
162 1.0000 5813 0.5000
162 1.0000 5905 0.5000
162 1.0000 5999 0.5000
162 1.0000 6095 0.5000
162 1.0000 6189 0.5000
162 1.0000 6283 0.5000
162 1.0000 6379 0.5000
162 1.0000 6475 0.5000
162 0.0083 4017 0.7500
162 0.2000 4104 0.5779
162 0.4667 4196 0.5010
162 0.7333 4292 0.5000
162 0.9667 4388 0.5000
162 1.0000 4484 0.5000
162 1.0000 4580 0.5000
162 1.0000 4676 0.5000
162 1.0000 4772 0.5000
162 1.0000 4866 0.5000
162 1.0000 4958 0.5000
162 1.0000 5052 0.5000
162 1.0000 5146 0.5000
162 1.0000 5240 0.5000
162 1.0000 5336 0.5000
162 1.0000 5432 0.5000
162 1.0000 5528 0.5000
162 1.0000 5624 0.5000
162 1.0000 5720 0.5000
162 1.0000 5814 0.5000
162 1.0000 5906 0.5000
162 1.0000 6000 0.5000
162 1.0000 6096 0.5000
162 1.0000 6190 0.5000
162 1.0000 6284 0.5000
162 1.0000 6380 0.5000
162 1.0000 6476 0.5000
162 0.1333 3733 0.6128
162 0.4000 3829 0.5093
162 0.6667 3925 0.5000
162 0.9250 4017 0.5000
162 1.0000 4105 0.5000
162 1.0000 4197 0.5000
162 1.0000 4293 0.5000
162 1.0000 4389 0.5000
162 1.0000 4485 0.5000
162 1.0000 4581 0.5000
162 1.0000 4677 0.5000
162 1.0000 4773 0.5000
162 1.0000 4867 0.5000
162 1.0000 4959 0.5000
162 1.0000 5053 0.5000
162 1.0000 5147 0.5000
162 1.0000 5241 0.5000
162 1.0000 5337 0.5000
162 1.0000 5433 0.5000
162 1.0000 5529 0.5000
162 1.0000 5625 0.5000
162 1.0000 5721 0.5000
162 1.0000 5815 0.5000
162 1.0000 5907 0.5000
162 1.0000 6001 0.5000
162 1.0000 6097 0.5000
162 1.0000 6191 0.5000
162 1.0000 6285 0.5000
162 1.0000 6381 0.5000
162 1.0000 6477 0.5000
163 1.0000 1652 0.5000
163 1.0000 1748 0.5000
163 1.0000 1844 0.5000
163 1.0000 1938 0.5000
163 1.0000 2032 0.5000
163 1.0000 2126 0.5000
163 1.0000 2220 0.5000
163 1.0000 2314 0.5000
163 1.0000 2408 0.5000
163 1.0000 2502 0.5000
163 1.0000 2596 0.5000
163 1.0000 2692 0.5000
163 1.0000 2788 0.5000
163 1.0000 2884 0.5000
163 1.0000 2980 0.5000
163 1.0000 3074 0.5000
163 1.0000 3168 0.5000
163 1.0000 3262 0.5000
163 1.0000 3356 0.5000
163 1.0000 3452 0.5000
163 1.0000 3548 0.5000
163 1.0000 3644 0.5000
163 1.0000 3740 0.5000
163 1.0000 3836 0.5000
163 1.0000 3932 0.5000
163 1.0000 4024 0.5000
163 1.0000 4112 0.5000
163 1.0000 4204 0.5000
163 0.9515 4300 0.5000
163 0.3667 4396 0.5114
163 1.0000 1653 0.5000
163 1.0000 1749 0.5000
163 1.0000 1845 0.5000
163 1.0000 1939 0.5000
163 1.0000 2033 0.5000
163 1.0000 2127 0.5000
163 1.0000 2221 0.5000
163 1.0000 2315 0.5000
163 1.0000 2409 0.5000
163 1.0000 2503 0.5000
163 1.0000 2597 0.5000
163 1.0000 2693 0.5000
163 1.0000 2789 0.5000
163 1.0000 2885 0.5000
163 1.0000 2981 0.5000
163 1.0000 3075 0.5000
163 1.0000 3169 0.5000
163 1.0000 3263 0.5000
163 1.0000 3357 0.5000
163 1.0000 3453 0.5000
163 1.0000 3549 0.5000
163 1.0000 3645 0.5000
163 1.0000 3741 0.5000
163 1.0000 3837 0.5000
163 1.0000 3933 0.5000
163 1.0000 4025 0.5000
163 1.0000 4113 0.5000
163 0.8061 4205 0.5000
163 0.1485 4301 0.5950
163 1.0000 1654 0.5000
163 1.0000 1750 0.5000
163 1.0000 1846 0.5000
163 1.0000 1940 0.5000
163 1.0000 2034 0.5000
163 1.0000 2128 0.5000
163 1.0000 2222 0.5000
163 1.0000 2316 0.5000
163 1.0000 2410 0.5000
163 1.0000 2504 0.5000
163 1.0000 2598 0.5000
163 1.0000 2694 0.5000
163 1.0000 2790 0.5000
163 1.0000 2886 0.5000
163 1.0000 2982 0.5000
163 1.0000 3076 0.5000
163 1.0000 3170 0.5000
163 1.0000 3264 0.5000
163 1.0000 3358 0.5000
163 1.0000 3454 0.5000
163 1.0000 3550 0.5000
163 1.0000 3646 0.5000
163 1.0000 3742 0.5000
163 1.0000 3838 0.5000
163 1.0000 3934 0.5000
163 0.9970 4026 0.5000
163 0.5667 4114 0.5000
163 0.0273 4206 0.7342
163 1.0000 1655 0.5000
163 1.0000 1751 0.5000
163 1.0000 1847 0.5000
163 1.0000 1941 0.5000
163 1.0000 2035 0.5000
163 1.0000 2129 0.5000
163 1.0000 2223 0.5000
163 1.0000 2317 0.5000
163 1.0000 2411 0.5000
163 1.0000 2505 0.5000
163 1.0000 2599 0.5000
163 1.0000 2695 0.5000
163 1.0000 2791 0.5000
163 1.0000 2887 0.5000
163 1.0000 2983 0.5000
163 1.0000 3077 0.5000
163 1.0000 3171 0.5000
163 1.0000 3265 0.5000
163 1.0000 3359 0.5000
163 1.0000 3455 0.5000
163 1.0000 3551 0.5000
163 1.0000 3647 0.5000
163 1.0000 3743 0.5000
163 1.0000 3839 0.5000
163 0.9242 3935 0.5000
163 0.3030 4027 0.5254
163 1.0000 1656 0.5000
163 1.0000 1752 0.5000
163 1.0000 1848 0.5000
163 1.0000 1942 0.5000
163 1.0000 2036 0.5000
163 1.0000 2130 0.5000
163 1.0000 2224 0.5000
163 1.0000 2318 0.5000
163 1.0000 2412 0.5000
163 1.0000 2506 0.5000
163 1.0000 2600 0.5000
163 1.0000 2696 0.5000
163 1.0000 2792 0.5000
163 1.0000 2888 0.5000
163 1.0000 2984 0.5000
163 1.0000 3078 0.5000
163 1.0000 3172 0.5000
163 1.0000 3266 0.5000
163 1.0000 3360 0.5000
163 1.0000 3456 0.5000
163 1.0000 3552 0.5000
163 1.0000 3648 0.5000
163 1.0000 3744 0.5000
163 0.7545 3840 0.5000
163 0.1091 3936 0.6258
163 1.0000 1657 0.5000
163 1.0000 1753 0.5000
163 1.0000 1849 0.5000
163 1.0000 1943 0.5000
163 1.0000 2037 0.5000
163 1.0000 2131 0.5000
163 1.0000 2225 0.5000
163 1.0000 2319 0.5000
163 1.0000 2413 0.5000
163 1.0000 2507 0.5000
163 1.0000 2601 0.5000
163 1.0000 2697 0.5000
163 1.0000 2793 0.5000
163 1.0000 2889 0.5000
163 1.0000 2985 0.5000
163 1.0000 3079 0.5000
163 1.0000 3173 0.5000
163 1.0000 3267 0.5000
163 1.0000 3361 0.5000
163 1.0000 3457 0.5000
163 1.0000 3553 0.5000
163 0.9879 3649 0.5000
163 0.5000 3745 0.5000
163 0.0121 3841 0.7744
163 1.0000 1658 0.5000
163 1.0000 1754 0.5000
163 1.0000 1850 0.5000
163 1.0000 1944 0.5000
163 1.0000 2038 0.5000
163 1.0000 2132 0.5000
163 1.0000 2226 0.5000
163 1.0000 2320 0.5000
163 1.0000 2414 0.5000
163 1.0000 2508 0.5000
163 1.0000 2602 0.5000
163 1.0000 2698 0.5000
163 1.0000 2794 0.5000
163 1.0000 2890 0.5000
163 1.0000 2986 0.5000
163 1.0000 3080 0.5000
163 1.0000 3174 0.5000
163 1.0000 3268 0.5000
163 1.0000 3362 0.5000
163 1.0000 3458 0.5000
163 0.8909 3554 0.5000
163 0.2455 3650 0.5443
163 1.0000 1659 0.5000
163 1.0000 1755 0.5000
163 1.0000 1851 0.5000
163 1.0000 1945 0.5000
163 1.0000 2039 0.5000
163 1.0000 2133 0.5000
163 1.0000 2227 0.5000
163 1.0000 2321 0.5000
163 1.0000 2415 0.5000
163 1.0000 2509 0.5000
163 1.0000 2603 0.5000
163 1.0000 2699 0.5000
163 1.0000 2795 0.5000
163 1.0000 2891 0.5000
163 1.0000 2987 0.5000
163 1.0000 3081 0.5000
163 1.0000 3175 0.5000
163 1.0000 3269 0.5000
163 1.0000 3363 0.5000
163 0.6970 3459 0.5000
163 0.0758 3555 0.6595
163 1.0000 1660 0.5000
163 1.0000 1756 0.5000
163 1.0000 1852 0.5000
163 1.0000 1946 0.5000
163 1.0000 2040 0.5000
163 1.0000 2134 0.5000
163 1.0000 2228 0.5000
163 1.0000 2322 0.5000
163 1.0000 2416 0.5000
163 1.0000 2510 0.5000
163 1.0000 2604 0.5000
163 1.0000 2700 0.5000
163 1.0000 2796 0.5000
163 1.0000 2892 0.5000
163 1.0000 2988 0.5000
163 1.0000 3082 0.5000
163 1.0000 3176 0.5000
163 0.9727 3270 0.5000
163 0.4333 3364 0.5029
163 0.0030 3459 0.8169
163 1.0000 1661 0.5000
163 1.0000 1757 0.5000
163 1.0000 1853 0.5000
163 1.0000 1947 0.5000
163 1.0000 2041 0.5000
163 1.0000 2135 0.5000
163 1.0000 2229 0.5000
163 1.0000 2323 0.5000
163 1.0000 2417 0.5000
163 1.0000 2511 0.5000
163 1.0000 2605 0.5000
163 1.0000 2701 0.5000
163 1.0000 2797 0.5000
163 1.0000 2893 0.5000
163 1.0000 2989 0.5000
163 1.0000 3083 0.5000
163 0.8515 3177 0.5000
163 0.1939 3271 0.5677
163 1.0000 1662 0.5000
163 1.0000 1758 0.5000
163 1.0000 1854 0.5000
163 1.0000 1948 0.5000
163 1.0000 2042 0.5000
163 1.0000 2136 0.5000
163 1.0000 2230 0.5000
163 1.0000 2324 0.5000
163 1.0000 2418 0.5000
163 1.0000 2512 0.5000
163 1.0000 2606 0.5000
163 1.0000 2702 0.5000
163 1.0000 2798 0.5000
163 1.0000 2894 0.5000
163 1.0000 2990 0.5000
163 0.6333 3084 0.5000
163 0.0485 3178 0.6958
163 1.0000 1663 0.5000
163 1.0000 1759 0.5000
163 1.0000 1855 0.5000
163 1.0000 1949 0.5000
163 1.0000 2043 0.5000
163 1.0000 2137 0.5000
163 1.0000 2231 0.5000
163 1.0000 2325 0.5000
163 1.0000 2419 0.5000
163 1.0000 2513 0.5000
163 1.0000 2607 0.5000
163 1.0000 2703 0.5000
163 1.0000 2799 0.5000
163 0.9515 2895 0.5000
163 0.3667 2991 0.5114
163 1.0000 1664 0.5000
163 1.0000 1760 0.5000
163 1.0000 1856 0.5000
163 1.0000 1950 0.5000
163 1.0000 2044 0.5000
163 1.0000 2138 0.5000
163 1.0000 2232 0.5000
163 1.0000 2326 0.5000
163 1.0000 2420 0.5000
163 1.0000 2514 0.5000
163 1.0000 2608 0.5000
163 1.0000 2704 0.5000
163 0.8061 2800 0.5000
163 0.1485 2896 0.5950
163 1.0000 1665 0.5000
163 1.0000 1761 0.5000
163 1.0000 1857 0.5000
163 1.0000 1951 0.5000
163 1.0000 2045 0.5000
163 1.0000 2139 0.5000
163 1.0000 2233 0.5000
163 1.0000 2327 0.5000
163 1.0000 2421 0.5000
163 1.0000 2515 0.5000
163 0.9970 2609 0.5000
163 0.5667 2705 0.5000
163 0.0273 2801 0.7342
163 1.0000 1666 0.5000
163 1.0000 1762 0.5000
163 1.0000 1858 0.5000
163 1.0000 1952 0.5000
163 1.0000 2046 0.5000
163 1.0000 2140 0.5000
163 1.0000 2234 0.5000
163 1.0000 2328 0.5000
163 1.0000 2422 0.5000
163 0.9242 2516 0.5000
163 0.3030 2610 0.5254
163 1.0000 1667 0.5000
163 1.0000 1763 0.5000
163 1.0000 1859 0.5000
163 1.0000 1953 0.5000
163 1.0000 2047 0.5000
163 1.0000 2141 0.5000
163 1.0000 2235 0.5000
163 1.0000 2329 0.5000
163 0.7545 2423 0.5000
163 0.1091 2517 0.6258
163 1.0000 1668 0.5000
163 1.0000 1764 0.5000
163 1.0000 1860 0.5000
163 1.0000 1954 0.5000
163 1.0000 2048 0.5000
163 1.0000 2142 0.5000
163 0.9879 2236 0.5000
163 0.5000 2330 0.5000
163 0.0121 2424 0.7744
163 1.0000 1669 0.5000
163 1.0000 1765 0.5000
163 1.0000 1861 0.5000
163 1.0000 1955 0.5000
163 1.0000 2049 0.5000
163 0.8909 2143 0.5000
163 0.2455 2237 0.5443
163 1.0000 1670 0.5000
163 1.0000 1766 0.5000
163 1.0000 1862 0.5000
163 1.0000 1956 0.5000
163 0.6970 2050 0.5000
163 0.0758 2144 0.6595
163 1.0000 1671 0.5000
163 1.0000 1767 0.5000
163 0.9727 1863 0.5000
163 0.4333 1957 0.5029
163 0.0030 2050 0.8169
163 1.0000 1672 0.5000
163 0.8515 1768 0.5000
163 0.1939 1864 0.5677
163 0.6333 1673 0.5000
163 0.0485 1769 0.6958
164 0.0485 4300 0.6958
164 0.6333 4396 0.5000
164 0.1939 4205 0.5677
164 0.8515 4301 0.5000
164 1.0000 4397 0.5000
164 0.0030 4027 0.8169
164 0.4333 4114 0.5029
164 0.9727 4206 0.5000
164 1.0000 4302 0.5000
164 1.0000 4398 0.5000
164 0.0758 3935 0.6595
164 0.6970 4027 0.5000
164 1.0000 4115 0.5000
164 1.0000 4207 0.5000
164 1.0000 4303 0.5000
164 1.0000 4399 0.5000
164 0.2455 3840 0.5443
164 0.8909 3936 0.5000
164 1.0000 4028 0.5000
164 1.0000 4116 0.5000
164 1.0000 4208 0.5000
164 1.0000 4304 0.5000
164 1.0000 4400 0.5000
164 0.0121 3649 0.7744
164 0.5000 3745 0.5000
164 0.9879 3841 0.5000
164 1.0000 3937 0.5000
164 1.0000 4029 0.5000
164 1.0000 4117 0.5000
164 1.0000 4209 0.5000
164 1.0000 4305 0.5000
164 1.0000 4401 0.5000
164 0.1091 3554 0.6258
164 0.7545 3650 0.5000
164 1.0000 3746 0.5000
164 1.0000 3842 0.5000
164 1.0000 3938 0.5000
164 1.0000 4030 0.5000
164 1.0000 4118 0.5000
164 1.0000 4210 0.5000
164 1.0000 4306 0.5000
164 1.0000 4402 0.5000
164 0.3030 3459 0.5254
164 0.9242 3555 0.5000
164 1.0000 3651 0.5000
164 1.0000 3747 0.5000
164 1.0000 3843 0.5000
164 1.0000 3939 0.5000
164 1.0000 4031 0.5000
164 1.0000 4119 0.5000
164 1.0000 4211 0.5000
164 1.0000 4307 0.5000
164 1.0000 4403 0.5000
164 0.0273 3270 0.7342
164 0.5667 3364 0.5000
164 0.9970 3460 0.5000
164 1.0000 3556 0.5000
164 1.0000 3652 0.5000
164 1.0000 3748 0.5000
164 1.0000 3844 0.5000
164 1.0000 3940 0.5000
164 1.0000 4032 0.5000
164 1.0000 4120 0.5000
164 1.0000 4212 0.5000
164 1.0000 4308 0.5000
164 1.0000 4404 0.5000
164 0.1485 3177 0.5950
164 0.8061 3271 0.5000
164 1.0000 3365 0.5000
164 1.0000 3461 0.5000
164 1.0000 3557 0.5000
164 1.0000 3653 0.5000
164 1.0000 3749 0.5000
164 1.0000 3845 0.5000
164 1.0000 3941 0.5000
164 1.0000 4033 0.5000
164 1.0000 4121 0.5000
164 1.0000 4213 0.5000
164 1.0000 4309 0.5000
164 1.0000 4405 0.5000
164 0.3667 3084 0.5114
164 0.9515 3178 0.5000
164 1.0000 3272 0.5000
164 1.0000 3366 0.5000
164 1.0000 3462 0.5000
164 1.0000 3558 0.5000
164 1.0000 3654 0.5000
164 1.0000 3750 0.5000
164 1.0000 3846 0.5000
164 1.0000 3942 0.5000
164 1.0000 4034 0.5000
164 1.0000 4122 0.5000
164 1.0000 4214 0.5000
164 1.0000 4310 0.5000
164 1.0000 4406 0.5000
164 0.0485 2895 0.6958
164 0.6333 2991 0.5000
164 1.0000 3085 0.5000
164 1.0000 3179 0.5000
164 1.0000 3273 0.5000
164 1.0000 3367 0.5000
164 1.0000 3463 0.5000
164 1.0000 3559 0.5000
164 1.0000 3655 0.5000
164 1.0000 3751 0.5000
164 1.0000 3847 0.5000
164 1.0000 3943 0.5000
164 1.0000 4035 0.5000
164 1.0000 4123 0.5000
164 1.0000 4215 0.5000
164 1.0000 4311 0.5000
164 1.0000 4407 0.5000
164 0.1939 2800 0.5677
164 0.8515 2896 0.5000
164 1.0000 2992 0.5000
164 1.0000 3086 0.5000
164 1.0000 3180 0.5000
164 1.0000 3274 0.5000
164 1.0000 3368 0.5000
164 1.0000 3464 0.5000
164 1.0000 3560 0.5000
164 1.0000 3656 0.5000
164 1.0000 3752 0.5000
164 1.0000 3848 0.5000
164 1.0000 3944 0.5000
164 1.0000 4036 0.5000
164 1.0000 4124 0.5000
164 1.0000 4216 0.5000
164 1.0000 4312 0.5000
164 1.0000 4408 0.5000
164 0.0030 2610 0.8169
164 0.4333 2705 0.5029
164 0.9727 2801 0.5000
164 1.0000 2897 0.5000
164 1.0000 2993 0.5000
164 1.0000 3087 0.5000
164 1.0000 3181 0.5000
164 1.0000 3275 0.5000
164 1.0000 3369 0.5000
164 1.0000 3465 0.5000
164 1.0000 3561 0.5000
164 1.0000 3657 0.5000
164 1.0000 3753 0.5000
164 1.0000 3849 0.5000
164 1.0000 3945 0.5000
164 1.0000 4037 0.5000
164 1.0000 4125 0.5000
164 1.0000 4217 0.5000
164 1.0000 4313 0.5000
164 1.0000 4409 0.5000
164 0.0758 2516 0.6595
164 0.6970 2610 0.5000
164 1.0000 2706 0.5000
164 1.0000 2802 0.5000
164 1.0000 2898 0.5000
164 1.0000 2994 0.5000
164 1.0000 3088 0.5000
164 1.0000 3182 0.5000
164 1.0000 3276 0.5000
164 1.0000 3370 0.5000
164 1.0000 3466 0.5000
164 1.0000 3562 0.5000
164 1.0000 3658 0.5000
164 1.0000 3754 0.5000
164 1.0000 3850 0.5000
164 1.0000 3946 0.5000
164 1.0000 4038 0.5000
164 1.0000 4126 0.5000
164 1.0000 4218 0.5000
164 1.0000 4314 0.5000
164 1.0000 4410 0.5000
164 0.2455 2423 0.5443
164 0.8909 2517 0.5000
164 1.0000 2611 0.5000
164 1.0000 2707 0.5000
164 1.0000 2803 0.5000
164 1.0000 2899 0.5000
164 1.0000 2995 0.5000
164 1.0000 3089 0.5000
164 1.0000 3183 0.5000
164 1.0000 3277 0.5000
164 1.0000 3371 0.5000
164 1.0000 3467 0.5000
164 1.0000 3563 0.5000
164 1.0000 3659 0.5000
164 1.0000 3755 0.5000
164 1.0000 3851 0.5000
164 1.0000 3947 0.5000
164 1.0000 4039 0.5000
164 1.0000 4127 0.5000
164 1.0000 4219 0.5000
164 1.0000 4315 0.5000
164 1.0000 4411 0.5000
164 0.0121 2236 0.7744
164 0.5000 2330 0.5000
164 0.9879 2424 0.5000
164 1.0000 2518 0.5000
164 1.0000 2612 0.5000
164 1.0000 2708 0.5000
164 1.0000 2804 0.5000
164 1.0000 2900 0.5000
164 1.0000 2996 0.5000
164 1.0000 3090 0.5000
164 1.0000 3184 0.5000
164 1.0000 3278 0.5000
164 1.0000 3372 0.5000
164 1.0000 3468 0.5000
164 1.0000 3564 0.5000
164 1.0000 3660 0.5000
164 1.0000 3756 0.5000
164 1.0000 3852 0.5000
164 1.0000 3948 0.5000
164 1.0000 4040 0.5000
164 1.0000 4128 0.5000
164 1.0000 4220 0.5000
164 1.0000 4316 0.5000
164 1.0000 4412 0.5000
164 0.1091 2143 0.6258
164 0.7545 2237 0.5000
164 1.0000 2331 0.5000
164 1.0000 2425 0.5000
164 1.0000 2519 0.5000
164 1.0000 2613 0.5000
164 1.0000 2709 0.5000
164 1.0000 2805 0.5000
164 1.0000 2901 0.5000
164 1.0000 2997 0.5000
164 1.0000 3091 0.5000
164 1.0000 3185 0.5000
164 1.0000 3279 0.5000
164 1.0000 3373 0.5000
164 1.0000 3469 0.5000
164 1.0000 3565 0.5000
164 1.0000 3661 0.5000
164 1.0000 3757 0.5000
164 1.0000 3853 0.5000
164 1.0000 3949 0.5000
164 1.0000 4041 0.5000
164 1.0000 4129 0.5000
164 1.0000 4221 0.5000
164 1.0000 4317 0.5000
164 1.0000 4413 0.5000
164 0.3030 2050 0.5254
164 0.9242 2144 0.5000
164 1.0000 2238 0.5000
164 1.0000 2332 0.5000
164 1.0000 2426 0.5000
164 1.0000 2520 0.5000
164 1.0000 2614 0.5000
164 1.0000 2710 0.5000
164 1.0000 2806 0.5000
164 1.0000 2902 0.5000
164 1.0000 2998 0.5000
164 1.0000 3092 0.5000
164 1.0000 3186 0.5000
164 1.0000 3280 0.5000
164 1.0000 3374 0.5000
164 1.0000 3470 0.5000
164 1.0000 3566 0.5000
164 1.0000 3662 0.5000
164 1.0000 3758 0.5000
164 1.0000 3854 0.5000
164 1.0000 3950 0.5000
164 1.0000 4042 0.5000
164 1.0000 4130 0.5000
164 1.0000 4222 0.5000
164 1.0000 4318 0.5000
164 1.0000 4414 0.5000
164 0.0273 1863 0.7342
164 0.5667 1957 0.5000
164 0.9970 2051 0.5000
164 1.0000 2145 0.5000
164 1.0000 2239 0.5000
164 1.0000 2333 0.5000
164 1.0000 2427 0.5000
164 1.0000 2521 0.5000
164 1.0000 2615 0.5000
164 1.0000 2711 0.5000
164 1.0000 2807 0.5000
164 1.0000 2903 0.5000
164 1.0000 2999 0.5000
164 1.0000 3093 0.5000
164 1.0000 3187 0.5000
164 1.0000 3281 0.5000
164 1.0000 3375 0.5000
164 1.0000 3471 0.5000
164 1.0000 3567 0.5000
164 1.0000 3663 0.5000
164 1.0000 3759 0.5000
164 1.0000 3855 0.5000
164 1.0000 3951 0.5000
164 1.0000 4043 0.5000
164 1.0000 4131 0.5000
164 1.0000 4223 0.5000
164 1.0000 4319 0.5000
164 1.0000 4415 0.5000
164 0.1485 1768 0.5950
164 0.8061 1864 0.5000
164 1.0000 1958 0.5000
164 1.0000 2052 0.5000
164 1.0000 2146 0.5000
164 1.0000 2240 0.5000
164 1.0000 2334 0.5000
164 1.0000 2428 0.5000
164 1.0000 2522 0.5000
164 1.0000 2616 0.5000
164 1.0000 2712 0.5000
164 1.0000 2808 0.5000
164 1.0000 2904 0.5000
164 1.0000 3000 0.5000
164 1.0000 3094 0.5000
164 1.0000 3188 0.5000
164 1.0000 3282 0.5000
164 1.0000 3376 0.5000
164 1.0000 3472 0.5000
164 1.0000 3568 0.5000
164 1.0000 3664 0.5000
164 1.0000 3760 0.5000
164 1.0000 3856 0.5000
164 1.0000 3952 0.5000
164 1.0000 4044 0.5000
164 1.0000 4132 0.5000
164 1.0000 4224 0.5000
164 1.0000 4320 0.5000
164 1.0000 4416 0.5000
164 0.3667 1673 0.5114
164 0.9515 1769 0.5000
164 1.0000 1865 0.5000
164 1.0000 1959 0.5000
164 1.0000 2053 0.5000
164 1.0000 2147 0.5000
164 1.0000 2241 0.5000
164 1.0000 2335 0.5000
164 1.0000 2429 0.5000
164 1.0000 2523 0.5000
164 1.0000 2617 0.5000
164 1.0000 2713 0.5000
164 1.0000 2809 0.5000
164 1.0000 2905 0.5000
164 1.0000 3001 0.5000
164 1.0000 3095 0.5000
164 1.0000 3189 0.5000
164 1.0000 3283 0.5000
164 1.0000 3377 0.5000
164 1.0000 3473 0.5000
164 1.0000 3569 0.5000
164 1.0000 3665 0.5000
164 1.0000 3761 0.5000
164 1.0000 3857 0.5000
164 1.0000 3953 0.5000
164 1.0000 4045 0.5000
164 1.0000 4133 0.5000
164 1.0000 4225 0.5000
164 1.0000 4321 0.5000
164 1.0000 4417 0.5000
