# facet, area, fluid boundary point, boundary intercept
3  0.1808 388  0.5000
3  0.9442 484  0.5000
3  0.2701 484  0.5000
3  1.0000 576  0.5000
3  0.9799 576  0.5000
3  0.3772 9863 -0.5000
3  1.0000 666  0.5000
3  1.0000 666  0.5000
3  0.9978 9116 -1.5000
3  0.5000 10254 -0.5000
3  0.0022 10637 -0.5000
3  1.0000 758  0.5000
3  1.0000 850  0.5000
3  1.0000 944  0.5000
4  0.8192 388  0.5000
4  1.0000 388  0.5000
4  1.0000 9090 -0.5000
4  1.0000 9473 -0.5000
4  1.0000 9856 -0.5000
4  1.0000 10239 -0.5000
4  1.0000 10622 -0.5000
4  0.5000 11778 1.0000
4  0.0558 484  0.5000
4  0.7299 484  0.5000
4  1.0000 9090 -0.5000
4  1.0000 9473 -0.5000
4  1.0000 9856 -0.5000
4  1.0000 10239 -0.5000
4  1.0000 10622 -0.5000
4  0.5000 11770 1.0000
4  0.0201 576  0.5000
4  0.6228 9115 -0.5000
4  1.0000 9499 -1.5000
4  1.0000 9882 -1.5000
4  1.0000 10265 -1.5000
4  1.0000 10648 -1.5000
4  0.5000 11778 1.0000
4  0.0022 9115 -0.5000
4  0.5000 9499 -1.5000
4  0.9978 9882 -1.5000
4  1.0000 10265 -1.5000
4  1.0000 10648 -1.5000
4  0.5000 11788 1.0000
5  1.0000 396  0.5000
5  1.0000 490  0.5000
5  1.0000 582  0.5000
5  1.0000 674  0.5000
5  1.0000 764  0.5000
5  0.9442 856  0.5000
5  0.1808 952  0.5000
6  0.0558 856  0.5000
6  0.8192 952  0.5000
7  0.0558 1044 0.5000
7  0.8192 1045 0.5000
8  1.0000 1039 0.5000
8  1.0000 1040 0.5000
8  1.0000 1041 0.5000
8  1.0000 1042 0.5000
8  1.0000 1043 0.5000
8  0.9442 1044 0.5000
8  0.1808 1045 0.5000
9  1.0000 293  0.5000
9  1.0000 293  0.5000
9  1.0000 9097 -0.5000
9  1.0000 9480 -0.5000
9  1.0000 9863 -0.5000
9  1.0000 10246 -0.5000
9  0.8192 11388 0.0000
9  0.1094 11771 1.0000
9  1.0000 294  0.5000
9  1.0000 294  0.5000
9  1.0000 9097 -0.5000
9  1.0000 9480 -0.5000
9  1.0000 9863 -0.5000
9  0.7299 11006 -0.5000
9  0.0558 11389 0.0000
9  1.0000 295  0.5000
9  1.0000 295  0.5000
9  1.0000 9098 -1.5000
9  1.0000 9481 -1.5000
9  0.6228 10624 -0.5000
9  0.0201 11007 -0.5000
9  1.0000 296  0.5000
9  1.0000 296  0.5000
9  0.9978 9098 -1.5000
9  0.5000 10247 -1.5000
9  0.0022 10624 -0.5000
9  1.0000 297  0.5000
9  0.9442 298  0.5000
9  0.1808 299  0.5000
10 0.1808 10621 -0.5000
10 0.3906 11771 1.0000
10 0.2701 10238 -0.5000
10 0.9442 10621 -0.5000
10 0.5000 11770 1.0000
10 0.3772 9856 -0.5000
10 0.9799 10239 -0.5000
10 1.0000 10630 -1.5000
10 0.5000 11771 1.0000
10 0.0022 9091 -0.5000
10 0.5000 9474 -0.5000
10 0.9978 9864 -1.5000
10 1.0000 10247 -1.5000
10 1.0000 10630 -1.5000
10 0.5000 11772 1.0000
10 0.0558 298  0.5000
10 0.8192 299  0.5000
13 0.0208 1796 0.5000
13 0.5000 1892 0.5000
13 0.9792 1986 0.5000
13 1.0000 2080 0.5000
13 1.0000 2174 0.5000
13 1.0000 2266 0.5000
13 1.0000 2360 0.5000
13 1.0000 2456 0.5000
13 1.0000 2550 0.5000
13 1.0000 2644 0.5000
13 1.0000 2740 0.5000
13 1.0000 2836 0.5000
14 0.9792 1796 0.5000
14 0.5000 1892 0.5000
14 0.0208 1986 0.5000
15 1.0000 1809 0.5000
15 1.0000 1905 0.5000
15 1.0000 1999 0.5000
15 1.0000 2091 0.5000
15 1.0000 2185 0.5000
15 1.0000 2279 0.5000
15 1.0000 2373 0.5000
15 1.0000 2467 0.5000
15 1.0000 2561 0.5000
15 0.9792 2657 0.5000
15 0.5000 2753 0.5000
15 0.0208 2849 0.5000
16 0.0208 2657 0.5000
16 0.5000 2753 0.5000
16 0.9792 2849 0.5000
17 0.0208 2942 0.5000
17 0.5000 2943 0.5000
17 0.9792 2944 0.5000
18 1.0000 2933 0.5000
18 1.0000 2934 0.5000
18 1.0000 2935 0.5000
18 1.0000 2936 0.5000
18 1.0000 2937 0.5000
18 1.0000 2938 0.5000
18 1.0000 2939 0.5000
18 1.0000 2940 0.5000
18 1.0000 2941 0.5000
18 0.9792 2942 0.5000
18 0.5000 2943 0.5000
18 0.0208 2944 0.5000
19 1.0000 1701 0.5000
19 1.0000 1702 0.5000
19 1.0000 1703 0.5000
19 1.0000 1704 0.5000
19 1.0000 1705 0.5000
19 1.0000 1706 0.5000
19 1.0000 1707 0.5000
19 1.0000 1708 0.5000
19 1.0000 1709 0.5000
19 0.9792 1710 0.5000
19 0.5000 1711 0.5000
19 0.0208 1712 0.5000
20 0.0208 1710 0.5000
20 0.5000 1711 0.5000
20 0.9792 1712 0.5000
23 0.5000 3884 0.5000
23 0.0625 3884 0.5000
23 1.0000 3980 0.5000
23 0.9375 3980 0.5000
23 0.5000 10022 -0.5000
23 0.0625 10405 -0.5000
23 1.0000 4068 0.5000
23 1.0000 4068 0.5000
23 1.0000 9289 -0.5000
23 0.9375 10421 -0.5000
23 0.5000 10804 -0.5000
23 0.0625 11187 -0.5000
23 1.0000 4156 0.5000
23 1.0000 4156 0.5000
23 1.0000 9289 -0.5000
23 1.0000 9672 -0.5000
23 1.0000 10055 -0.5000
23 0.9375 11195 -0.5000
23 0.5000 11578 0.0000
23 0.0625 12017 1.0000
24 0.5000 3884 0.5000
24 0.9375 3884 0.5000
24 1.0000 9257 -0.5000
24 1.0000 9640 -0.5000
24 1.0000 10023 -0.5000
24 1.0000 10406 -0.5000
24 1.0000 10789 -0.5000
24 0.5000 12001 1.0000
24 0.0625 3980 0.5000
24 0.5000 9280 -0.5000
24 0.9375 9663 -0.5000
24 1.0000 10023 -0.5000
24 1.0000 10406 -0.5000
24 1.0000 10789 -0.5000
24 0.5000 11985 1.0000
24 0.0625 9671 -0.5000
24 0.5000 10054 -0.5000
24 0.9375 10437 -0.5000
24 1.0000 10821 -0.5000
24 0.5000 12001 1.0000
24 0.0625 10437 -0.5000
24 0.5000 10821 -0.5000
24 0.4375 12017 1.0000
25 1.0000 3916 0.5000
25 1.0000 4008 0.5000
25 1.0000 4096 0.5000
25 0.5000 4188 0.5000
26 0.5000 4188 0.5000
27 0.0852 4278 0.5000
27 0.3387 4279 0.5000
27 0.5968 4280 0.5000
27 0.8548 4281 0.5000
27 0.9995 4282 0.5000
27 1.0000 4283 0.5000
28 1.0000 4253 0.5000
28 1.0000 4254 0.5000
28 1.0000 4255 0.5000
28 1.0000 4256 0.5000
28 1.0000 4257 0.5000
28 1.0000 4258 0.5000
28 1.0000 4259 0.5000
28 1.0000 4260 0.5000
28 1.0000 4261 0.5000
28 1.0000 4262 0.5000
28 1.0000 4263 0.5000
28 1.0000 4264 0.5000
28 1.0000 4265 0.5000
28 1.0000 4266 0.5000
28 1.0000 4267 0.5000
28 1.0000 4268 0.5000
28 1.0000 4269 0.5000
28 1.0000 4270 0.5000
28 1.0000 4271 0.5000
28 1.0000 4272 0.5000
28 1.0000 4273 0.5000
28 1.0000 4274 0.5000
28 1.0000 4275 0.5000
28 1.0000 4276 0.5000
28 1.0000 4277 0.5000
28 0.9148 4278 0.5000
28 0.6613 4279 0.5000
28 0.4032 4280 0.5000
28 0.1452 4281 0.5000
28 0.0005 4282 0.5000
29 1.0000 3789 0.5000
29 1.0000 3789 0.5000
29 1.0000 9272 -0.5000
29 1.0000 9655 -0.5000
29 1.0000 10038 -0.5000
29 1.0000 10421 -0.5000
29 1.0000 10804 -0.5000
29 0.3710 11986 1.0000
29 1.0000 3790 0.5000
29 1.0000 3790 0.5000
29 1.0000 9272 -0.5000
29 1.0000 9655 -0.5000
29 1.0000 10038 -0.5000
29 1.0000 10421 -0.5000
29 0.9995 10804 -0.5000
29 0.1134 11987 1.0000
29 1.0000 3791 0.5000
29 1.0000 3791 0.5000
29 1.0000 9273 -1.5000
29 1.0000 9656 -1.5000
29 1.0000 10039 -1.5000
29 1.0000 10422 -1.5000
29 0.8548 11557 0.0000
29 1.0000 3792 0.5000
29 1.0000 3792 0.5000
29 1.0000 9273 -1.5000
29 1.0000 9656 -1.5000
29 1.0000 10039 -1.5000
29 1.0000 10422 -1.5000
29 0.5968 11556 0.0000
29 1.0000 3793 0.5000
29 1.0000 3794 0.5000
29 1.0000 3795 0.5000
29 1.0000 3796 0.5000
29 1.0000 3797 0.5000
29 1.0000 3798 0.5000
29 1.0000 3799 0.5000
29 1.0000 3800 0.5000
29 1.0000 3801 0.5000
29 1.0000 3802 0.5000
29 1.0000 3803 0.5000
29 1.0000 3804 0.5000
29 1.0000 3805 0.5000
29 1.0000 3806 0.5000
29 1.0000 3807 0.5000
29 1.0000 3808 0.5000
29 1.0000 3809 0.5000
29 1.0000 3810 0.5000
29 1.0000 3811 0.5000
29 1.0000 3812 0.5000
29 1.0000 3813 0.5000
29 0.9148 3814 0.5000
29 0.6613 3815 0.5000
29 0.4032 3816 0.5000
29 0.1452 3817 0.5000
29 0.0005 3818 0.5000
30 0.1290 11986 1.0000
30 0.0005 10788 -0.5000
30 0.3866 11985 1.0000
30 0.1452 10789 -0.5000
30 0.5000 11986 1.0000
30 0.4032 10790 -0.5000
30 0.5000 11987 1.0000
30 0.0852 3814 0.5000
30 0.3387 3815 0.5000
30 0.5968 3816 0.5000
30 1.0000 3816 0.5000
30 1.0000 9274 -1.5000
30 1.0000 9657 -1.5000
30 1.0000 10040 -1.5000
30 1.0000 10423 -1.5000
30 1.0000 10806 -1.5000
30 0.5000 11990 1.0000
30 0.8548 3817 0.5000
30 1.0000 3817 0.5000
30 1.0000 9274 -1.5000
30 1.0000 9657 -1.5000
30 1.0000 10040 -1.5000
30 1.0000 10423 -1.5000
30 1.0000 10806 -1.5000
30 0.5000 11989 1.0000
30 0.9995 3818 0.5000
30 1.0000 3818 0.5000
30 1.0000 9275 -0.5000
30 1.0000 9658 -0.5000
30 1.0000 10041 -0.5000
30 1.0000 10424 -0.5000
30 1.0000 10807 -0.5000
30 0.5000 11990 1.0000
30 1.0000 3819 0.5000
30 1.0000 3819 0.5000
30 1.0000 9275 -0.5000
30 1.0000 9658 -0.5000
30 1.0000 10041 -0.5000
30 1.0000 10424 -0.5000
30 1.0000 10807 -0.5000
30 0.5000 11991 1.0000
33 0.1701 4732 0.5000
33 0.6111 4826 0.5000
33 0.9688 4920 0.5000
33 1.0000 5014 0.5000
33 1.0000 5106 0.5000
33 1.0000 5200 0.5000
33 1.0000 5296 0.5000
33 1.0000 5392 0.5000
33 1.0000 5488 0.5000
33 1.0000 5584 0.5000
33 1.0000 5680 0.5000
33 1.0000 5774 0.5000
33 1.0000 5868 0.5000
33 1.0000 5962 0.5000
33 1.0000 6056 0.5000
33 1.0000 6150 0.5000
33 1.0000 6244 0.5000
34 1.0000 4636 0.5000
34 0.8299 4732 0.5000
34 0.3889 4826 0.5000
34 0.0313 4920 0.5000
35 1.0000 4649 0.5000
35 1.0000 4745 0.5000
35 1.0000 4839 0.5000
35 1.0000 4931 0.5000
35 1.0000 5025 0.5000
35 1.0000 5119 0.5000
35 1.0000 5213 0.5000
35 1.0000 5309 0.5000
35 1.0000 5405 0.5000
35 1.0000 5501 0.5000
35 1.0000 5597 0.5000
35 1.0000 5693 0.5000
35 1.0000 5787 0.5000
35 1.0000 5879 0.5000
35 0.9688 5973 0.5000
35 0.6111 6069 0.5000
35 0.1701 6163 0.5000
36 0.0313 5973 0.5000
36 0.3889 6069 0.5000
36 0.8299 6163 0.5000
36 1.0000 6257 0.5000
37 0.0208 6350 0.5000
37 0.5000 6351 0.5000
37 0.9792 6352 0.5000
38 1.0000 6341 0.5000
38 1.0000 6342 0.5000
38 1.0000 6343 0.5000
38 1.0000 6344 0.5000
38 1.0000 6345 0.5000
38 1.0000 6346 0.5000
38 1.0000 6347 0.5000
38 1.0000 6348 0.5000
38 1.0000 6349 0.5000
38 0.9792 6350 0.5000
38 0.5000 6351 0.5000
38 0.0208 6352 0.5000
39 1.0000 4541 0.5000
39 1.0000 4542 0.5000
39 1.0000 4543 0.5000
39 1.0000 4544 0.5000
39 1.0000 4545 0.5000
39 1.0000 4546 0.5000
39 1.0000 4547 0.5000
39 1.0000 4548 0.5000
39 1.0000 4549 0.5000
39 0.9792 4550 0.5000
39 0.5000 4551 0.5000
39 0.0208 4552 0.5000
40 0.0208 4550 0.5000
40 0.5000 4551 0.5000
40 0.9792 4552 0.5000
43 0.0900 6820 0.5000
43 0.4524 6914 0.5000
43 0.8326 7008 0.5000
43 1.0000 7104 0.5000
43 1.0000 7196 0.5000
43 1.0000 7286 0.5000
43 1.0000 7380 0.5000
43 1.0000 7476 0.5000
43 1.0000 7572 0.5000
43 1.0000 7668 0.5000
43 1.0000 7764 0.5000
43 1.0000 7858 0.5000
43 1.0000 7952 0.5000
43 1.0000 8048 0.5000
43 1.0000 8142 0.5000
43 1.0000 8234 0.5000
43 1.0000 8328 0.5000
43 1.0000 8424 0.5000
43 1.0000 8518 0.5000
43 1.0000 8612 0.5000
44 1.0000 6724 0.5000
44 0.9100 6820 0.5000
44 0.5476 6914 0.5000
44 0.1674 7008 0.5000
45 1.0000 6740 0.5000
45 1.0000 6836 0.5000
45 1.0000 6930 0.5000
45 1.0000 7024 0.5000
45 1.0000 7118 0.5000
45 1.0000 7210 0.5000
45 1.0000 7302 0.5000
45 1.0000 7396 0.5000
45 1.0000 7492 0.5000
45 1.0000 7588 0.5000
45 1.0000 7684 0.5000
45 1.0000 7780 0.5000
45 1.0000 7874 0.5000
45 1.0000 7968 0.5000
45 1.0000 8064 0.5000
45 1.0000 8156 0.5000
45 1.0000 8248 0.5000
45 0.8326 8344 0.5000
45 0.4524 8440 0.5000
45 0.0900 8534 0.5000
46 0.1674 8344 0.5000
46 0.5476 8440 0.5000
46 0.9100 8534 0.5000
46 1.0000 8628 0.5000
47 0.1760 8721 0.5000
47 0.7000 8722 0.5000
47 0.9990 8723 0.5000
48 1.0000 8709 0.5000
48 1.0000 8710 0.5000
48 1.0000 8711 0.5000
48 1.0000 8712 0.5000
48 1.0000 8713 0.5000
48 1.0000 8714 0.5000
48 1.0000 8715 0.5000
48 1.0000 8716 0.5000
48 1.0000 8717 0.5000
48 1.0000 8718 0.5000
48 1.0000 8719 0.5000
48 1.0000 8720 0.5000
48 0.8240 8721 0.5000
48 0.3000 8722 0.5000
48 0.0010 8723 0.5000
49 1.0000 6629 0.5000
49 1.0000 6630 0.5000
49 1.0000 6631 0.5000
49 1.0000 6632 0.5000
49 1.0000 6633 0.5000
49 1.0000 6634 0.5000
49 1.0000 6635 0.5000
49 1.0000 6636 0.5000
49 1.0000 6637 0.5000
49 1.0000 6638 0.5000
49 1.0000 6639 0.5000
49 1.0000 6640 0.5000
49 0.8240 6641 0.5000
49 0.3000 6642 0.5000
49 0.0010 6643 0.5000
50 0.1760 6641 0.5000
50 0.7000 6642 0.5000
50 0.9990 6643 0.5000
53 0.0619 423  0.5000
53 0.7159 517  0.5000
53 0.0114 517  0.5000
53 1.0000 609  0.5000
53 0.5455 609  0.5000
53 1.0000 701  0.5000
53 0.9987 701  0.5000
53 0.3649 9873 -0.5000
53 1.0000 791  0.5000
53 1.0000 883  0.5000
53 1.0000 979  0.5000
53 1.0000 1073 0.5000
53 1.0000 1073 0.5000
53 1.0000 9159 -1.5000
53 1.0000 9542 -1.5000
53 1.0000 9925 -1.5000
53 0.6351 11074 -1.5000
53 0.0013 11456 -0.5000
53 1.0000 1165 0.5000
53 1.0000 1165 0.5000
53 1.0000 9159 -1.5000
53 1.0000 9542 -1.5000
53 1.0000 9925 -1.5000
53 1.0000 10308 -1.5000
53 0.4545 11456 -0.5000
53 1.0000 1257 0.5000
53 1.0000 1257 0.5000
53 1.0000 9181 -0.5000
53 1.0000 9564 -0.5000
53 1.0000 9947 -0.5000
53 1.0000 10330 -0.5000
53 0.9886 10713 -0.5000
53 0.2841 11869 0.0000
53 1.0000 1351 0.5000
53 1.0000 1351 0.5000
53 1.0000 9181 -0.5000
53 1.0000 9564 -0.5000
53 1.0000 9947 -0.5000
53 1.0000 10330 -0.5000
53 1.0000 10713 -0.5000
53 0.9381 11879 0.0000
53 0.1528 12297 1.0000
54 0.9381 423  0.5000
54 1.0000 423  0.5000
54 1.0000 9094 -0.5000
54 1.0000 9477 -0.5000
54 1.0000 9860 -0.5000
54 1.0000 10243 -0.5000
54 1.0000 10626 -0.5000
54 1.0000 11009 -0.5000
54 0.5000 12277 1.0000
54 0.2841 517  0.5000
54 0.9886 517  0.5000
54 1.0000 9094 -0.5000
54 1.0000 9477 -0.5000
54 1.0000 9860 -0.5000
54 1.0000 10243 -0.5000
54 1.0000 10626 -0.5000
54 1.0000 11009 -0.5000
54 0.5000 12273 1.0000
54 0.4545 609  0.5000
54 1.0000 9123 -1.5000
54 1.0000 9506 -1.5000
54 1.0000 9889 -1.5000
54 1.0000 10272 -1.5000
54 1.0000 10655 -1.5000
54 1.0000 11038 -1.5000
54 0.5000 12277 1.0000
54 0.0013 701  0.5000
54 0.6351 9123 -1.5000
54 1.0000 9506 -1.5000
54 1.0000 9889 -1.5000
54 1.0000 10272 -1.5000
54 1.0000 10655 -1.5000
54 1.0000 11038 -1.5000
54 0.5000 12281 1.0000
54 0.3649 10315 -0.5000
54 0.9987 10691 -1.5000
54 1.0000 11074 -1.5000
54 0.5000 12293 1.0000
54 0.5455 10706 -0.5000
54 1.0000 11074 -1.5000
54 0.5000 12289 1.0000
54 0.0114 10712 -0.5000
54 0.7159 11095 -0.5000
54 0.5000 12293 1.0000
54 0.0619 11095 -0.5000
54 0.3472 12297 1.0000
55 1.0000 428  0.5000
55 1.0000 520  0.5000
55 1.0000 612  0.5000
55 1.0000 706  0.5000
55 1.0000 796  0.5000
55 1.0000 888  0.5000
55 1.0000 984  0.5000
55 1.0000 1078 0.5000
55 1.0000 1168 0.5000
55 0.7159 1260 0.5000
55 0.0619 1356 0.5000
56 0.2841 1260 0.5000
56 0.9381 1356 0.5000
57 0.4444 1451 0.5000
58 1.0000 1448 0.5000
58 1.0000 1449 0.5000
58 1.0000 1450 0.5000
58 0.5556 1451 0.5000
59 1.0000 328  0.5000
59 1.0000 328  0.5000
59 1.0000 9099 -0.5000
59 1.0000 9482 -0.5000
59 1.0000 9865 -0.5000
59 1.0000 10248 -0.5000
59 0.8750 11392 -0.5000
59 0.4444 11775 0.0000
59 0.0556 12274 1.0000
59 1.0000 329  0.5000
59 1.0000 329  0.5000
59 1.0000 9099 -0.5000
59 1.0000 10244 -0.5000
59 0.7778 10627 -0.5000
59 0.3333 11010 -0.5000
59 0.0139 11393 -0.5000
59 1.0000 330  0.5000
59 0.9861 330  0.5000
59 0.6667 9862 -0.5000
59 0.2222 10245 -0.5000
59 0.5556 331  0.5000
59 0.1250 331  0.5000
60 0.1250 10625 -0.5000
60 0.5556 11014 -0.5000
60 0.4444 12274 1.0000
60 0.2222 9859 -0.5000
60 0.6667 10242 -0.5000
60 0.9861 10631 -0.5000
60 1.0000 11014 -0.5000
60 0.5000 12273 1.0000
60 0.0139 330  0.5000
60 0.3333 9094 -0.5000
60 0.7778 9477 -0.5000
60 1.0000 9866 -0.5000
60 1.0000 10249 -0.5000
60 1.0000 10632 -0.5000
60 1.0000 11015 -0.5000
60 0.5000 12274 1.0000
60 0.4444 331  0.5000
60 0.8750 331  0.5000
60 1.0000 9100 -0.5000
60 1.0000 9483 -0.5000
60 1.0000 9866 -0.5000
60 1.0000 10249 -0.5000
60 1.0000 10632 -0.5000
60 1.0000 11015 -0.5000
60 0.5000 12275 1.0000
63 0.1701 1927 0.5000
63 0.6111 2021 0.5000
63 0.9688 2113 0.5000
63 0.0868 2113 0.5000
63 1.0000 2207 0.5000
63 1.0000 2301 0.5000
63 1.0000 2395 0.5000
63 1.0000 2489 0.5000
63 1.0000 2583 0.5000
63 1.0000 2679 0.5000
63 1.0000 2775 0.5000
63 1.0000 2871 0.5000
63 1.0000 2967 0.5000
63 1.0000 3061 0.5000
63 1.0000 3155 0.5000
63 1.0000 3155 0.5000
63 1.0000 9241 -1.5000
63 1.0000 9624 -1.5000
63 1.0000 10007 -1.5000
63 0.9132 11156 -1.0000
63 0.0313 11538 0.0000
63 1.0000 3251 0.5000
63 1.0000 3251 0.5000
63 1.0000 9241 -1.5000
63 1.0000 9624 -1.5000
63 1.0000 10007 -1.5000
63 1.0000 10390 -1.5000
63 0.3889 11538 0.0000
63 1.0000 3345 0.5000
63 1.0000 3345 0.5000
63 1.0000 9253 -0.5000
63 1.0000 9636 -0.5000
63 1.0000 10019 -0.5000
63 1.0000 10402 -0.5000
63 0.8299 11546 0.0000
63 0.0035 11973 1.0000
63 1.0000 3439 0.5000
63 1.0000 3439 0.5000
63 1.0000 9253 -0.5000
63 1.0000 9636 -0.5000
63 1.0000 10019 -0.5000
63 1.0000 10402 -0.5000
63 1.0000 10785 -0.5000
63 0.2778 11977 1.0000
64 1.0000 1831 0.5000
64 1.0000 1831 0.5000
64 1.0000 9185 -0.5000
64 1.0000 9568 -0.5000
64 1.0000 9951 -0.5000
64 1.0000 10334 -0.5000
64 1.0000 10717 -0.5000
64 0.5000 11893 1.0000
64 0.8299 1927 0.5000
64 1.0000 1927 0.5000
64 1.0000 9185 -0.5000
64 1.0000 9568 -0.5000
64 1.0000 9951 -0.5000
64 1.0000 10334 -0.5000
64 1.0000 10717 -0.5000
64 0.5000 11889 1.0000
64 0.3889 2021 0.5000
64 1.0000 2021 0.5000
64 1.0000 9199 -1.5000
64 1.0000 9582 -1.5000
64 1.0000 9965 -1.5000
64 1.0000 10348 -1.5000
64 1.0000 10731 -1.5000
64 0.5000 11893 1.0000
64 0.0313 2113 0.5000
64 0.9132 2113 0.5000
64 1.0000 9199 -1.5000
64 1.0000 9582 -1.5000
64 1.0000 9965 -1.5000
64 1.0000 10348 -1.5000
64 1.0000 10731 -1.5000
64 0.5000 11901 1.0000
64 0.0868 10397 -0.5000
64 0.9688 10780 -0.5000
64 0.5000 11973 1.0000
64 0.6111 10782 -0.5000
64 0.5000 11965 1.0000
64 0.1701 10784 -0.5000
64 0.4965 11973 1.0000
64 0.2222 11977 1.0000
65 1.0000 1836 0.5000
65 1.0000 1930 0.5000
65 1.0000 2024 0.5000
65 1.0000 2118 0.5000
65 1.0000 2212 0.5000
65 1.0000 2306 0.5000
65 1.0000 2400 0.5000
65 1.0000 2494 0.5000
65 1.0000 2588 0.5000
65 1.0000 2684 0.5000
65 1.0000 2780 0.5000
65 1.0000 2876 0.5000
65 1.0000 2972 0.5000
65 1.0000 3066 0.5000
65 0.9688 3160 0.5000
65 0.6111 3254 0.5000
65 0.1701 3348 0.5000
66 0.0313 3160 0.5000
66 0.3889 3254 0.5000
66 0.8299 3348 0.5000
66 1.0000 3444 0.5000
67 0.5000 3539 0.5000
68 1.0000 3536 0.5000
68 1.0000 3537 0.5000
68 1.0000 3538 0.5000
68 0.5000 3539 0.5000
69 1.0000 1736 0.5000
69 1.0000 1736 0.5000
69 1.0000 9188 -0.5000
69 1.0000 9571 -0.5000
69 1.0000 9954 -0.5000
69 0.9375 11100 -0.5000
69 0.5000 11483 0.0000
69 0.0625 11890 1.0000
69 1.0000 1737 0.5000
69 1.0000 1737 0.5000
69 1.0000 9188 -0.5000
69 0.9375 10335 -0.5000
69 0.5000 10718 -0.5000
69 0.0625 11101 -0.5000
69 1.0000 1738 0.5000
69 0.9375 1738 0.5000
69 0.5000 9953 -0.5000
69 0.0625 10336 -0.5000
69 0.5000 1739 0.5000
69 0.0625 1739 0.5000
70 0.0625 10333 -0.5000
70 0.5000 10720 -0.5000
70 0.4375 11890 1.0000
70 0.0625 9567 -0.5000
70 0.5000 9950 -0.5000
70 0.9375 10333 -0.5000
70 1.0000 10720 -0.5000
70 0.5000 11889 1.0000
70 0.0625 1738 0.5000
70 0.5000 9185 -0.5000
70 0.9375 9568 -0.5000
70 1.0000 9955 -0.5000
70 1.0000 10338 -0.5000
70 1.0000 10721 -0.5000
70 0.5000 11890 1.0000
70 0.5000 1739 0.5000
70 0.9375 1739 0.5000
70 1.0000 9189 -0.5000
70 1.0000 9572 -0.5000
70 1.0000 9955 -0.5000
70 1.0000 10338 -0.5000
70 1.0000 10721 -0.5000
70 0.5000 11891 1.0000
73 0.0900 6855 0.5000
73 0.4524 6949 0.5000
73 0.8326 7043 0.5000
73 0.0007 7043 0.5000
73 1.0000 7137 0.5000
73 1.0000 7229 0.5000
73 1.0000 7321 0.5000
73 1.0000 7415 0.5000
73 1.0000 7511 0.5000
73 1.0000 7607 0.5000
73 1.0000 7703 0.5000
73 1.0000 7799 0.5000
73 1.0000 7893 0.5000
73 1.0000 7987 0.5000
73 1.0000 8083 0.5000
73 1.0000 8175 0.5000
73 1.0000 8267 0.5000
73 1.0000 8363 0.5000
73 1.0000 8363 0.5000
73 1.0000 9461 -1.5000
73 1.0000 9844 -1.5000
73 1.0000 10227 -1.5000
73 0.9993 10610 -1.5000
73 0.1674 11762 0.0000
73 1.0000 8459 0.5000
73 1.0000 8459 0.5000
73 1.0000 9461 -1.5000
73 1.0000 9844 -1.5000
73 1.0000 10227 -1.5000
73 1.0000 10610 -1.5000
73 0.5476 11758 0.0000
73 1.0000 8553 0.5000
73 1.0000 8553 0.5000
73 1.0000 9469 -0.5000
73 1.0000 9852 -0.5000
73 1.0000 10235 -0.5000
73 1.0000 10618 -0.5000
73 0.9100 11762 0.0000
73 0.0186 12261 1.0000
73 1.0000 8647 0.5000
73 1.0000 8647 0.5000
73 1.0000 9469 -0.5000
73 1.0000 9852 -0.5000
73 1.0000 10235 -0.5000
73 1.0000 10618 -0.5000
73 1.0000 11001 -0.5000
73 0.3095 12265 1.0000
74 1.0000 6759 0.5000
74 1.0000 6759 0.5000
74 1.0000 9377 -0.5000
74 1.0000 9760 -0.5000
74 1.0000 10143 -0.5000
74 1.0000 10526 -0.5000
74 1.0000 10909 -0.5000
74 0.5000 12149 1.0000
74 0.9100 6855 0.5000
74 1.0000 6855 0.5000
74 1.0000 9377 -0.5000
74 1.0000 9760 -0.5000
74 1.0000 10143 -0.5000
74 1.0000 10526 -0.5000
74 1.0000 10909 -0.5000
74 0.5000 12145 1.0000
74 0.5476 6949 0.5000
74 1.0000 6949 0.5000
74 1.0000 9389 -1.5000
74 1.0000 9772 -1.5000
74 1.0000 10155 -1.5000
74 1.0000 10538 -1.5000
74 1.0000 10921 -1.5000
74 0.5000 12149 1.0000
74 0.1674 7043 0.5000
74 0.9993 7043 0.5000
74 1.0000 9389 -1.5000
74 1.0000 9772 -1.5000
74 1.0000 10155 -1.5000
74 1.0000 10538 -1.5000
74 1.0000 10921 -1.5000
74 0.5000 12153 1.0000
74 0.0007 10613 -0.5000
74 0.8326 10996 -0.5000
74 0.5000 12261 1.0000
74 0.4524 10998 -0.5000
74 0.5000 12257 1.0000
74 0.0900 11000 -0.5000
74 0.4814 12261 1.0000
74 0.1905 12265 1.0000
75 1.0000 6764 0.5000
75 1.0000 6858 0.5000
75 1.0000 6952 0.5000
75 1.0000 7048 0.5000
75 1.0000 7142 0.5000
75 1.0000 7234 0.5000
75 1.0000 7326 0.5000
75 1.0000 7420 0.5000
75 1.0000 7516 0.5000
75 1.0000 7612 0.5000
75 1.0000 7708 0.5000
75 1.0000 7804 0.5000
75 1.0000 7898 0.5000
75 1.0000 7992 0.5000
75 1.0000 8088 0.5000
75 1.0000 8180 0.5000
75 1.0000 8272 0.5000
75 0.8326 8368 0.5000
75 0.4524 8462 0.5000
75 0.0900 8556 0.5000
76 0.1674 8368 0.5000
76 0.5476 8462 0.5000
76 0.9100 8556 0.5000
76 1.0000 8652 0.5000
77 0.5000 8747 0.5000
78 1.0000 8744 0.5000
78 1.0000 8745 0.5000
78 1.0000 8746 0.5000
78 0.5000 8747 0.5000
79 1.0000 6664 0.5000
79 1.0000 6664 0.5000
79 1.0000 9380 -0.5000
79 1.0000 9763 -0.5000
79 1.0000 10146 -0.5000
79 0.9375 11292 -0.5000
79 0.5000 11675 0.0000
79 0.0625 12146 1.0000
79 1.0000 6665 0.5000
79 1.0000 6665 0.5000
79 1.0000 9380 -0.5000
79 0.9375 10527 -0.5000
79 0.5000 10910 -0.5000
79 0.0625 11293 -0.5000
79 1.0000 6666 0.5000
79 0.9375 6666 0.5000
79 0.5000 10145 -0.5000
79 0.0625 10528 -0.5000
79 0.5000 6667 0.5000
79 0.0625 6667 0.5000
80 0.0625 10525 -0.5000
80 0.5000 10912 -0.5000
80 0.4375 12146 1.0000
80 0.0625 9759 -0.5000
80 0.5000 10142 -0.5000
80 0.9375 10525 -0.5000
80 1.0000 10912 -0.5000
80 0.5000 12145 1.0000
80 0.0625 6666 0.5000
80 0.5000 9377 -0.5000
80 0.9375 9760 -0.5000
80 1.0000 10147 -0.5000
80 1.0000 10530 -0.5000
80 1.0000 10913 -0.5000
80 0.5000 12146 1.0000
80 0.5000 6667 0.5000
80 0.9375 6667 0.5000
80 1.0000 9381 -0.5000
80 1.0000 9764 -0.5000
80 1.0000 10147 -0.5000
80 1.0000 10530 -0.5000
80 1.0000 10913 -0.5000
80 0.5000 12147 1.0000
83 0.0355 437  0.5000
83 0.5909 529  0.5000
83 0.9986 621  0.5000
83 1.0000 715  0.5000
83 1.0000 805  0.5000
83 1.0000 897  0.5000
83 1.0000 993  0.5000
83 1.0000 1087 0.5000
83 1.0000 1177 0.5000
83 1.0000 1269 0.5000
83 1.0000 1365 0.5000
84 0.9645 437  0.5000
84 0.4091 529  0.5000
84 0.0014 621  0.5000
85 1.0000 449  0.5000
85 1.0000 541  0.5000
85 1.0000 631  0.5000
85 1.0000 725  0.5000
85 1.0000 817  0.5000
85 1.0000 909  0.5000
85 1.0000 1005 0.5000
85 1.0000 1097 0.5000
85 0.9986 1187 0.5000
85 0.5909 1281 0.5000
85 0.0355 1377 0.5000
86 0.0014 1187 0.5000
86 0.4091 1281 0.5000
86 0.9645 1377 0.5000
87 0.0014 1470 0.5000
87 0.4091 1471 0.5000
87 0.9645 1472 0.5000
88 1.0000 1462 0.5000
88 1.0000 1463 0.5000
88 1.0000 1464 0.5000
88 1.0000 1465 0.5000
88 1.0000 1466 0.5000
88 1.0000 1467 0.5000
88 1.0000 1468 0.5000
88 1.0000 1469 0.5000
88 0.9986 1470 0.5000
88 0.5909 1471 0.5000
88 0.0355 1472 0.5000
89 1.0000 342  0.5000
89 1.0000 343  0.5000
89 1.0000 344  0.5000
89 1.0000 345  0.5000
89 1.0000 346  0.5000
89 1.0000 347  0.5000
89 1.0000 348  0.5000
89 1.0000 349  0.5000
89 0.9986 350  0.5000
89 0.5909 351  0.5000
89 0.0355 352  0.5000
90 0.0014 350  0.5000
90 0.4091 351  0.5000
90 0.9645 352  0.5000
93 0.1701 4781 0.5000
93 0.6111 4875 0.5000
93 0.9688 4967 0.5000
93 0.0868 4967 0.5000
93 1.0000 5061 0.5000
93 1.0000 5155 0.5000
93 1.0000 5249 0.5000
93 1.0000 5345 0.5000
93 1.0000 5441 0.5000
93 1.0000 5537 0.5000
93 1.0000 5633 0.5000
93 1.0000 5729 0.5000
93 1.0000 5823 0.5000
93 1.0000 5915 0.5000
93 1.0000 6009 0.5000
93 1.0000 6105 0.5000
93 1.0000 6199 0.5000
93 1.0000 6293 0.5000
94 1.0000 4685 0.5000
94 1.0000 4685 0.5000
94 1.0000 9305 -0.5000
94 1.0000 9688 -0.5000
94 1.0000 10071 -0.5000
94 1.0000 10454 -0.5000
94 1.0000 10837 -0.5000
94 0.5000 12053 1.0000
94 0.8299 4781 0.5000
94 1.0000 4781 0.5000
94 1.0000 9305 -0.5000
94 1.0000 9688 -0.5000
94 1.0000 10071 -0.5000
94 1.0000 10454 -0.5000
94 1.0000 10837 -0.5000
94 0.5000 12049 1.0000
94 0.3889 4875 0.5000
94 1.0000 4875 0.5000
94 1.0000 9319 -1.5000
94 1.0000 9702 -1.5000
94 1.0000 10085 -1.5000
94 1.0000 10468 -1.5000
94 1.0000 10851 -1.5000
94 0.5000 12053 1.0000
94 0.0313 4967 0.5000
94 0.9132 4967 0.5000
94 1.0000 9319 -1.5000
94 1.0000 9702 -1.5000
94 1.0000 10085 -1.5000
94 1.0000 10468 -1.5000
94 1.0000 10851 -1.5000
94 0.5000 12061 1.0000
95 1.0000 4691 0.5000
95 1.0000 4785 0.5000
95 1.0000 4879 0.5000
95 1.0000 4973 0.5000
95 1.0000 5067 0.5000
95 1.0000 5161 0.5000
95 1.0000 5255 0.5000
95 1.0000 5351 0.5000
95 1.0000 5447 0.5000
95 1.0000 5543 0.5000
95 1.0000 5639 0.5000
95 1.0000 5735 0.5000
95 1.0000 5829 0.5000
95 1.0000 5921 0.5000
95 0.9688 6015 0.5000
95 0.6111 6109 0.5000
95 0.1701 6203 0.5000
96 0.0313 6015 0.5000
96 0.3889 6109 0.5000
96 0.8299 6203 0.5000
96 1.0000 6299 0.5000
97 0.6250 6394 0.5000
98 1.0000 6390 0.5000
98 1.0000 6391 0.5000
98 1.0000 6392 0.5000
98 1.0000 6393 0.5000
98 0.3750 6394 0.5000
99 1.0000 4590 0.5000
99 1.0000 4590 0.5000
99 1.0000 9308 -0.5000
99 1.0000 9691 -0.5000
99 1.0000 10074 -0.5000
99 0.9969 10457 -0.5000
99 0.6250 11603 0.0000
99 0.0781 12050 1.0000
99 1.0000 4591 0.5000
99 1.0000 4591 0.5000
99 1.0000 9308 -0.5000
99 1.0000 9691 -0.5000
99 0.8469 10838 -0.5000
99 0.2531 11221 -0.5000
99 1.0000 4592 0.5000
99 1.0000 4592 0.5000
99 0.9719 10075 -1.5000
99 0.5000 10456 -0.5000
99 0.0281 10839 -0.5000
99 1.0000 4593 0.5000
99 0.7469 4593 0.5000
99 0.1531 10073 -0.5000
99 0.3750 4594 0.5000
100 0.0031 10453 -0.5000
100 0.3750 10840 -0.5000
100 0.4219 12050 1.0000
100 0.1531 10070 -0.5000
100 0.7469 10453 -0.5000
100 1.0000 10840 -0.5000
100 0.5000 12049 1.0000
100 0.0281 9305 -0.5000
100 0.5000 9688 -0.5000
100 0.9719 10071 -0.5000
100 1.0000 10458 -1.5000
100 1.0000 10841 -1.5000
100 0.5000 12050 1.0000
100 0.2531 4593 0.5000
100 0.8469 9306 -0.5000
100 1.0000 9692 -1.5000
100 1.0000 10075 -1.5000
100 1.0000 10458 -1.5000
100 1.0000 10841 -1.5000
100 0.5000 12051 1.0000
100 0.6250 4594 0.5000
103 0.0900 6867 0.5000
103 0.4524 6961 0.5000
103 0.8326 7057 0.5000
103 1.0000 7151 0.5000
103 1.0000 7243 0.5000
103 1.0000 7335 0.5000
103 1.0000 7429 0.5000
103 1.0000 7525 0.5000
103 1.0000 7621 0.5000
103 1.0000 7717 0.5000
103 1.0000 7813 0.5000
103 1.0000 7907 0.5000
103 1.0000 8001 0.5000
103 1.0000 8097 0.5000
103 1.0000 8189 0.5000
103 1.0000 8281 0.5000
103 1.0000 8377 0.5000
103 1.0000 8471 0.5000
103 1.0000 8565 0.5000
103 1.0000 8661 0.5000
104 1.0000 6773 0.5000
104 0.9100 6867 0.5000
104 0.5476 6961 0.5000
104 0.1674 7057 0.5000
105 1.0000 6792 0.5000
105 1.0000 6886 0.5000
105 1.0000 6980 0.5000
105 1.0000 7076 0.5000
105 1.0000 7170 0.5000
105 1.0000 7260 0.5000
105 1.0000 7352 0.5000
105 1.0000 7448 0.5000
105 1.0000 7544 0.5000
105 1.0000 7640 0.5000
105 1.0000 7736 0.5000
105 1.0000 7832 0.5000
105 1.0000 7926 0.5000
105 1.0000 8020 0.5000
105 1.0000 8114 0.5000
105 1.0000 8206 0.5000
105 1.0000 8300 0.5000
105 0.8326 8396 0.5000
105 0.4524 8490 0.5000
105 0.0900 8584 0.5000
106 0.1674 8396 0.5000
106 0.5476 8490 0.5000
106 0.9100 8584 0.5000
106 1.0000 8680 0.5000
107 0.0313 8772 0.5000
107 0.3889 8773 0.5000
107 0.8299 8774 0.5000
107 1.0000 8775 0.5000
108 1.0000 8758 0.5000
108 1.0000 8759 0.5000
108 1.0000 8760 0.5000
108 1.0000 8761 0.5000
108 1.0000 8762 0.5000
108 1.0000 8763 0.5000
108 1.0000 8764 0.5000
108 1.0000 8765 0.5000
108 1.0000 8766 0.5000
108 1.0000 8767 0.5000
108 1.0000 8768 0.5000
108 1.0000 8769 0.5000
108 1.0000 8770 0.5000
108 1.0000 8771 0.5000
108 0.9688 8772 0.5000
108 0.6111 8773 0.5000
108 0.1701 8774 0.5000
109 1.0000 6678 0.5000
109 1.0000 6679 0.5000
109 1.0000 6680 0.5000
109 1.0000 6681 0.5000
109 1.0000 6682 0.5000
109 1.0000 6683 0.5000
109 1.0000 6684 0.5000
109 1.0000 6685 0.5000
109 1.0000 6686 0.5000
109 1.0000 6687 0.5000
109 1.0000 6688 0.5000
109 1.0000 6689 0.5000
109 1.0000 6690 0.5000
109 1.0000 6691 0.5000
109 0.9688 6692 0.5000
109 0.6111 6693 0.5000
109 0.1701 6694 0.5000
110 0.0313 6692 0.5000
110 0.3889 6693 0.5000
110 0.8299 6694 0.5000
110 1.0000 6695 0.5000
113 0.0355 459  0.5000
113 0.5909 551  0.5000
113 0.9986 641  0.5000
113 1.0000 735  0.5000
113 1.0000 827  0.5000
113 1.0000 919  0.5000
113 1.0000 1015 0.5000
113 1.0000 1107 0.5000
113 1.0000 1197 0.5000
113 1.0000 1291 0.5000
113 1.0000 1387 0.5000
114 0.9645 459  0.5000
114 0.4091 551  0.5000
114 0.0014 641  0.5000
115 1.0000 475  0.5000
115 1.0000 567  0.5000
115 1.0000 657  0.5000
115 1.0000 749  0.5000
115 1.0000 841  0.5000
115 1.0000 935  0.5000
115 1.0000 1029 0.5000
115 1.0000 1121 0.5000
115 0.9986 1213 0.5000
115 0.5909 1307 0.5000
115 0.0355 1403 0.5000
116 0.0014 1213 0.5000
116 0.4091 1307 0.5000
116 0.9645 1403 0.5000
117 0.1760 1496 0.5000
117 0.7000 1497 0.5000
117 0.9990 1498 0.5000
118 1.0000 1484 0.5000
118 1.0000 1485 0.5000
118 1.0000 1486 0.5000
118 1.0000 1487 0.5000
118 1.0000 1488 0.5000
118 1.0000 1489 0.5000
118 1.0000 1490 0.5000
118 1.0000 1491 0.5000
118 1.0000 1492 0.5000
118 1.0000 1493 0.5000
118 1.0000 1494 0.5000
118 1.0000 1495 0.5000
118 0.8240 1496 0.5000
118 0.3000 1497 0.5000
118 0.0010 1498 0.5000
119 1.0000 364  0.5000
119 1.0000 365  0.5000
119 1.0000 366  0.5000
119 1.0000 367  0.5000
119 1.0000 368  0.5000
119 1.0000 369  0.5000
119 1.0000 370  0.5000
119 1.0000 371  0.5000
119 1.0000 372  0.5000
119 1.0000 373  0.5000
119 1.0000 374  0.5000
119 1.0000 375  0.5000
119 0.8240 376  0.5000
119 0.3000 377  0.5000
119 0.0010 378  0.5000
120 0.1760 376  0.5000
120 0.7000 377  0.5000
120 0.9990 378  0.5000
123 0.1701 1961 0.5000
123 0.6111 2055 0.5000
123 0.9688 2149 0.5000
123 1.0000 2243 0.5000
123 1.0000 2337 0.5000
123 1.0000 2431 0.5000
123 1.0000 2525 0.5000
123 1.0000 2619 0.5000
123 1.0000 2715 0.5000
123 1.0000 2811 0.5000
123 1.0000 2907 0.5000
123 1.0000 3003 0.5000
123 1.0000 3097 0.5000
123 1.0000 3191 0.5000
123 1.0000 3285 0.5000
123 1.0000 3379 0.5000
123 1.0000 3475 0.5000
124 1.0000 1867 0.5000
124 0.8299 1961 0.5000
124 0.3889 2055 0.5000
124 0.0313 2149 0.5000
125 1.0000 1885 0.5000
125 1.0000 1979 0.5000
125 1.0000 2073 0.5000
125 1.0000 2167 0.5000
125 1.0000 2259 0.5000
125 1.0000 2353 0.5000
125 1.0000 2449 0.5000
125 1.0000 2543 0.5000
125 1.0000 2637 0.5000
125 1.0000 2733 0.5000
125 1.0000 2829 0.5000
125 1.0000 2925 0.5000
125 1.0000 3019 0.5000
125 1.0000 3113 0.5000
125 0.9688 3209 0.5000
125 0.6111 3303 0.5000
125 0.1701 3397 0.5000
126 0.0313 3209 0.5000
126 0.3889 3303 0.5000
126 0.8299 3397 0.5000
126 1.0000 3493 0.5000
127 0.0083 3585 0.5000
127 0.3235 3586 0.5000
127 0.7932 3587 0.5000
127 1.0000 3588 0.5000
128 1.0000 3572 0.5000
128 1.0000 3573 0.5000
128 1.0000 3574 0.5000
128 1.0000 3575 0.5000
128 1.0000 3576 0.5000
128 1.0000 3577 0.5000
128 1.0000 3578 0.5000
128 1.0000 3579 0.5000
128 1.0000 3580 0.5000
128 1.0000 3581 0.5000
128 1.0000 3582 0.5000
128 1.0000 3583 0.5000
128 1.0000 3584 0.5000
128 0.9917 3585 0.5000
128 0.6765 3586 0.5000
128 0.2068 3587 0.5000
129 1.0000 1772 0.5000
129 1.0000 1773 0.5000
129 1.0000 1774 0.5000
129 1.0000 1775 0.5000
129 1.0000 1776 0.5000
129 1.0000 1777 0.5000
129 1.0000 1778 0.5000
129 1.0000 1779 0.5000
129 1.0000 1780 0.5000
129 1.0000 1781 0.5000
129 1.0000 1782 0.5000
129 1.0000 1783 0.5000
129 1.0000 1784 0.5000
129 0.9917 1785 0.5000
129 0.6765 1786 0.5000
129 0.2068 1787 0.5000
130 0.0083 1785 0.5000
130 0.3235 1786 0.5000
130 0.7932 1787 0.5000
130 1.0000 1788 0.5000
133 0.5000 3955 0.5000
133 0.0625 3955 0.5000
133 1.0000 4047 0.5000
133 0.9375 4047 0.5000
133 0.5000 10030 -0.5000
133 0.0625 10413 -0.5000
133 1.0000 4135 0.5000
133 1.0000 4135 0.5000
133 1.0000 9297 -0.5000
133 0.9375 10425 -0.5000
133 0.5000 10808 -0.5000
133 0.0625 11191 -0.5000
133 1.0000 4227 0.5000
133 1.0000 4227 0.5000
133 1.0000 9297 -0.5000
133 1.0000 9680 -0.5000
133 1.0000 10063 -0.5000
133 0.9375 11199 -0.5000
133 0.5000 11582 0.0000
133 0.0625 12025 1.0000
134 0.5000 3955 0.5000
134 0.9375 3955 0.5000
134 1.0000 9265 -0.5000
134 1.0000 9648 -0.5000
134 1.0000 10031 -0.5000
134 1.0000 10414 -0.5000
134 1.0000 10797 -0.5000
134 0.5000 12009 1.0000
134 0.0625 4047 0.5000
134 0.5000 9284 -0.5000
134 0.9375 9667 -0.5000
134 1.0000 10031 -0.5000
134 1.0000 10414 -0.5000
134 1.0000 10797 -0.5000
134 0.5000 11993 1.0000
134 0.0625 9679 -0.5000
134 0.5000 10062 -0.5000
134 0.9375 10445 -0.5000
134 1.0000 10829 -0.5000
134 0.5000 12009 1.0000
134 0.0625 10445 -0.5000
134 0.5000 10829 -0.5000
134 0.4375 12025 1.0000
135 1.0000 3973 0.5000
135 1.0000 4061 0.5000
135 1.0000 4149 0.5000
135 0.5000 4245 0.5000
136 0.5000 4245 0.5000
137 0.0083 4337 0.5000
137 0.3235 4338 0.5000
137 0.7932 4339 0.5000
137 1.0000 4340 0.5000
138 1.0000 4324 0.5000
138 1.0000 4325 0.5000
138 1.0000 4326 0.5000
138 1.0000 4327 0.5000
138 1.0000 4328 0.5000
138 1.0000 4329 0.5000
138 1.0000 4330 0.5000
138 1.0000 4331 0.5000
138 1.0000 4332 0.5000
138 1.0000 4333 0.5000
138 1.0000 4334 0.5000
138 1.0000 4335 0.5000
138 1.0000 4336 0.5000
138 0.9917 4337 0.5000
138 0.6765 4338 0.5000
138 0.2068 4339 0.5000
139 1.0000 3860 0.5000
139 1.0000 3860 0.5000
139 1.0000 9276 -0.5000
139 1.0000 9659 -0.5000
139 1.0000 10042 -0.5000
139 1.0000 10425 -0.5000
139 1.0000 10808 -0.5000
139 0.2647 11994 1.0000
139 1.0000 3861 0.5000
139 1.0000 3861 0.5000
139 1.0000 9276 -0.5000
139 1.0000 9659 -0.5000
139 1.0000 10042 -0.5000
139 1.0000 10425 -0.5000
139 0.7932 11564 0.0000
139 0.0009 11995 1.0000
139 1.0000 3862 0.5000
139 1.0000 3862 0.5000
139 1.0000 9277 -1.5000
139 1.0000 9660 -1.5000
139 1.0000 10043 -1.5000
139 1.0000 10426 -1.5000
139 0.3235 11565 0.0000
139 1.0000 3863 0.5000
139 1.0000 3863 0.5000
139 1.0000 9277 -1.5000
139 1.0000 9660 -1.5000
139 1.0000 10043 -1.5000
139 0.8447 11192 -1.0000
139 0.0083 11565 0.0000
139 1.0000 3864 0.5000
139 1.0000 3865 0.5000
139 1.0000 3866 0.5000
139 1.0000 3867 0.5000
139 1.0000 3868 0.5000
139 1.0000 3869 0.5000
139 1.0000 3870 0.5000
139 1.0000 3871 0.5000
139 1.0000 3872 0.5000
139 0.9917 3873 0.5000
139 0.1553 3873 0.5000
139 0.6765 3874 0.5000
139 0.2068 3875 0.5000
140 0.2353 11994 1.0000
140 0.2068 10796 -0.5000
140 0.4991 11993 1.0000
140 0.6765 10797 -0.5000
140 0.5000 11994 1.0000
140 0.1553 10415 -0.5000
140 0.9917 10798 -0.5000
140 0.5000 11995 1.0000
140 0.0083 3873 0.5000
140 0.8447 3873 0.5000
140 1.0000 9278 -1.5000
140 1.0000 9661 -1.5000
140 1.0000 10044 -1.5000
140 1.0000 10427 -1.5000
140 1.0000 10810 -1.5000
140 0.5000 11998 1.0000
140 0.3235 3874 0.5000
140 1.0000 3874 0.5000
140 1.0000 9278 -1.5000
140 1.0000 9661 -1.5000
140 1.0000 10044 -1.5000
140 1.0000 10427 -1.5000
140 1.0000 10810 -1.5000
140 0.5000 11997 1.0000
140 0.7932 3875 0.5000
140 1.0000 3875 0.5000
140 1.0000 9279 -0.5000
140 1.0000 9662 -0.5000
140 1.0000 10045 -0.5000
140 1.0000 10428 -0.5000
140 1.0000 10811 -0.5000
140 0.5000 11998 1.0000
140 1.0000 3876 0.5000
140 1.0000 3876 0.5000
140 1.0000 9279 -0.5000
140 1.0000 9662 -0.5000
140 1.0000 10045 -0.5000
140 1.0000 10428 -0.5000
140 1.0000 10811 -0.5000
140 0.5000 11999 1.0000
143 0.2068 4801 0.5000
143 0.6765 4895 0.5000
143 0.9917 4989 0.5000
143 1.0000 5083 0.5000
143 1.0000 5177 0.5000
143 1.0000 5271 0.5000
143 1.0000 5367 0.5000
143 1.0000 5463 0.5000
143 1.0000 5559 0.5000
143 1.0000 5655 0.5000
143 1.0000 5751 0.5000
143 1.0000 5845 0.5000
143 1.0000 5937 0.5000
143 1.0000 6031 0.5000
143 1.0000 6125 0.5000
143 1.0000 6219 0.5000
144 1.0000 4707 0.5000
144 0.7932 4801 0.5000
144 0.3235 4895 0.5000
144 0.0083 4989 0.5000
145 1.0000 4725 0.5000
145 1.0000 4819 0.5000
145 1.0000 4913 0.5000
145 1.0000 5007 0.5000
145 1.0000 5099 0.5000
145 1.0000 5193 0.5000
145 1.0000 5289 0.5000
145 1.0000 5385 0.5000
145 1.0000 5481 0.5000
145 1.0000 5577 0.5000
145 1.0000 5673 0.5000
145 1.0000 5767 0.5000
145 1.0000 5861 0.5000
145 0.9917 5955 0.5000
145 0.6765 6049 0.5000
145 0.2068 6143 0.5000
146 0.0083 5955 0.5000
146 0.3235 6049 0.5000
146 0.7932 6143 0.5000
146 1.0000 6237 0.5000
147 0.0083 6329 0.5000
147 0.3235 6330 0.5000
147 0.7932 6331 0.5000
147 1.0000 6332 0.5000
148 1.0000 6316 0.5000
148 1.0000 6317 0.5000
148 1.0000 6318 0.5000
148 1.0000 6319 0.5000
148 1.0000 6320 0.5000
148 1.0000 6321 0.5000
148 1.0000 6322 0.5000
148 1.0000 6323 0.5000
148 1.0000 6324 0.5000
148 1.0000 6325 0.5000
148 1.0000 6326 0.5000
148 1.0000 6327 0.5000
148 1.0000 6328 0.5000
148 0.9917 6329 0.5000
148 0.6765 6330 0.5000
148 0.2068 6331 0.5000
149 1.0000 4612 0.5000
149 1.0000 4613 0.5000
149 1.0000 4614 0.5000
149 1.0000 4615 0.5000
149 1.0000 4616 0.5000
149 1.0000 4617 0.5000
149 1.0000 4618 0.5000
149 1.0000 4619 0.5000
149 1.0000 4620 0.5000
149 1.0000 4621 0.5000
149 1.0000 4622 0.5000
149 1.0000 4623 0.5000
149 1.0000 4624 0.5000
149 0.9917 4625 0.5000
149 0.6765 4626 0.5000
149 0.2068 4627 0.5000
150 0.0083 4625 0.5000
150 0.3235 4626 0.5000
150 0.7932 4627 0.5000
150 1.0000 4628 0.5000
153 0.2068 6889 0.5000
153 0.6765 6983 0.5000
153 0.9917 7079 0.5000
153 1.0000 7173 0.5000
153 1.0000 7263 0.5000
153 1.0000 7355 0.5000
153 1.0000 7451 0.5000
153 1.0000 7547 0.5000
153 1.0000 7643 0.5000
153 1.0000 7739 0.5000
153 1.0000 7835 0.5000
153 1.0000 7929 0.5000
153 1.0000 8023 0.5000
153 1.0000 8117 0.5000
153 1.0000 8209 0.5000
153 1.0000 8303 0.5000
154 1.0000 6795 0.5000
154 0.7932 6889 0.5000
154 0.3235 6983 0.5000
154 0.0083 7079 0.5000
155 1.0000 6813 0.5000
155 1.0000 6907 0.5000
155 1.0000 7001 0.5000
155 1.0000 7097 0.5000
155 1.0000 7189 0.5000
155 1.0000 7279 0.5000
155 1.0000 7373 0.5000
155 1.0000 7469 0.5000
155 1.0000 7565 0.5000
155 1.0000 7661 0.5000
155 1.0000 7757 0.5000
155 1.0000 7851 0.5000
155 1.0000 7945 0.5000
155 0.9917 8041 0.5000
155 0.6765 8135 0.5000
155 0.2068 8227 0.5000
156 0.0083 8041 0.5000
156 0.3235 8135 0.5000
156 0.7932 8227 0.5000
156 1.0000 8321 0.5000
157 0.0083 8413 0.5000
157 0.3235 8414 0.5000
157 0.7932 8415 0.5000
157 1.0000 8416 0.5000
158 1.0000 8400 0.5000
158 1.0000 8401 0.5000
158 1.0000 8402 0.5000
158 1.0000 8403 0.5000
158 1.0000 8404 0.5000
158 1.0000 8405 0.5000
158 1.0000 8406 0.5000
158 1.0000 8407 0.5000
158 1.0000 8408 0.5000
158 1.0000 8409 0.5000
158 1.0000 8410 0.5000
158 1.0000 8411 0.5000
158 1.0000 8412 0.5000
158 0.9917 8413 0.5000
158 0.6765 8414 0.5000
158 0.2068 8415 0.5000
159 1.0000 6700 0.5000
159 1.0000 6701 0.5000
159 1.0000 6702 0.5000
159 1.0000 6703 0.5000
159 1.0000 6704 0.5000
159 1.0000 6705 0.5000
159 1.0000 6706 0.5000
159 1.0000 6707 0.5000
159 1.0000 6708 0.5000
159 1.0000 6709 0.5000
159 1.0000 6710 0.5000
159 1.0000 6711 0.5000
159 1.0000 6712 0.5000
159 0.9917 6713 0.5000
159 0.6765 6714 0.5000
159 0.2068 6715 0.5000
160 0.0083 6713 0.5000
160 0.3235 6714 0.5000
160 0.7932 6715 0.5000
160 1.0000 6716 0.5000
