# facet, area, fluid boundary point, boundary intercept
1  1.0000 14831 0.5000
1  1.0000 14848 0.5000
1  1.0000 14862 0.5000
1  1.0000 14881 0.5000
1  1.0000 14832 0.5000
1  1.0000 14849 0.5000
1  1.0000 14863 0.5000
1  1.0000 14882 0.5000
1  1.0000 14833 0.5000
1  1.0000 14850 0.5000
1  1.0000 14864 0.5000
1  0.8750 14883 0.5000
1  0.5000 14817 0.5000
1  1.0000 14834 0.5000
1  1.0000 14851 0.5000
1  0.8750 14865 0.5000
1  0.1250 14884 0.6124
1  0.5000 14818 0.5000
1  1.0000 14835 0.5000
1  0.1250 14866 0.6124
1  0.5000 14819 0.5000
1  0.8750 14836 0.5000
1  0.3750 14820 0.5000
1  0.1250 14837 0.6124
2  0.1250 14883 0.6124
2  0.1250 14865 0.6124
2  0.8750 14884 0.5000
2  1.0000 14896 0.5000
2  1.0000 14908 0.5000
2  0.5000 14920 0.5000
2  0.8750 14866 0.5000
2  1.0000 14885 0.5000
2  1.0000 14897 0.5000
2  1.0000 14909 0.5000
2  0.5000 14921 0.5000
2  0.1250 14836 0.6124
2  1.0000 14867 0.5000
2  1.0000 14886 0.5000
2  1.0000 14898 0.5000
2  1.0000 14910 0.5000
2  0.5000 14922 0.5000
2  0.1250 14820 0.6124
2  0.8750 14837 0.5000
2  1.0000 14868 0.5000
2  1.0000 14887 0.5000
2  1.0000 14899 0.5000
2  1.0000 14911 0.5000
2  0.5000 14923 0.5000
3  0.1429 388  0.5987
3  0.9196 470  0.5000
3  0.2232 470  0.7071
3  1.0000 564  0.5000
3  0.9643 564  0.7071
3  0.3214 10695 1.6307
3  1.0000 656  0.5000
3  1.0000 656  0.7071
3  0.9911 9066 1.6583
3  0.4375 11560 1.5415
3  1.0000 746  0.5000
3  1.0000 746  0.7071
3  1.0000 9066 1.5811
3  1.0000 11572 1.5000
3  0.5625 12414 1.4528
3  0.0089 13258 2.0837
3  1.0000 836  0.5000
3  1.0000 930  0.5000
3  1.0000 930  0.7071
3  1.0000 9085 1.5811
3  1.0000 9925 1.5811
3  1.0000 10765 1.5811
3  1.0000 13306 1.6583
3  0.7768 13306 1.5811
3  0.5000 1026 0.5000
3  0.5000 1026 0.7071
3  0.5000 9106 1.2247
3  0.5000 9946 1.2247
3  0.5000 10786 1.2247
3  0.5000 11626 1.2247
3  0.5000 12469 1.2247
4  0.3571 388  0.5000
4  0.5000 388  0.7071
4  0.5000 8975 1.2247
4  0.5000 9815 1.2247
4  0.5000 10655 1.2247
4  0.5000 11495 1.2247
4  0.5000 12335 1.2247
4  0.0804 470  0.6551
4  0.7768 470  0.7181
4  1.0000 9016 1.5811
4  1.0000 9856 1.5811
4  1.0000 10696 1.5811
4  1.0000 13206 1.6583
4  1.0000 13206 1.5811
4  1.0000 13206 1.6583
4  0.0357 564  1.4052
4  0.6786 9052 1.3649
4  1.0000 9856 1.6583
4  1.0000 10696 1.6583
4  1.0000 11536 1.6583
4  1.0000 12378 1.6583
4  1.0000 13223 1.6583
4  0.0089 9065 2.0837
4  0.5625 9905 1.4528
4  1.0000 10746 1.6583
4  1.0000 11586 1.6583
4  1.0000 12428 1.6583
4  1.0000 13272 1.6583
4  0.4375 10746 1.6583
4  0.9911 11586 1.5811
4  1.0000 12428 1.5811
4  1.0000 14863 1.6583
4  0.2232 12461 1.7205
5  0.5000 392  0.5000
5  1.0000 478  0.5000
5  1.0000 570  0.5000
5  1.0000 662  0.5000
5  1.0000 752  0.5000
5  1.0000 842  0.5000
5  0.9196 938  0.5000
5  0.1429 1030 0.5987
6  0.0804 938  0.6551
6  0.3571 1030 0.5000
11 1.0000 15026 0.5000
11 1.0000 15034 0.5000
11 1.0000 15042 0.5000
11 1.0000 15050 0.5000
11 1.0000 15027 0.5000
11 1.0000 15035 0.5000
11 1.0000 15043 0.5000
11 1.0000 15051 0.5000
11 1.0000 15028 0.5000
11 1.0000 15036 0.5000
11 1.0000 15044 0.5000
11 1.0000 15052 0.5000
11 1.0000 15029 0.5000
11 1.0000 15037 0.5000
11 1.0000 15045 0.5000
11 1.0000 15053 0.5000
11 0.5000 15002 0.5000
11 1.0000 15014 0.5000
11 0.5000 15003 0.5000
11 1.0000 15015 0.5000
11 0.5000 15004 0.5000
11 1.0000 15016 0.5000
11 0.5000 15005 0.5000
11 0.8750 15017 0.5000
12 1.0000 15062 0.5000
12 1.0000 15070 0.5000
12 1.0000 15074 0.5000
12 1.0000 15078 0.5000
12 1.0000 15063 0.5000
12 1.0000 15071 0.5000
12 1.0000 15075 0.5000
12 1.0000 15079 0.5000
12 1.0000 15082 0.5000
12 0.5000 15090 0.5000
12 1.0000 15064 0.5000
12 1.0000 15072 0.5000
12 1.0000 15076 0.5000
12 1.0000 15080 0.5000
12 1.0000 15083 0.5000
12 0.5000 15091 0.5000
12 1.0000 15065 0.5000
12 1.0000 15073 0.5000
12 1.0000 15077 0.5000
12 1.0000 15081 0.5000
12 1.0000 15084 0.5000
12 0.5000 15092 0.5000
12 0.1250 15017 0.6124
12 1.0000 15085 0.5000
12 0.5000 15093 0.5000
13 0.0833 1768 0.6504
13 0.6667 1854 0.5000
13 1.0000 1948 0.5000
13 1.0000 2042 0.5000
13 1.0000 2136 0.5000
13 1.0000 2230 0.5000
13 1.0000 2324 0.5000
13 1.0000 2418 0.5000
13 1.0000 2514 0.5000
13 1.0000 2608 0.5000
13 1.0000 2702 0.5000
13 1.0000 2798 0.5000
13 0.5000 2894 0.5000
14 0.4167 1768 0.5000
14 0.3333 1854 0.5189
15 0.5000 1777 0.5000
15 1.0000 1867 0.5000
15 1.0000 1961 0.5000
15 1.0000 2053 0.5000
15 1.0000 2147 0.5000
15 1.0000 2243 0.5000
15 1.0000 2337 0.5000
15 1.0000 2431 0.5000
15 1.0000 2525 0.5000
15 1.0000 2619 0.5000
15 1.0000 2715 0.5000
15 0.6667 2811 0.5000
15 0.0833 2903 0.6504
16 0.3333 2811 0.5189
16 0.4167 2903 0.5000
21 0.5000 15150 0.5000
21 1.0000 15166 0.5000
21 1.0000 15184 0.5000
21 1.0000 15200 0.5000
21 0.5000 15151 0.5000
21 1.0000 15167 0.5000
21 1.0000 15185 0.5000
21 1.0000 15201 0.5000
21 0.5000 15152 0.5000
21 1.0000 15168 0.5000
21 1.0000 15186 0.5000
21 1.0000 15202 0.5000
21 0.5000 15153 0.5000
21 1.0000 15169 0.5000
21 1.0000 15187 0.5000
21 0.9990 15203 0.5000
21 0.5000 15154 0.5000
21 0.0806 15170 0.6504
21 0.4506 15155 0.5000
21 0.0010 15155 0.8004
21 0.3226 15156 0.5000
21 0.1935 15157 0.5000
22 0.0010 15203 0.8004
22 0.9194 15170 0.5000
22 1.0000 15204 0.5000
22 0.5000 15218 0.5000
22 0.0494 15155 0.6713
22 0.9990 15171 0.5000
22 1.0000 15188 0.5000
22 1.0000 15205 0.5000
22 0.5000 15219 0.5000
22 0.1774 15156 0.5936
22 1.0000 15172 0.5000
22 1.0000 15189 0.5000
22 1.0000 15206 0.5000
22 0.5000 15220 0.5000
22 0.3065 15157 0.5356
22 1.0000 15173 0.5000
22 1.0000 15190 0.5000
22 1.0000 15207 0.5000
22 0.5000 15221 0.5000
22 1.0000 15174 0.5000
22 1.0000 15191 0.5000
22 1.0000 15208 0.5000
22 0.5000 15222 0.5000
23 0.2500 3836 0.5477
23 1.0000 3924 0.5000
23 0.7500 3924 0.7071
23 0.2500 11031 1.6432
23 1.0000 4016 0.5000
23 1.0000 4016 0.7071
23 1.0000 11041 1.5000
23 0.7500 11881 1.2247
23 0.2500 12725 1.6432
23 1.0000 4104 0.5000
23 1.0000 4104 0.7071
23 1.0000 9401 1.6583
23 1.0000 10241 1.6583
23 1.0000 12741 1.5000
23 0.7500 13592 1.2247
23 0.2500 14393 1.6432
23 0.5000 4196 0.5000
24 0.2500 3836 0.5000
24 0.5000 3836 0.7071
24 0.5000 9335 1.8708
24 0.5000 10175 1.8708
24 0.5000 11015 1.8708
24 0.5000 11855 1.8708
24 0.5000 12699 1.8708
24 0.5000 13549 1.8708
24 0.2500 3924 0.8660
24 0.7500 9377 1.2247
24 1.0000 10192 1.6583
24 1.0000 11032 1.6583
24 1.0000 11872 1.6583
24 1.0000 12716 1.6583
24 1.0000 13566 1.6583
24 0.2500 10225 1.6432
24 0.7500 11065 1.2247
24 1.0000 11906 1.6583
24 1.0000 12750 1.6583
24 1.0000 13601 1.6583
24 0.2500 11921 2.1679
24 0.7500 12765 1.8708
24 1.0000 13616 1.6583
25 0.5000 3864 0.5000
25 1.0000 3954 0.5000
25 1.0000 4044 0.5000
25 1.0000 4134 0.5000
25 0.2500 4224 0.5477
26 0.2500 4224 0.5000
31 1.0000 15277 0.5000
31 1.0000 15289 0.5000
31 1.0000 15301 0.5000
31 1.0000 15309 0.5000
31 1.0000 15278 0.5000
31 1.0000 15290 0.5000
31 1.0000 15302 0.5000
31 1.0000 15310 0.5000
31 1.0000 15279 0.5000
31 1.0000 15291 0.5000
31 1.0000 15303 0.5000
31 1.0000 15311 0.5000
31 1.0000 15280 0.5000
31 1.0000 15292 0.5000
31 1.0000 15304 0.5000
31 1.0000 15312 0.5000
31 0.5000 15248 0.5000
31 1.0000 15260 0.5000
31 0.5000 15249 0.5000
31 1.0000 15261 0.5000
31 0.5000 15250 0.5000
31 1.0000 15262 0.5000
31 0.5000 15251 0.5000
31 1.0000 15263 0.5000
32 1.0000 15321 0.5000
32 1.0000 15329 0.5000
32 1.0000 15337 0.5000
32 1.0000 15349 0.5000
32 1.0000 15322 0.5000
32 1.0000 15330 0.5000
32 1.0000 15338 0.5000
32 1.0000 15350 0.5000
32 1.0000 15365 0.5000
32 0.5000 15377 0.5000
32 1.0000 15323 0.5000
32 1.0000 15331 0.5000
32 1.0000 15339 0.5000
32 1.0000 15351 0.5000
32 1.0000 15366 0.5000
32 0.5000 15378 0.5000
32 1.0000 15324 0.5000
32 1.0000 15332 0.5000
32 1.0000 15340 0.5000
32 1.0000 15352 0.5000
32 1.0000 15367 0.5000
32 0.5000 15379 0.5000
32 1.0000 15368 0.5000
32 0.5000 15380 0.5000
33 0.0556 4572 0.6773
33 0.4444 4657 0.5026
33 0.8750 4753 0.5000
33 1.0000 4847 0.5000
33 1.0000 4941 0.5000
33 1.0000 5033 0.5000
33 1.0000 5125 0.5000
33 1.0000 5221 0.5000
33 1.0000 5317 0.5000
33 1.0000 5413 0.5000
33 1.0000 5509 0.5000
33 1.0000 5605 0.5000
33 1.0000 5701 0.5000
33 1.0000 5795 0.5000
33 1.0000 5887 0.5000
33 1.0000 5981 0.5000
33 1.0000 6075 0.5000
33 1.0000 6169 0.5000
33 0.5000 6261 0.5000
34 0.4444 4572 0.5000
34 0.5556 4657 0.5000
34 0.1250 4753 0.6134
35 0.5000 4581 0.5000
35 1.0000 4670 0.5000
35 1.0000 4766 0.5000
35 1.0000 4860 0.5000
35 1.0000 4952 0.5000
35 1.0000 5044 0.5000
35 1.0000 5138 0.5000
35 1.0000 5234 0.5000
35 1.0000 5330 0.5000
35 1.0000 5426 0.5000
35 1.0000 5522 0.5000
35 1.0000 5618 0.5000
35 1.0000 5714 0.5000
35 1.0000 5806 0.5000
35 1.0000 5898 0.5000
35 1.0000 5994 0.5000
35 0.8750 6088 0.5000
35 0.4444 6182 0.5026
35 0.0556 6270 0.6773
36 0.1250 6088 0.6134
36 0.5556 6182 0.5000
36 0.4444 6270 0.5000
41 1.0000 15457 0.5000
41 1.0000 15469 0.5000
41 1.0000 15481 0.5000
41 1.0000 15493 0.5000
41 1.0000 15458 0.5000
41 1.0000 15470 0.5000
41 1.0000 15482 0.5000
41 1.0000 15494 0.5000
41 1.0000 15459 0.5000
41 1.0000 15471 0.5000
41 1.0000 15483 0.5000
41 1.0000 15495 0.5000
41 1.0000 15460 0.5000
41 1.0000 15472 0.5000
41 1.0000 15484 0.5000
41 1.0000 15496 0.5000
41 0.5000 15413 0.5000
41 1.0000 15429 0.5000
41 0.5000 15414 0.5000
41 1.0000 15430 0.5000
41 0.5000 15415 0.5000
41 1.0000 15431 0.5000
41 0.5000 15416 0.5000
41 0.9964 15432 0.5000
42 1.0000 15513 0.5000
42 1.0000 15525 0.5000
42 1.0000 15533 0.5000
42 1.0000 15545 0.5000
42 1.0000 15514 0.5000
42 1.0000 15526 0.5000
42 1.0000 15534 0.5000
42 1.0000 15546 0.5000
42 1.0000 15515 0.5000
42 1.0000 15527 0.5000
42 1.0000 15535 0.5000
42 1.0000 15547 0.5000
42 1.0000 15569 0.5000
42 0.5000 15581 0.5000
42 1.0000 15516 0.5000
42 1.0000 15528 0.5000
42 1.0000 15536 0.5000
42 1.0000 15548 0.5000
42 1.0000 15570 0.5000
42 0.5000 15582 0.5000
42 1.0000 15571 0.5000
42 0.5000 15583 0.5000
42 0.0036 15432 0.8124
42 1.0000 15572 0.5000
42 0.5000 15584 0.5000
43 0.0476 6638 0.6843
43 0.3810 6720 0.5122
43 0.7619 6814 0.5000
43 0.9970 6908 0.5000
43 1.0000 7004 0.5000
43 1.0000 7098 0.5000
43 1.0000 7188 0.5000
43 1.0000 7280 0.5000
43 1.0000 7376 0.5000
43 1.0000 7472 0.5000
43 1.0000 7568 0.5000
43 1.0000 7664 0.5000
43 1.0000 7760 0.5000
43 1.0000 7854 0.5000
43 1.0000 7948 0.5000
43 1.0000 8044 0.5000
43 1.0000 8136 0.5000
43 1.0000 8228 0.5000
43 1.0000 8320 0.5000
43 1.0000 8416 0.5000
43 1.0000 8510 0.5000
43 0.5000 8604 0.5000
44 0.4524 6638 0.5000
44 0.6190 6720 0.5000
44 0.2381 6814 0.5567
44 0.0030 6908 0.8004
45 0.5000 6650 0.5000
45 1.0000 6736 0.5000
45 1.0000 6830 0.5000
45 1.0000 6924 0.5000
45 1.0000 7020 0.5000
45 1.0000 7112 0.5000
45 1.0000 7202 0.5000
45 1.0000 7296 0.5000
45 1.0000 7392 0.5000
45 1.0000 7488 0.5000
45 1.0000 7584 0.5000
45 1.0000 7680 0.5000
45 1.0000 7776 0.5000
45 1.0000 7870 0.5000
45 1.0000 7964 0.5000
45 1.0000 8058 0.5000
45 1.0000 8150 0.5000
45 1.0000 8244 0.5000
45 0.9970 8336 0.5000
45 0.7619 8432 0.5000
45 0.3810 8526 0.5122
45 0.0476 8616 0.6843
46 0.0030 8336 0.8004
46 0.2381 8432 0.5567
46 0.6190 8526 0.5000
46 0.4524 8616 0.5000
51 0.5000 15609 0.5000
51 1.0000 15613 0.5000
51 1.0000 15617 0.5000
51 1.0000 15621 0.5000
51 0.9886 15625 0.5000
51 0.7273 15629 0.5000
51 0.3636 15633 0.5162
51 0.0455 15637 0.6862
51 0.5000 15610 0.5000
51 1.0000 15614 0.5000
51 1.0000 15618 0.5000
51 1.0000 15622 0.5000
51 0.1023 15626 0.6307
51 0.5000 15611 0.5000
51 1.0000 15615 0.5000
51 1.0000 15619 0.5000
51 0.8977 15623 0.5000
51 0.4545 15612 0.5000
51 0.6364 15616 0.5000
51 0.2727 15620 0.5437
51 0.0114 15623 0.7500
52 0.0114 15626 0.7500
52 0.2727 15629 0.5437
52 0.6364 15633 0.5000
52 0.4545 15637 0.5000
52 0.8977 15626 0.5000
52 1.0000 15630 0.5000
52 1.0000 15634 0.5000
52 0.5000 15638 0.5000
52 0.1023 15623 0.6307
52 1.0000 15627 0.5000
52 1.0000 15631 0.5000
52 1.0000 15635 0.5000
52 0.5000 15639 0.5000
52 0.0455 15612 0.6862
52 0.3636 15616 0.5162
52 0.7273 15620 0.5000
52 0.9886 15624 0.5000
52 1.0000 15628 0.5000
52 1.0000 15632 0.5000
52 1.0000 15636 0.5000
52 0.5000 15640 0.5000
53 0.1023 419  0.6323
53 0.7866 505  0.5000
53 0.0316 505  0.7412
53 1.0000 597  0.5000
53 0.6351 597  0.7071
53 0.0013 10702 2.1416
53 1.0000 689  0.5000
53 1.0000 689  0.7071
53 0.4545 10722 1.5266
53 1.0000 779  0.5000
53 1.0000 869  0.5000
53 1.0000 965  0.5000
53 1.0000 1057 0.5000
53 1.0000 1149 0.5000
53 1.0000 1149 0.7071
53 1.0000 9114 1.5811
53 1.0000 9954 1.5811
53 1.0000 10794 1.5811
53 1.0000 11634 1.5811
53 0.5455 14162 1.6721
53 1.0000 1241 0.5000
53 1.0000 1241 0.7071
53 1.0000 9114 1.6583
53 1.0000 9954 1.6583
53 1.0000 10794 1.6583
53 1.0000 11634 1.6583
53 0.9987 14162 1.6726
53 0.3649 14936 1.5932
53 1.0000 1335 0.5000
53 1.0000 1335 0.7071
53 1.0000 9121 0.8660
53 1.0000 9961 0.8660
53 1.0000 10801 0.8660
53 1.0000 11641 0.8660
53 1.0000 12484 0.8660
53 0.9684 14948 1.0117
53 0.2134 15629 1.7274
53 0.5000 1429 0.5000
53 0.5000 1429 0.7071
53 0.5000 9159 1.2247
53 0.5000 9999 1.2247
53 0.5000 10839 1.2247
53 0.5000 11679 1.2247
53 0.5000 12523 1.2247
53 0.5000 13368 1.2247
53 0.3977 14201 1.2247
54 0.3977 419  0.5000
54 0.5000 419  0.7071
54 0.5000 8982 1.2247
54 0.5000 9822 1.2247
54 0.5000 10662 1.2247
54 0.5000 11502 1.2247
54 0.5000 12342 1.2247
54 0.5000 13186 1.2247
54 0.5000 14049 1.2247
54 0.2134 505  0.5574
54 0.9684 505  0.7071
54 1.0000 9005 0.8660
54 1.0000 9845 0.8660
54 1.0000 10685 0.8660
54 1.0000 11525 0.8660
54 1.0000 12366 0.8660
54 1.0000 13210 0.8660
54 1.0000 15610 1.6583
54 0.3649 597  1.0144
54 0.9987 9058 1.6726
54 1.0000 9898 1.6583
54 1.0000 10738 1.6583
54 1.0000 11578 1.6583
54 1.0000 12420 1.6583
54 1.0000 13264 1.6583
54 1.0000 14113 1.6583
54 0.5455 9058 1.6721
54 1.0000 9898 1.5811
54 1.0000 10738 1.5811
54 1.0000 11578 1.5811
54 1.0000 12420 1.5811
54 1.0000 13264 1.5811
54 1.0000 15618 1.6583
54 0.4545 12484 1.5266
54 1.0000 13322 1.5811
54 1.0000 15630 1.6583
54 0.0013 12494 2.1416
54 0.6351 13339 1.3944
54 1.0000 14162 1.6583
54 0.0316 13356 1.9985
54 0.7866 14192 1.2640
54 0.1023 14201 1.8625
55 0.5000 422  0.5000
55 1.0000 508  0.5000
55 1.0000 600  0.5000
55 1.0000 694  0.5000
55 1.0000 784  0.5000
55 1.0000 874  0.5000
55 1.0000 970  0.5000
55 1.0000 1062 0.5000
55 1.0000 1154 0.5000
55 1.0000 1244 0.5000
55 0.7866 1338 0.5000
55 0.1023 1432 0.6323
56 0.2134 1338 0.5574
56 0.3977 1432 0.5000
61 0.5000 15006 0.5000
61 1.0000 15018 0.5000
61 1.0000 15030 0.5000
61 1.0000 15038 0.5000
61 0.6667 15110 0.5000
61 0.4444 15114 0.5029
61 0.2222 15118 0.5688
61 0.0278 15126 0.6987
61 0.5000 15007 0.5000
61 1.0000 15019 0.5000
61 1.0000 15031 0.5000
61 1.0000 15039 0.5000
61 0.5000 15008 0.5000
61 1.0000 15020 0.5000
61 1.0000 15032 0.5000
61 1.0000 15040 0.5000
61 0.4722 15009 0.5000
61 0.7778 15021 0.5000
61 0.5556 15033 0.5000
61 0.3333 15041 0.5258
62 0.3333 15110 0.5258
62 0.5556 15114 0.5000
62 0.7778 15118 0.5000
62 0.4722 15126 0.5000
62 1.0000 15111 0.5000
62 1.0000 15115 0.5000
62 1.0000 15119 0.5000
62 0.5000 15127 0.5000
62 1.0000 15112 0.5000
62 1.0000 15116 0.5000
62 1.0000 15120 0.5000
62 0.5000 15128 0.5000
62 0.0278 15009 0.6987
62 0.2222 15021 0.5688
62 0.4444 15033 0.5029
62 0.6667 15041 0.5000
62 1.0000 15113 0.5000
62 1.0000 15117 0.5000
62 1.0000 15121 0.5000
62 0.5000 15129 0.5000
63 0.0556 1799 0.6773
63 0.4444 1889 0.5026
63 0.8750 1983 0.5000
63 0.0139 1983 0.7500
63 1.0000 2075 0.5000
63 0.3333 2075 0.7071
63 1.0000 2169 0.5000
63 1.0000 2265 0.5000
63 1.0000 2359 0.5000
63 1.0000 2453 0.5000
63 1.0000 2547 0.5000
63 1.0000 2641 0.5000
63 1.0000 2737 0.5000
63 1.0000 2833 0.5000
63 1.0000 2925 0.5000
63 1.0000 3019 0.5000
63 1.0000 3113 0.5000
63 1.0000 3209 0.5000
63 1.0000 3209 0.7071
63 1.0000 9302 1.5811
63 1.0000 10142 1.5811
63 1.0000 10982 1.5811
63 1.0000 11822 1.5811
63 0.6667 14318 1.6822
63 1.0000 3305 0.5000
63 1.0000 3305 0.7071
63 1.0000 9302 1.6583
63 1.0000 11822 1.6583
63 1.0000 10982 1.6583
63 1.0000 11822 1.6583
63 0.9861 14318 1.6951
63 0.1250 15110 1.7500
63 1.0000 3399 0.5000
63 1.0000 3399 0.7071
63 1.0000 9305 0.8660
63 1.0000 10145 0.8660
63 1.0000 10985 0.8660
63 1.0000 11825 0.8660
63 1.0000 12669 0.8660
63 0.5556 15114 1.3641
63 0.5000 3493 0.5000
63 0.5000 3493 0.7071
63 0.5000 9323 1.2247
63 0.5000 10163 1.2247
63 0.5000 11003 1.2247
63 0.5000 11843 1.2247
63 0.5000 12687 1.2247
63 0.4444 13537 1.2247
64 0.4444 1799 0.5000
64 0.5000 1799 0.7071
64 0.5000 9187 1.2247
64 0.5000 10027 1.2247
64 0.5000 10867 1.2247
64 0.5000 11707 1.2247
64 0.5000 12551 1.2247
64 0.5000 13395 1.2247
64 0.5556 1889 0.5000
64 1.0000 1889 0.7071
64 1.0000 9203 0.8660
64 1.0000 10043 0.8660
64 1.0000 10883 0.8660
64 1.0000 11723 0.8660
64 1.0000 12567 0.8660
64 1.0000 15007 1.6583
64 0.1250 1983 0.6134
64 0.9861 1983 0.7071
64 1.0000 9236 1.6583
64 1.0000 10076 1.6583
64 1.0000 10916 1.6583
64 1.0000 11756 1.6583
64 1.0000 12600 1.6583
64 1.0000 13447 1.6583
64 0.6667 2075 0.9110
64 1.0000 9236 1.5811
64 1.0000 10076 1.5811
64 1.0000 10916 1.5811
64 1.0000 11756 1.5811
64 1.0000 12600 1.5811
64 1.0000 15031 1.6583
64 0.3333 12669 1.5548
64 1.0000 15115 1.6583
64 0.0139 12671 2.0156
64 0.8750 13520 1.0929
64 0.4444 13530 1.4591
64 0.0556 13537 1.8708
65 0.5000 1802 0.5000
65 1.0000 1892 0.5000
65 1.0000 1986 0.5000
65 1.0000 2080 0.5000
65 1.0000 2174 0.5000
65 1.0000 2270 0.5000
65 1.0000 2364 0.5000
65 1.0000 2458 0.5000
65 1.0000 2552 0.5000
65 1.0000 2646 0.5000
65 1.0000 2742 0.5000
65 1.0000 2838 0.5000
65 1.0000 2930 0.5000
65 1.0000 3024 0.5000
65 1.0000 3118 0.5000
65 1.0000 3214 0.5000
65 0.8750 3308 0.5000
65 0.4444 3402 0.5026
65 0.0556 3496 0.6773
66 0.1250 3308 0.6134
66 0.5556 3402 0.5000
66 0.4444 3496 0.5000
71 0.5000 15417 0.5000
71 1.0000 15433 0.5000
71 1.0000 15445 0.5000
71 1.0000 15449 0.5000
71 0.5714 15557 0.5000
71 0.3810 15565 0.5135
71 0.1905 15573 0.5852
71 0.0238 15585 0.7009
71 0.5000 15418 0.5000
71 1.0000 15434 0.5000
71 1.0000 15446 0.5000
71 1.0000 15450 0.5000
71 0.5000 15419 0.5000
71 1.0000 15435 0.5000
71 1.0000 15447 0.5000
71 1.0000 15451 0.5000
71 0.4762 15420 0.5000
71 0.8095 15436 0.5000
71 0.6190 15448 0.5000
71 0.4286 15452 0.5049
72 0.4286 15557 0.5049
72 0.6190 15565 0.5000
72 0.8095 15573 0.5000
72 0.4762 15585 0.5000
72 1.0000 15558 0.5000
72 1.0000 15566 0.5000
72 1.0000 15574 0.5000
72 0.5000 15586 0.5000
72 1.0000 15559 0.5000
72 1.0000 15567 0.5000
72 1.0000 15575 0.5000
72 0.5000 15587 0.5000
72 0.0238 15420 0.7009
72 0.1905 15436 0.5852
72 0.3810 15448 0.5135
72 0.5714 15452 0.5000
72 1.0000 15560 0.5000
72 1.0000 15568 0.5000
72 1.0000 15576 0.5000
72 0.5000 15588 0.5000
73 0.0476 6669 0.6843
73 0.3810 6755 0.5122
73 0.7619 6849 0.5000
73 0.9970 6943 0.5000
73 0.1458 6943 0.7071
73 1.0000 7039 0.5000
73 1.0000 7131 0.5000
73 1.0000 7221 0.5000
73 1.0000 7315 0.5000
73 1.0000 7411 0.5000
73 1.0000 7507 0.5000
73 1.0000 7603 0.5000
73 1.0000 7699 0.5000
73 1.0000 7795 0.5000
73 1.0000 7889 0.5000
73 1.0000 7983 0.5000
73 1.0000 8077 0.5000
73 1.0000 8169 0.5000
73 1.0000 8263 0.5000
73 1.0000 8355 0.5000
73 1.0000 8355 0.7071
73 1.0000 9754 1.5811
73 1.0000 10594 1.5811
73 1.0000 11434 1.5811
73 1.0000 12274 1.5811
73 0.8542 14743 1.6158
73 0.0030 15557 1.6154
73 1.0000 8451 0.5000
73 1.0000 8451 0.7071
73 1.0000 9754 1.6583
73 1.0000 12274 1.6583
73 1.0000 11434 1.6583
73 1.0000 12274 1.6583
73 1.0000 13118 1.6583
73 0.2381 15557 1.6146
73 1.0000 8545 0.5000
73 1.0000 8545 0.7071
73 1.0000 9765 0.8660
73 1.0000 10605 0.8660
73 1.0000 11445 0.8660
73 1.0000 12285 0.8660
73 1.0000 13129 0.8660
73 0.6190 15565 1.2837
73 0.5000 8635 0.5000
73 0.5000 8635 0.7071
73 0.5000 9803 1.2247
73 0.5000 10643 1.2247
73 0.5000 11483 1.2247
73 0.5000 12323 1.2247
73 0.5000 13167 1.2247
73 0.4524 14033 1.2247
74 0.4524 6669 0.5000
74 0.5000 6669 0.7071
74 0.5000 9603 1.2247
74 0.5000 10443 1.2247
74 0.5000 11283 1.2247
74 0.5000 12123 1.2247
74 0.5000 12967 1.2247
74 0.5000 13827 1.2247
74 0.6190 6755 0.5000
74 1.0000 6755 0.7071
74 1.0000 9627 0.8660
74 1.0000 10467 0.8660
74 1.0000 11307 0.8660
74 1.0000 12147 0.8660
74 1.0000 12991 0.8660
74 1.0000 15418 1.6583
74 0.2381 6849 0.5567
74 1.0000 6849 0.7071
74 1.0000 9666 1.6583
74 1.0000 10506 1.6583
74 1.0000 11346 1.6583
74 1.0000 12186 1.6583
74 1.0000 13030 1.6583
74 1.0000 13893 1.6583
74 0.0030 6943 0.8004
74 0.8542 6943 0.7816
74 1.0000 9666 1.5811
74 1.0000 10506 1.5811
74 1.0000 11346 1.5811
74 1.0000 12186 1.5811
74 1.0000 13030 1.5811
74 1.0000 15446 1.6583
74 0.1458 13129 1.7002
74 0.9970 15566 1.6583
74 0.7619 14003 1.1672
74 0.3810 14018 1.4882
74 0.0476 14033 1.8708
75 0.5000 6672 0.5000
75 1.0000 6758 0.5000
75 1.0000 6852 0.5000
75 1.0000 6948 0.5000
75 1.0000 7044 0.5000
75 1.0000 7136 0.5000
75 1.0000 7226 0.5000
75 1.0000 7320 0.5000
75 1.0000 7416 0.5000
75 1.0000 7512 0.5000
75 1.0000 7608 0.5000
75 1.0000 7704 0.5000
75 1.0000 7800 0.5000
75 1.0000 7894 0.5000
75 1.0000 7988 0.5000
75 1.0000 8082 0.5000
75 1.0000 8174 0.5000
75 1.0000 8268 0.5000
75 0.9970 8360 0.5000
75 0.7619 8454 0.5000
75 0.3810 8548 0.5122
75 0.0476 8638 0.6843
76 0.0030 8360 0.8004
76 0.2381 8454 0.5567
76 0.6190 8548 0.5000
76 0.4524 8638 0.5000
81 1.0000 14854 0.5000
81 1.0000 14873 0.5000
81 1.0000 14888 0.5000
81 1.0000 14900 0.5000
81 1.0000 14855 0.5000
81 1.0000 14874 0.5000
81 1.0000 14889 0.5000
81 1.0000 14901 0.5000
81 1.0000 14856 0.5000
81 1.0000 14875 0.5000
81 1.0000 14890 0.5000
81 1.0000 14902 0.5000
81 1.0000 14857 0.5000
81 1.0000 14876 0.5000
81 1.0000 14891 0.5000
81 1.0000 14903 0.5000
81 0.5000 14823 0.5000
81 1.0000 14840 0.5000
81 0.5000 14824 0.5000
81 1.0000 14841 0.5000
81 0.5000 14825 0.5000
81 1.0000 14842 0.5000
81 0.5000 14826 0.5000
81 0.8750 14843 0.5000
82 1.0000 14912 0.5000
82 1.0000 14924 0.5000
82 1.0000 14940 0.5000
82 1.0000 14950 0.5000
82 1.0000 14960 0.5000
82 0.5000 14970 0.5000
82 1.0000 14913 0.5000
82 1.0000 14925 0.5000
82 1.0000 14941 0.5000
82 1.0000 14951 0.5000
82 1.0000 14961 0.5000
82 0.5000 14971 0.5000
82 1.0000 14914 0.5000
82 1.0000 14926 0.5000
82 1.0000 14942 0.5000
82 1.0000 14952 0.5000
82 1.0000 14962 0.5000
82 0.5000 14972 0.5000
82 0.1250 14843 0.6124
82 1.0000 14915 0.5000
82 1.0000 14927 0.5000
82 1.0000 14943 0.5000
82 1.0000 14953 0.5000
82 1.0000 14963 0.5000
82 0.5000 14973 0.5000
83 0.0909 431  0.6431
83 0.7216 517  0.5000
83 1.0000 609  0.5000
83 1.0000 703  0.5000
83 1.0000 793  0.5000
83 1.0000 883  0.5000
83 1.0000 979  0.5000
83 1.0000 1071 0.5000
83 1.0000 1163 0.5000
83 1.0000 1253 0.5000
83 1.0000 1347 0.5000
83 0.5000 1441 0.5000
84 0.4091 431  0.5000
84 0.2784 517  0.5327
85 0.5000 439  0.5000
85 1.0000 529  0.5000
85 1.0000 621  0.5000
85 1.0000 713  0.5000
85 1.0000 803  0.5000
85 1.0000 895  0.5000
85 1.0000 991  0.5000
85 1.0000 1081 0.5000
85 1.0000 1173 0.5000
85 1.0000 1265 0.5000
85 0.7216 1359 0.5000
85 0.0909 1449 0.6431
86 0.2784 1359 0.5327
86 0.4091 1449 0.5000
91 1.0000 15264 0.5000
91 1.0000 15273 0.5000
91 1.0000 15281 0.5000
91 1.0000 15293 0.5000
91 0.5000 15252 0.5000
91 1.0000 15265 0.5000
91 1.0000 15274 0.5000
91 1.0000 15282 0.5000
91 1.0000 15294 0.5000
91 0.1125 15341 0.6248
91 0.5000 15253 0.5000
91 1.0000 15266 0.5000
91 1.0000 15275 0.5000
91 1.0000 15283 0.5000
91 1.0000 15295 0.5000
91 0.5000 15254 0.5000
91 1.0000 15267 0.5000
91 1.0000 15276 0.5000
91 1.0000 15284 0.5000
91 0.8875 15296 0.5000
91 0.4653 15255 0.5000
91 0.7222 15268 0.5000
92 0.8875 15341 0.5000
92 1.0000 15353 0.5000
92 1.0000 15357 0.5000
92 1.0000 15369 0.5000
92 0.5000 15381 0.5000
92 1.0000 15342 0.5000
92 1.0000 15354 0.5000
92 1.0000 15358 0.5000
92 1.0000 15370 0.5000
92 0.5000 15382 0.5000
92 0.1125 15296 0.6248
92 1.0000 15343 0.5000
92 1.0000 15355 0.5000
92 1.0000 15359 0.5000
92 1.0000 15371 0.5000
92 0.5000 15383 0.5000
92 0.0347 15255 0.6943
92 0.2778 15268 0.5439
92 1.0000 15344 0.5000
92 1.0000 15356 0.5000
92 1.0000 15360 0.5000
92 1.0000 15372 0.5000
92 0.5000 15384 0.5000
93 0.0556 4617 0.6773
93 0.4444 4706 0.5026
93 0.8750 4802 0.5000
93 0.0139 4802 0.7500
93 1.0000 4896 0.5000
93 0.3333 4896 0.7071
93 1.0000 4988 0.5000
93 0.7778 4988 0.7071
93 1.0000 5080 0.5000
93 1.0000 5174 0.5000
93 1.0000 5270 0.5000
93 1.0000 5366 0.5000
93 1.0000 5462 0.5000
93 1.0000 5558 0.5000
93 1.0000 5654 0.5000
93 1.0000 5750 0.5000
93 1.0000 5842 0.5000
93 1.0000 5934 0.5000
93 1.0000 6030 0.5000
93 1.0000 6124 0.5000
93 1.0000 6218 0.5000
93 1.0000 6218 0.7071
93 1.0000 9541 1.6583
93 1.0000 10381 1.6583
93 1.0000 11221 1.6583
93 1.0000 12061 1.6583
93 1.0000 12905 1.6583
93 0.5000 6306 0.5000
93 0.5000 6306 0.7071
93 0.5000 9590 1.2247
93 0.5000 10430 1.2247
93 0.5000 11270 1.2247
93 0.5000 12110 1.2247
93 0.5000 12954 1.2247
94 0.4444 4617 0.5000
94 0.5000 4617 0.7071
94 0.5000 9435 1.2247
94 0.5000 10275 1.2247
94 0.5000 11115 1.2247
94 0.5000 11955 1.2247
94 0.5000 12799 1.2247
94 0.5556 4706 0.5000
94 1.0000 4706 0.7071
94 1.0000 9467 1.5811
94 1.0000 10307 1.5811
94 1.0000 11147 1.5811
94 1.0000 13671 1.6583
94 1.0000 14461 1.6583
94 1.0000 13671 1.6583
94 0.1250 4802 0.6134
94 0.9861 4802 0.7071
94 1.0000 9467 1.6583
94 1.0000 10307 1.6583
94 1.0000 11147 1.6583
94 1.0000 11987 1.6583
94 1.0000 12831 1.6583
94 1.0000 13687 1.6583
94 0.6667 4896 0.9110
94 1.0000 9494 1.6583
94 1.0000 10334 1.6583
94 1.0000 11174 1.6583
94 1.0000 12014 1.6583
94 1.0000 12858 1.6583
94 1.0000 13714 1.6583
94 0.2222 4988 1.2702
94 1.0000 9494 1.5811
94 1.0000 10334 1.5811
94 1.0000 11174 1.5811
94 1.0000 12014 1.5811
94 1.0000 12858 1.5811
94 1.0000 15282 1.6583
95 0.5000 4620 0.5000
95 1.0000 4712 0.5000
95 1.0000 4806 0.5000
95 1.0000 4900 0.5000
95 1.0000 4994 0.5000
95 1.0000 5086 0.5000
95 1.0000 5180 0.5000
95 1.0000 5276 0.5000
95 1.0000 5372 0.5000
95 1.0000 5468 0.5000
95 1.0000 5564 0.5000
95 1.0000 5660 0.5000
95 1.0000 5756 0.5000
95 1.0000 5848 0.5000
95 1.0000 5940 0.5000
95 1.0000 6034 0.5000
95 0.8750 6128 0.5000
95 0.4444 6224 0.5026
95 0.0556 6309 0.6773
96 0.1250 6128 0.6134
96 0.5556 6224 0.5000
96 0.4444 6309 0.5000
101 1.0000 15461 0.5000
101 1.0000 15473 0.5000
101 1.0000 15485 0.5000
101 1.0000 15497 0.5000
101 1.0000 15462 0.5000
101 1.0000 15474 0.5000
101 1.0000 15486 0.5000
101 1.0000 15498 0.5000
101 1.0000 15463 0.5000
101 1.0000 15475 0.5000
101 1.0000 15487 0.5000
101 1.0000 15499 0.5000
101 1.0000 15464 0.5000
101 1.0000 15476 0.5000
101 1.0000 15488 0.5000
101 1.0000 15500 0.5000
101 0.5000 15421 0.5000
101 1.0000 15437 0.5000
101 0.5000 15422 0.5000
101 1.0000 15438 0.5000
101 0.5000 15423 0.5000
101 1.0000 15439 0.5000
101 0.5000 15424 0.5000
101 0.9524 15440 0.5000
102 1.0000 15517 0.5000
102 1.0000 15529 0.5000
102 1.0000 15537 0.5000
102 1.0000 15549 0.5000
102 1.0000 15518 0.5000
102 1.0000 15530 0.5000
102 1.0000 15538 0.5000
102 1.0000 15550 0.5000
102 1.0000 15519 0.5000
102 1.0000 15531 0.5000
102 1.0000 15539 0.5000
102 1.0000 15551 0.5000
102 1.0000 15520 0.5000
102 1.0000 15532 0.5000
102 1.0000 15540 0.5000
102 1.0000 15552 0.5000
102 1.0000 15577 0.5000
102 0.5000 15589 0.5000
102 1.0000 15578 0.5000
102 0.5000 15590 0.5000
102 1.0000 15579 0.5000
102 0.5000 15591 0.5000
102 0.0476 15440 0.6987
102 1.0000 15580 0.5000
102 0.5000 15592 0.5000
103 0.0476 6681 0.6843
103 0.3810 6767 0.5122
103 0.7619 6861 0.5000
103 0.9970 6957 0.5000
103 1.0000 7053 0.5000
103 1.0000 7145 0.5000
103 1.0000 7235 0.5000
103 1.0000 7329 0.5000
103 1.0000 7425 0.5000
103 1.0000 7521 0.5000
103 1.0000 7617 0.5000
103 1.0000 7713 0.5000
103 1.0000 7809 0.5000
103 1.0000 7903 0.5000
103 1.0000 7997 0.5000
103 1.0000 8091 0.5000
103 1.0000 8183 0.5000
103 1.0000 8277 0.5000
103 1.0000 8369 0.5000
103 1.0000 8463 0.5000
103 1.0000 8557 0.5000
103 0.5000 8647 0.5000
104 0.4524 6681 0.5000
104 0.6190 6767 0.5000
104 0.2381 6861 0.5567
104 0.0030 6957 0.8004
105 0.5000 6696 0.5000
105 1.0000 6786 0.5000
105 1.0000 6880 0.5000
105 1.0000 6976 0.5000
105 1.0000 7072 0.5000
105 1.0000 7162 0.5000
105 1.0000 7252 0.5000
105 1.0000 7348 0.5000
105 1.0000 7444 0.5000
105 1.0000 7540 0.5000
105 1.0000 7636 0.5000
105 1.0000 7732 0.5000
105 1.0000 7828 0.5000
105 1.0000 7922 0.5000
105 1.0000 8016 0.5000
105 1.0000 8108 0.5000
105 1.0000 8200 0.5000
105 1.0000 8296 0.5000
105 0.9970 8388 0.5000
105 0.7619 8482 0.5000
105 0.3810 8576 0.5122
105 0.0476 8662 0.6843
106 0.0030 8388 0.8004
106 0.2381 8482 0.5567
106 0.6190 8576 0.5000
106 0.4524 8662 0.5000
111 1.0000 14858 0.5000
111 1.0000 14877 0.5000
111 1.0000 14892 0.5000
111 1.0000 14904 0.5000
111 1.0000 14859 0.5000
111 1.0000 14878 0.5000
111 1.0000 14893 0.5000
111 1.0000 14905 0.5000
111 1.0000 14860 0.5000
111 1.0000 14879 0.5000
111 1.0000 14894 0.5000
111 1.0000 14906 0.5000
111 1.0000 14861 0.5000
111 1.0000 14880 0.5000
111 1.0000 14895 0.5000
111 1.0000 14907 0.5000
111 0.5000 14827 0.5000
111 1.0000 14844 0.5000
111 0.5000 14828 0.5000
111 1.0000 14845 0.5000
111 0.5000 14829 0.5000
111 0.9992 14846 0.5000
111 0.5000 14830 0.5000
111 0.6000 14847 0.5000
112 1.0000 14916 0.5000
112 1.0000 14928 0.5000
112 1.0000 14944 0.5000
112 1.0000 14954 0.5000
112 1.0000 14917 0.5000
112 1.0000 14929 0.5000
112 1.0000 14945 0.5000
112 1.0000 14955 0.5000
112 1.0000 14964 0.5000
112 0.5000 14974 0.5000
112 1.0000 14918 0.5000
112 1.0000 14930 0.5000
112 1.0000 14946 0.5000
112 1.0000 14956 0.5000
112 1.0000 14965 0.5000
112 0.5000 14975 0.5000
112 0.0008 14846 0.8406
112 1.0000 14919 0.5000
112 1.0000 14931 0.5000
112 1.0000 14947 0.5000
112 1.0000 14957 0.5000
112 1.0000 14966 0.5000
112 0.5000 14976 0.5000
112 0.4000 14847 0.5065
112 1.0000 14967 0.5000
112 0.5000 14977 0.5000
113 0.0909 449  0.6431
113 0.7216 539  0.5000
113 1.0000 631  0.5000
113 1.0000 723  0.5000
113 1.0000 813  0.5000
113 1.0000 905  0.5000
113 1.0000 1001 0.5000
113 1.0000 1091 0.5000
113 1.0000 1183 0.5000
113 1.0000 1275 0.5000
113 1.0000 1369 0.5000
113 0.5000 1459 0.5000
114 0.4091 449  0.5000
114 0.2784 539  0.5327
115 0.5000 461  0.5000
115 1.0000 555  0.5000
115 1.0000 647  0.5000
115 1.0000 737  0.5000
115 1.0000 827  0.5000
115 1.0000 921  0.5000
115 1.0000 1017 0.5000
115 1.0000 1105 0.5000
115 1.0000 1197 0.5000
115 1.0000 1291 0.5000
115 0.7216 1385 0.5000
115 0.0909 1471 0.6431
116 0.2784 1385 0.5327
116 0.4091 1471 0.5000
121 1.0000 15046 0.5000
121 1.0000 15054 0.5000
121 1.0000 15058 0.5000
121 1.0000 15066 0.5000
121 1.0000 15047 0.5000
121 1.0000 15055 0.5000
121 1.0000 15059 0.5000
121 1.0000 15067 0.5000
121 1.0000 15048 0.5000
121 1.0000 15056 0.5000
121 1.0000 15060 0.5000
121 1.0000 15068 0.5000
121 1.0000 15049 0.5000
121 1.0000 15057 0.5000
121 1.0000 15061 0.5000
121 1.0000 15069 0.5000
121 0.5000 15010 0.5000
121 1.0000 15022 0.5000
121 0.5000 15011 0.5000
121 1.0000 15023 0.5000
121 0.5000 15012 0.5000
121 1.0000 15024 0.5000
121 0.5000 15013 0.5000
121 0.9081 15025 0.5000
122 1.0000 15086 0.5000
122 1.0000 15094 0.5000
122 1.0000 15102 0.5000
122 1.0000 15106 0.5000
122 1.0000 15087 0.5000
122 1.0000 15095 0.5000
122 1.0000 15103 0.5000
122 1.0000 15107 0.5000
122 1.0000 15088 0.5000
122 1.0000 15096 0.5000
122 1.0000 15104 0.5000
122 1.0000 15108 0.5000
122 1.0000 15122 0.5000
122 0.5000 15130 0.5000
122 1.0000 15089 0.5000
122 1.0000 15097 0.5000
122 1.0000 15105 0.5000
122 1.0000 15109 0.5000
122 1.0000 15123 0.5000
122 0.5000 15131 0.5000
122 1.0000 15124 0.5000
122 0.5000 15132 0.5000
122 0.0919 15025 0.6428
122 1.0000 15125 0.5000
122 0.5000 15133 0.5000
123 0.0556 1833 0.6773
123 0.4444 1923 0.5026
123 0.8750 2017 0.5000
123 1.0000 2111 0.5000
123 1.0000 2205 0.5000
123 1.0000 2301 0.5000
123 1.0000 2395 0.5000
123 1.0000 2489 0.5000
123 1.0000 2583 0.5000
123 1.0000 2677 0.5000
123 1.0000 2773 0.5000
123 1.0000 2869 0.5000
123 1.0000 2961 0.5000
123 1.0000 3055 0.5000
123 1.0000 3149 0.5000
123 1.0000 3245 0.5000
123 1.0000 3339 0.5000
123 1.0000 3433 0.5000
123 0.5000 3527 0.5000
124 0.4444 1833 0.5000
124 0.5556 1923 0.5000
124 0.1250 2017 0.6134
125 0.5000 1847 0.5000
125 1.0000 1941 0.5000
125 1.0000 2035 0.5000
125 1.0000 2129 0.5000
125 1.0000 2223 0.5000
125 1.0000 2317 0.5000
125 1.0000 2411 0.5000
125 1.0000 2507 0.5000
125 1.0000 2601 0.5000
125 1.0000 2695 0.5000
125 1.0000 2791 0.5000
125 1.0000 2887 0.5000
125 1.0000 2977 0.5000
125 1.0000 3071 0.5000
125 1.0000 3167 0.5000
125 1.0000 3263 0.5000
125 0.8750 3357 0.5000
125 0.4444 3451 0.5026
125 0.0556 3541 0.6773
126 0.1250 3357 0.6134
126 0.5556 3451 0.5000
126 0.4444 3541 0.5000
131 0.5000 15158 0.5000
131 1.0000 15175 0.5000
131 1.0000 15192 0.5000
131 1.0000 15209 0.5000
131 0.5000 15159 0.5000
131 1.0000 15176 0.5000
131 1.0000 15193 0.5000
131 1.0000 15210 0.5000
131 0.5000 15160 0.5000
131 1.0000 15177 0.5000
131 1.0000 15194 0.5000
131 0.9099 15211 0.5000
131 0.5000 15161 0.5000
131 1.0000 15178 0.5000
131 1.0000 15195 0.5000
131 0.6765 15212 0.5000
131 0.5000 15162 0.5000
131 0.5588 15179 0.5000
131 0.5000 15163 0.5000
131 0.3235 15180 0.5287
131 0.4982 15164 0.5000
131 0.0901 15181 0.6408
131 0.3529 15165 0.5000
132 0.0901 15211 0.6408
132 0.3235 15212 0.5287
132 0.4412 15179 0.5033
132 1.0000 15213 0.5000
132 0.5000 15223 0.5000
132 0.6765 15180 0.5000
132 1.0000 15196 0.5000
132 1.0000 15214 0.5000
132 0.5000 15224 0.5000
132 0.0018 15181 0.8004
132 0.9099 15181 0.5000
132 1.0000 15197 0.5000
132 1.0000 15215 0.5000
132 0.5000 15225 0.5000
132 0.1471 15165 0.6067
132 1.0000 15182 0.5000
132 1.0000 15198 0.5000
132 1.0000 15216 0.5000
132 0.5000 15226 0.5000
132 1.0000 15183 0.5000
132 1.0000 15199 0.5000
132 1.0000 15217 0.5000
132 0.5000 15227 0.5000
133 0.2500 3903 0.5477
133 1.0000 3993 0.5000
133 0.7500 3993 0.7071
133 0.2500 11036 1.6432
133 1.0000 4083 0.5000
133 1.0000 4083 0.7071
133 1.0000 11049 1.5000
133 0.7500 11889 1.2247
133 0.2500 12733 1.6432
133 1.0000 4173 0.5000
133 1.0000 4173 0.7071
133 1.0000 9406 1.6583
133 1.0000 10246 1.6583
133 1.0000 12745 1.5000
133 0.7500 13596 1.2247
133 0.2500 14397 1.6432
133 0.5000 4263 0.5000
134 0.2500 3903 0.5000
134 0.5000 3903 0.7071
134 0.5000 9343 1.8708
134 0.5000 10183 1.8708
134 0.5000 11023 1.8708
134 0.5000 11863 1.8708
134 0.5000 12707 1.8708
134 0.5000 13557 1.8708
134 0.2500 3993 0.8660
134 0.7500 9381 1.2247
134 1.0000 10197 1.6583
134 1.0000 11037 1.6583
134 1.0000 11877 1.6583
134 1.0000 12721 1.6583
134 1.0000 13571 1.6583
134 0.2500 10233 1.6432
134 0.7500 11073 1.2247
134 1.0000 11914 1.6583
134 1.0000 12758 1.6583
134 1.0000 13609 1.6583
134 0.2500 11926 2.1679
134 0.7500 12770 1.8708
134 1.0000 13621 1.6583
135 0.5000 3917 0.5000
135 1.0000 4009 0.5000
135 1.0000 4097 0.5000
135 1.0000 4189 0.5000
135 0.2500 4277 0.5477
136 0.2500 4277 0.5000
141 1.0000 15285 0.5000
141 1.0000 15297 0.5000
141 1.0000 15305 0.5000
141 1.0000 15313 0.5000
141 1.0000 15286 0.5000
141 1.0000 15298 0.5000
141 1.0000 15306 0.5000
141 1.0000 15314 0.5000
141 1.0000 15287 0.5000
141 1.0000 15299 0.5000
141 1.0000 15307 0.5000
141 1.0000 15315 0.5000
141 1.0000 15288 0.5000
141 1.0000 15300 0.5000
141 1.0000 15308 0.5000
141 1.0000 15316 0.5000
141 0.5000 15256 0.5000
141 1.0000 15269 0.5000
141 0.5000 15257 0.5000
141 1.0000 15270 0.5000
141 0.5000 15258 0.5000
141 1.0000 15271 0.5000
141 0.5000 15259 0.5000
141 0.8750 15272 0.5000
142 1.0000 15317 0.5000
142 1.0000 15325 0.5000
142 1.0000 15333 0.5000
142 1.0000 15345 0.5000
142 1.0000 15318 0.5000
142 1.0000 15326 0.5000
142 1.0000 15334 0.5000
142 1.0000 15346 0.5000
142 1.0000 15319 0.5000
142 1.0000 15327 0.5000
142 1.0000 15335 0.5000
142 1.0000 15347 0.5000
142 1.0000 15361 0.5000
142 0.5000 15373 0.5000
142 1.0000 15320 0.5000
142 1.0000 15328 0.5000
142 1.0000 15336 0.5000
142 1.0000 15348 0.5000
142 1.0000 15362 0.5000
142 0.5000 15374 0.5000
142 1.0000 15363 0.5000
142 0.5000 15375 0.5000
142 0.1250 15272 0.6124
142 1.0000 15364 0.5000
142 0.5000 15376 0.5000
143 0.0588 4636 0.6743
143 0.4706 4728 0.5007
143 0.9081 4822 0.5000
143 1.0000 4916 0.5000
143 1.0000 5010 0.5000
143 1.0000 5102 0.5000
143 1.0000 5196 0.5000
143 1.0000 5292 0.5000
143 1.0000 5388 0.5000
143 1.0000 5484 0.5000
143 1.0000 5580 0.5000
143 1.0000 5676 0.5000
143 1.0000 5772 0.5000
143 1.0000 5864 0.5000
143 1.0000 5956 0.5000
143 1.0000 6050 0.5000
143 1.0000 6144 0.5000
143 0.5000 6240 0.5000
144 0.4412 4636 0.5000
144 0.5294 4728 0.5000
144 0.0919 4822 0.6398
145 0.5000 4650 0.5000
145 1.0000 4746 0.5000
145 1.0000 4840 0.5000
145 1.0000 4934 0.5000
145 1.0000 5026 0.5000
145 1.0000 5118 0.5000
145 1.0000 5214 0.5000
145 1.0000 5310 0.5000
145 1.0000 5406 0.5000
145 1.0000 5502 0.5000
145 1.0000 5598 0.5000
145 1.0000 5694 0.5000
145 1.0000 5788 0.5000
145 1.0000 5880 0.5000
145 1.0000 5974 0.5000
145 0.9081 6068 0.5000
145 0.4706 6162 0.5007
145 0.0588 6254 0.6743
146 0.0919 6068 0.6398
146 0.5294 6162 0.5000
146 0.4412 6254 0.5000
151 1.0000 15453 0.5000
151 1.0000 15465 0.5000
151 1.0000 15477 0.5000
151 1.0000 15489 0.5000
151 1.0000 15454 0.5000
151 1.0000 15466 0.5000
151 1.0000 15478 0.5000
151 1.0000 15490 0.5000
151 1.0000 15455 0.5000
151 1.0000 15467 0.5000
151 1.0000 15479 0.5000
151 1.0000 15491 0.5000
151 1.0000 15456 0.5000
151 1.0000 15468 0.5000
151 1.0000 15480 0.5000
151 1.0000 15492 0.5000
151 0.5000 15425 0.5000
151 1.0000 15441 0.5000
151 0.5000 15426 0.5000
151 1.0000 15442 0.5000
151 0.5000 15427 0.5000
151 1.0000 15443 0.5000
151 0.5000 15428 0.5000
151 0.8750 15444 0.5000
152 1.0000 15501 0.5000
152 1.0000 15505 0.5000
152 1.0000 15509 0.5000
152 1.0000 15521 0.5000
152 1.0000 15502 0.5000
152 1.0000 15506 0.5000
152 1.0000 15510 0.5000
152 1.0000 15522 0.5000
152 1.0000 15503 0.5000
152 1.0000 15507 0.5000
152 1.0000 15511 0.5000
152 1.0000 15523 0.5000
152 1.0000 15541 0.5000
152 0.5000 15553 0.5000
152 1.0000 15504 0.5000
152 1.0000 15508 0.5000
152 1.0000 15512 0.5000
152 1.0000 15524 0.5000
152 1.0000 15542 0.5000
152 0.5000 15554 0.5000
152 1.0000 15543 0.5000
152 0.5000 15555 0.5000
152 0.1250 15444 0.6124
152 1.0000 15544 0.5000
152 0.5000 15556 0.5000
153 0.0588 6699 0.6743
153 0.4706 6789 0.5007
153 0.9081 6883 0.5000
153 1.0000 6979 0.5000
153 1.0000 7075 0.5000
153 1.0000 7165 0.5000
153 1.0000 7255 0.5000
153 1.0000 7351 0.5000
153 1.0000 7447 0.5000
153 1.0000 7543 0.5000
153 1.0000 7639 0.5000
153 1.0000 7735 0.5000
153 1.0000 7831 0.5000
153 1.0000 7925 0.5000
153 1.0000 8019 0.5000
153 1.0000 8111 0.5000
153 1.0000 8203 0.5000
153 0.5000 8299 0.5000
154 0.4412 6699 0.5000
154 0.5294 6789 0.5000
154 0.0919 6883 0.6398
155 0.5000 6713 0.5000
155 1.0000 6807 0.5000
155 1.0000 6901 0.5000
155 1.0000 6997 0.5000
155 1.0000 7091 0.5000
155 1.0000 7181 0.5000
155 1.0000 7273 0.5000
155 1.0000 7369 0.5000
155 1.0000 7465 0.5000
155 1.0000 7561 0.5000
155 1.0000 7657 0.5000
155 1.0000 7753 0.5000
155 1.0000 7847 0.5000
155 1.0000 7941 0.5000
155 1.0000 8037 0.5000
155 0.9081 8129 0.5000
155 0.4706 8221 0.5007
155 0.0588 8313 0.6743
156 0.0919 8129 0.6398
156 0.5294 8221 0.5000
156 0.4412 8313 0.5000
161 0.5000 3678 0.5000
161 1.0000 3774 0.5000
161 1.0000 3866 0.5000
161 1.0000 3956 0.5000
161 1.0000 4046 0.5000
161 1.0000 4136 0.5000
161 1.0000 4226 0.5000
161 1.0000 4318 0.5000
161 1.0000 4414 0.5000
161 1.0000 4510 0.5000
161 1.0000 4602 0.5000
161 1.0000 4691 0.5000
161 1.0000 4787 0.5000
161 1.0000 4881 0.5000
161 1.0000 4973 0.5000
161 1.0000 5065 0.5000
161 1.0000 5159 0.5000
161 1.0000 5255 0.5000
161 1.0000 5351 0.5000
161 1.0000 5447 0.5000
161 1.0000 5543 0.5000
161 1.0000 5639 0.5000
161 1.0000 5735 0.5000
161 1.0000 5827 0.5000
161 1.0000 5919 0.5000
161 1.0000 6015 0.5000
161 0.9917 6109 0.5000
161 0.8000 6203 0.5000
161 0.5333 6291 0.5000
161 0.2667 6384 0.5485
161 0.0333 6480 0.6953
161 0.5000 3679 0.5000
161 1.0000 3775 0.5000
161 1.0000 3867 0.5000
161 1.0000 3957 0.5000
161 1.0000 4047 0.5000
161 1.0000 4137 0.5000
161 1.0000 4227 0.5000
161 1.0000 4319 0.5000
161 1.0000 4415 0.5000
161 1.0000 4511 0.5000
161 1.0000 4603 0.5000
161 1.0000 4692 0.5000
161 1.0000 4788 0.5000
161 1.0000 4882 0.5000
161 1.0000 4974 0.5000
161 1.0000 5066 0.5000
161 1.0000 5160 0.5000
161 1.0000 5256 0.5000
161 1.0000 5352 0.5000
161 1.0000 5448 0.5000
161 1.0000 5544 0.5000
161 1.0000 5640 0.5000
161 1.0000 5736 0.5000
161 0.8667 5828 0.5000
161 0.6000 5920 0.5000
161 0.3333 6016 0.5253
161 0.0750 6110 0.6522
161 0.5000 3680 0.5000
161 1.0000 3776 0.5000
161 1.0000 3868 0.5000
161 1.0000 3958 0.5000
161 1.0000 4048 0.5000
161 1.0000 4138 0.5000
161 1.0000 4228 0.5000
161 1.0000 4320 0.5000
161 1.0000 4416 0.5000
161 1.0000 4512 0.5000
161 1.0000 4604 0.5000
161 1.0000 4693 0.5000
161 1.0000 4789 0.5000
161 1.0000 4883 0.5000
161 1.0000 4975 0.5000
161 1.0000 5067 0.5000
161 1.0000 5161 0.5000
161 1.0000 5257 0.5000
161 1.0000 5353 0.5000
161 0.9250 5449 0.5000
161 0.6667 5545 0.5000
161 0.4000 5641 0.5093
161 0.1333 5737 0.6128
161 0.5000 3681 0.5000
161 1.0000 3777 0.5000
161 1.0000 3869 0.5000
161 1.0000 3959 0.5000
161 1.0000 4049 0.5000
161 1.0000 4139 0.5000
161 1.0000 4229 0.5000
161 1.0000 4321 0.5000
161 1.0000 4417 0.5000
161 1.0000 4513 0.5000
161 1.0000 4605 0.5000
161 1.0000 4694 0.5000
161 1.0000 4790 0.5000
161 1.0000 4884 0.5000
161 1.0000 4976 0.5000
161 0.9667 5068 0.5000
161 0.7333 5162 0.5000
161 0.4667 5258 0.5010
161 0.2000 5354 0.5779
161 0.0083 5449 0.7500
161 0.5000 3682 0.5000
161 1.0000 3778 0.5000
161 1.0000 3870 0.5000
161 1.0000 3960 0.5000
161 1.0000 4050 0.5000
161 1.0000 4140 0.5000
161 1.0000 4230 0.5000
161 1.0000 4322 0.5000
161 1.0000 4418 0.5000
161 1.0000 4514 0.5000
161 1.0000 4606 0.5000
161 0.9917 4695 0.5000
161 0.8000 4791 0.5000
161 0.5333 4885 0.5000
161 0.2667 4977 0.5485
161 0.0333 5069 0.6953
161 0.5000 3683 0.5000
161 1.0000 3779 0.5000
161 1.0000 3871 0.5000
161 1.0000 3961 0.5000
161 1.0000 4051 0.5000
161 1.0000 4141 0.5000
161 1.0000 4231 0.5000
161 1.0000 4323 0.5000
161 0.8667 4419 0.5000
161 0.6000 4515 0.5000
161 0.3333 4607 0.5253
161 0.0750 4696 0.6522
161 0.5000 3684 0.5000
161 1.0000 3780 0.5000
161 1.0000 3872 0.5000
161 1.0000 3962 0.5000
161 0.9250 4052 0.5000
161 0.6667 4142 0.5000
161 0.4000 4232 0.5093
161 0.1333 4324 0.6128
161 0.4667 3685 0.5000
161 0.7333 3781 0.5000
161 0.4667 3873 0.5010
161 0.2000 3963 0.5779
161 0.0083 4052 0.7500
162 0.0083 6110 0.7500
162 0.2000 6203 0.5779
162 0.4667 6291 0.5010
162 0.7333 6384 0.5000
162 0.4667 6480 0.5000
162 0.1333 5828 0.6128
162 0.4000 5920 0.5093
162 0.6667 6016 0.5000
162 0.9250 6110 0.5000
162 1.0000 6204 0.5000
162 1.0000 6292 0.5000
162 1.0000 6385 0.5000
162 0.5000 6481 0.5000
162 0.0750 5449 0.6522
162 0.3333 5545 0.5253
162 0.6000 5641 0.5000
162 0.8667 5737 0.5000
162 1.0000 5829 0.5000
162 1.0000 5921 0.5000
162 1.0000 6017 0.5000
162 1.0000 6111 0.5000
162 1.0000 6205 0.5000
162 1.0000 6293 0.5000
162 1.0000 6386 0.5000
162 0.5000 6482 0.5000
162 0.0333 5068 0.6953
162 0.2667 5162 0.5485
162 0.5333 5258 0.5000
162 0.8000 5354 0.5000
162 0.9917 5450 0.5000
162 1.0000 5546 0.5000
162 1.0000 5642 0.5000
162 1.0000 5738 0.5000
162 1.0000 5830 0.5000
162 1.0000 5922 0.5000
162 1.0000 6018 0.5000
162 1.0000 6112 0.5000
162 1.0000 6206 0.5000
162 1.0000 6294 0.5000
162 1.0000 6387 0.5000
162 0.5000 6483 0.5000
162 0.0083 4696 0.7500
162 0.2000 4791 0.5779
162 0.4667 4885 0.5010
162 0.7333 4977 0.5000
162 0.9667 5069 0.5000
162 1.0000 5163 0.5000
162 1.0000 5259 0.5000
162 1.0000 5355 0.5000
162 1.0000 5451 0.5000
162 1.0000 5547 0.5000
162 1.0000 5643 0.5000
162 1.0000 5739 0.5000
162 1.0000 5831 0.5000
162 1.0000 5923 0.5000
162 1.0000 6019 0.5000
162 1.0000 6113 0.5000
162 1.0000 6207 0.5000
162 1.0000 6295 0.5000
162 1.0000 6388 0.5000
162 0.5000 6484 0.5000
162 0.1333 4419 0.6128
162 0.4000 4515 0.5093
162 0.6667 4607 0.5000
162 0.9250 4696 0.5000
162 1.0000 4792 0.5000
162 1.0000 4886 0.5000
162 1.0000 4978 0.5000
162 1.0000 5070 0.5000
162 1.0000 5164 0.5000
162 1.0000 5260 0.5000
162 1.0000 5356 0.5000
162 1.0000 5452 0.5000
162 1.0000 5548 0.5000
162 1.0000 5644 0.5000
162 1.0000 5740 0.5000
162 1.0000 5832 0.5000
162 1.0000 5924 0.5000
162 1.0000 6020 0.5000
162 1.0000 6114 0.5000
162 1.0000 6208 0.5000
162 1.0000 6296 0.5000
162 1.0000 6389 0.5000
162 0.5000 6485 0.5000
162 0.0750 4052 0.6522
162 0.3333 4142 0.5253
162 0.6000 4232 0.5000
162 0.8667 4324 0.5000
162 1.0000 4420 0.5000
162 1.0000 4516 0.5000
162 1.0000 4608 0.5000
162 1.0000 4697 0.5000
162 1.0000 4793 0.5000
162 1.0000 4887 0.5000
162 1.0000 4979 0.5000
162 1.0000 5071 0.5000
162 1.0000 5165 0.5000
162 1.0000 5261 0.5000
162 1.0000 5357 0.5000
162 1.0000 5453 0.5000
162 1.0000 5549 0.5000
162 1.0000 5645 0.5000
162 1.0000 5741 0.5000
162 1.0000 5833 0.5000
162 1.0000 5925 0.5000
162 1.0000 6021 0.5000
162 1.0000 6115 0.5000
162 1.0000 6209 0.5000
162 1.0000 6297 0.5000
162 1.0000 6390 0.5000
162 0.5000 6486 0.5000
162 0.0333 3685 0.6953
162 0.2667 3781 0.5485
162 0.5333 3873 0.5000
162 0.8000 3963 0.5000
162 0.9917 4053 0.5000
162 1.0000 4143 0.5000
162 1.0000 4233 0.5000
162 1.0000 4325 0.5000
162 1.0000 4421 0.5000
162 1.0000 4517 0.5000
162 1.0000 4609 0.5000
162 1.0000 4698 0.5000
162 1.0000 4794 0.5000
162 1.0000 4888 0.5000
162 1.0000 4980 0.5000
162 1.0000 5072 0.5000
162 1.0000 5166 0.5000
162 1.0000 5262 0.5000
162 1.0000 5358 0.5000
162 1.0000 5454 0.5000
162 1.0000 5550 0.5000
162 1.0000 5646 0.5000
162 1.0000 5742 0.5000
162 1.0000 5834 0.5000
162 1.0000 5926 0.5000
162 1.0000 6022 0.5000
162 1.0000 6116 0.5000
162 1.0000 6210 0.5000
162 1.0000 6298 0.5000
162 1.0000 6391 0.5000
162 0.5000 6487 0.5000
163 0.5000 1624 0.5000
163 1.0000 1720 0.5000
163 1.0000 1810 0.5000
163 1.0000 1900 0.5000
163 1.0000 1994 0.5000
163 1.0000 2088 0.5000
163 1.0000 2182 0.5000
163 1.0000 2278 0.5000
163 1.0000 2372 0.5000
163 1.0000 2466 0.5000
163 1.0000 2560 0.5000
163 1.0000 2654 0.5000
163 1.0000 2750 0.5000
163 1.0000 2846 0.5000
163 1.0000 2938 0.5000
163 1.0000 3032 0.5000
163 1.0000 3126 0.5000
163 1.0000 3222 0.5000
163 1.0000 3316 0.5000
163 1.0000 3410 0.5000
163 1.0000 3504 0.5000
163 1.0000 3596 0.5000
163 1.0000 3692 0.5000
163 1.0000 3788 0.5000
163 1.0000 3880 0.5000
163 1.0000 3970 0.5000
163 1.0000 4060 0.5000
163 1.0000 4150 0.5000
163 1.0000 4240 0.5000
163 0.7265 4332 0.5000
163 0.0917 4428 0.6423
163 0.5000 1625 0.5000
163 1.0000 1721 0.5000
163 1.0000 1811 0.5000
163 1.0000 1901 0.5000
163 1.0000 1995 0.5000
163 1.0000 2089 0.5000
163 1.0000 2183 0.5000
163 1.0000 2279 0.5000
163 1.0000 2373 0.5000
163 1.0000 2467 0.5000
163 1.0000 2561 0.5000
163 1.0000 2655 0.5000
163 1.0000 2751 0.5000
163 1.0000 2847 0.5000
163 1.0000 2939 0.5000
163 1.0000 3033 0.5000
163 1.0000 3127 0.5000
163 1.0000 3223 0.5000
163 1.0000 3317 0.5000
163 1.0000 3411 0.5000
163 1.0000 3505 0.5000
163 1.0000 3597 0.5000
163 1.0000 3693 0.5000
163 1.0000 3789 0.5000
163 1.0000 3881 0.5000
163 1.0000 3971 0.5000
163 1.0000 4061 0.5000
163 0.9811 4151 0.5000
163 0.4667 4241 0.5007
163 0.0068 4333 0.7951
163 0.5000 1626 0.5000
163 1.0000 1722 0.5000
163 1.0000 1812 0.5000
163 1.0000 1902 0.5000
163 1.0000 1996 0.5000
163 1.0000 2090 0.5000
163 1.0000 2184 0.5000
163 1.0000 2280 0.5000
163 1.0000 2374 0.5000
163 1.0000 2468 0.5000
163 1.0000 2562 0.5000
163 1.0000 2656 0.5000
163 1.0000 2752 0.5000
163 1.0000 2848 0.5000
163 1.0000 2940 0.5000
163 1.0000 3034 0.5000
163 1.0000 3128 0.5000
163 1.0000 3224 0.5000
163 1.0000 3318 0.5000
163 1.0000 3412 0.5000
163 1.0000 3506 0.5000
163 1.0000 3598 0.5000
163 1.0000 3694 0.5000
163 1.0000 3790 0.5000
163 1.0000 3882 0.5000
163 1.0000 3972 0.5000
163 0.8720 4062 0.5000
163 0.2189 4152 0.5555
163 0.5000 1627 0.5000
163 1.0000 1723 0.5000
163 1.0000 1813 0.5000
163 1.0000 1903 0.5000
163 1.0000 1997 0.5000
163 1.0000 2091 0.5000
163 1.0000 2185 0.5000
163 1.0000 2281 0.5000
163 1.0000 2375 0.5000
163 1.0000 2469 0.5000
163 1.0000 2563 0.5000
163 1.0000 2657 0.5000
163 1.0000 2753 0.5000
163 1.0000 2849 0.5000
163 1.0000 2941 0.5000
163 1.0000 3035 0.5000
163 1.0000 3129 0.5000
163 1.0000 3225 0.5000
163 1.0000 3319 0.5000
163 1.0000 3413 0.5000
163 1.0000 3507 0.5000
163 1.0000 3599 0.5000
163 1.0000 3695 0.5000
163 1.0000 3791 0.5000
163 1.0000 3883 0.5000
163 0.6659 3973 0.5000
163 0.0614 4063 0.6774
163 0.5000 1628 0.5000
163 1.0000 1724 0.5000
163 1.0000 1814 0.5000
163 1.0000 1904 0.5000
163 1.0000 1998 0.5000
163 1.0000 2092 0.5000
163 1.0000 2186 0.5000
163 1.0000 2282 0.5000
163 1.0000 2376 0.5000
163 1.0000 2470 0.5000
163 1.0000 2564 0.5000
163 1.0000 2658 0.5000
163 1.0000 2754 0.5000
163 1.0000 2850 0.5000
163 1.0000 2942 0.5000
163 1.0000 3036 0.5000
163 1.0000 3130 0.5000
163 1.0000 3226 0.5000
163 1.0000 3320 0.5000
163 1.0000 3414 0.5000
163 1.0000 3508 0.5000
163 1.0000 3600 0.5000
163 1.0000 3696 0.5000
163 0.9629 3792 0.5000
163 0.4000 3884 0.5065
163 0.0008 3973 0.8406
163 0.5000 1629 0.5000
163 1.0000 1725 0.5000
163 1.0000 1815 0.5000
163 1.0000 1905 0.5000
163 1.0000 1999 0.5000
163 1.0000 2093 0.5000
163 1.0000 2187 0.5000
163 1.0000 2283 0.5000
163 1.0000 2377 0.5000
163 1.0000 2471 0.5000
163 1.0000 2565 0.5000
163 1.0000 2659 0.5000
163 1.0000 2755 0.5000
163 1.0000 2851 0.5000
163 1.0000 2943 0.5000
163 1.0000 3037 0.5000
163 1.0000 3131 0.5000
163 1.0000 3227 0.5000
163 1.0000 3321 0.5000
163 1.0000 3415 0.5000
163 1.0000 3509 0.5000
163 1.0000 3601 0.5000
163 0.8295 3697 0.5000
163 0.1705 3793 0.5809
163 0.5000 1630 0.5000
163 1.0000 1726 0.5000
163 1.0000 1816 0.5000
163 1.0000 1906 0.5000
163 1.0000 2000 0.5000
163 1.0000 2094 0.5000
163 1.0000 2188 0.5000
163 1.0000 2284 0.5000
163 1.0000 2378 0.5000
163 1.0000 2472 0.5000
163 1.0000 2566 0.5000
163 1.0000 2660 0.5000
163 1.0000 2756 0.5000
163 1.0000 2852 0.5000
163 1.0000 2944 0.5000
163 1.0000 3038 0.5000
163 1.0000 3132 0.5000
163 1.0000 3228 0.5000
163 1.0000 3322 0.5000
163 1.0000 3416 0.5000
163 0.9992 3510 0.5000
163 0.6000 3602 0.5000
163 0.0371 3698 0.7147
163 0.5000 1631 0.5000
163 1.0000 1727 0.5000
163 1.0000 1817 0.5000
163 1.0000 1907 0.5000
163 1.0000 2001 0.5000
163 1.0000 2095 0.5000
163 1.0000 2189 0.5000
163 1.0000 2285 0.5000
163 1.0000 2379 0.5000
163 1.0000 2473 0.5000
163 1.0000 2567 0.5000
163 1.0000 2661 0.5000
163 1.0000 2757 0.5000
163 1.0000 2853 0.5000
163 1.0000 2945 0.5000
163 1.0000 3039 0.5000
163 1.0000 3133 0.5000
163 1.0000 3229 0.5000
163 1.0000 3323 0.5000
163 0.9386 3417 0.5000
163 0.3341 3511 0.5177
163 0.5000 1632 0.5000
163 1.0000 1728 0.5000
163 1.0000 1818 0.5000
163 1.0000 1908 0.5000
163 1.0000 2002 0.5000
163 1.0000 2096 0.5000
163 1.0000 2190 0.5000
163 1.0000 2286 0.5000
163 1.0000 2380 0.5000
163 1.0000 2474 0.5000
163 1.0000 2568 0.5000
163 1.0000 2662 0.5000
163 1.0000 2758 0.5000
163 1.0000 2854 0.5000
163 1.0000 2946 0.5000
163 1.0000 3040 0.5000
163 1.0000 3134 0.5000
163 1.0000 3230 0.5000
163 0.7811 3324 0.5000
163 0.1280 3418 0.6100
163 0.5000 1633 0.5000
163 1.0000 1729 0.5000
163 1.0000 1819 0.5000
163 1.0000 1909 0.5000
163 1.0000 2003 0.5000
163 1.0000 2097 0.5000
163 1.0000 2191 0.5000
163 1.0000 2287 0.5000
163 1.0000 2381 0.5000
163 1.0000 2475 0.5000
163 1.0000 2569 0.5000
163 1.0000 2663 0.5000
163 1.0000 2759 0.5000
163 1.0000 2855 0.5000
163 1.0000 2947 0.5000
163 1.0000 3041 0.5000
163 0.9932 3135 0.5000
163 0.5333 3231 0.5000
163 0.0189 3325 0.7541
163 0.5000 1634 0.5000
163 1.0000 1730 0.5000
163 1.0000 1820 0.5000
163 1.0000 1910 0.5000
163 1.0000 2004 0.5000
163 1.0000 2098 0.5000
163 1.0000 2192 0.5000
163 1.0000 2288 0.5000
163 1.0000 2382 0.5000
163 1.0000 2476 0.5000
163 1.0000 2570 0.5000
163 1.0000 2664 0.5000
163 1.0000 2760 0.5000
163 1.0000 2856 0.5000
163 1.0000 2948 0.5000
163 0.9083 3042 0.5000
163 0.2735 3136 0.5342
163 0.5000 1635 0.5000
163 1.0000 1731 0.5000
163 1.0000 1821 0.5000
163 1.0000 1911 0.5000
163 1.0000 2005 0.5000
163 1.0000 2099 0.5000
163 1.0000 2193 0.5000
163 1.0000 2289 0.5000
163 1.0000 2383 0.5000
163 1.0000 2477 0.5000
163 1.0000 2571 0.5000
163 1.0000 2665 0.5000
163 1.0000 2761 0.5000
163 1.0000 2857 0.5000
163 0.7265 2949 0.5000
163 0.0917 3043 0.6423
163 0.5000 1636 0.5000
163 1.0000 1732 0.5000
163 1.0000 1822 0.5000
163 1.0000 1912 0.5000
163 1.0000 2006 0.5000
163 1.0000 2100 0.5000
163 1.0000 2194 0.5000
163 1.0000 2290 0.5000
163 1.0000 2384 0.5000
163 1.0000 2478 0.5000
163 1.0000 2572 0.5000
163 1.0000 2666 0.5000
163 0.9811 2762 0.5000
163 0.4667 2858 0.5007
163 0.0068 2950 0.7951
163 0.5000 1637 0.5000
163 1.0000 1733 0.5000
163 1.0000 1823 0.5000
163 1.0000 1913 0.5000
163 1.0000 2007 0.5000
163 1.0000 2101 0.5000
163 1.0000 2195 0.5000
163 1.0000 2291 0.5000
163 1.0000 2385 0.5000
163 1.0000 2479 0.5000
163 1.0000 2573 0.5000
163 0.8720 2667 0.5000
163 0.2189 2763 0.5555
163 0.5000 1638 0.5000
163 1.0000 1734 0.5000
163 1.0000 1824 0.5000
163 1.0000 1914 0.5000
163 1.0000 2008 0.5000
163 1.0000 2102 0.5000
163 1.0000 2196 0.5000
163 1.0000 2292 0.5000
163 1.0000 2386 0.5000
163 1.0000 2480 0.5000
163 0.6659 2574 0.5000
163 0.0614 2668 0.6774
163 0.5000 1639 0.5000
163 1.0000 1735 0.5000
163 1.0000 1825 0.5000
163 1.0000 1915 0.5000
163 1.0000 2009 0.5000
163 1.0000 2103 0.5000
163 1.0000 2197 0.5000
163 1.0000 2293 0.5000
163 0.9629 2387 0.5000
163 0.4000 2481 0.5065
163 0.0008 2574 0.8406
163 0.5000 1640 0.5000
163 1.0000 1736 0.5000
163 1.0000 1826 0.5000
163 1.0000 1916 0.5000
163 1.0000 2010 0.5000
163 1.0000 2104 0.5000
163 1.0000 2198 0.5000
163 0.8295 2294 0.5000
163 0.1705 2388 0.5809
163 0.5000 1641 0.5000
163 1.0000 1737 0.5000
163 1.0000 1827 0.5000
163 1.0000 1917 0.5000
163 1.0000 2011 0.5000
163 0.9992 2105 0.5000
163 0.6000 2199 0.5000
163 0.0371 2295 0.7147
163 0.5000 1642 0.5000
163 1.0000 1738 0.5000
163 1.0000 1828 0.5000
163 1.0000 1918 0.5000
163 0.9386 2012 0.5000
163 0.3341 2106 0.5177
163 0.5000 1643 0.5000
163 1.0000 1739 0.5000
163 1.0000 1829 0.5000
163 0.7811 1919 0.5000
163 0.1280 2013 0.6100
163 0.5000 1644 0.5000
163 0.9932 1740 0.5000
163 0.5333 1830 0.5000
163 0.0189 1920 0.7541
163 0.4083 1645 0.5000
163 0.2735 1741 0.5342
164 0.2735 4332 0.5342
164 0.4083 4428 0.5000
164 0.0189 4151 0.7541
164 0.5333 4241 0.5000
164 0.9932 4333 0.5000
164 0.5000 4429 0.5000
164 0.1280 4062 0.6100
164 0.7811 4152 0.5000
164 1.0000 4242 0.5000
164 1.0000 4334 0.5000
164 0.5000 4430 0.5000
164 0.3341 3973 0.5177
164 0.9386 4063 0.5000
164 1.0000 4153 0.5000
164 1.0000 4243 0.5000
164 1.0000 4335 0.5000
164 0.5000 4431 0.5000
164 0.0371 3792 0.7147
164 0.6000 3884 0.5000
164 0.9992 3974 0.5000
164 1.0000 4064 0.5000
164 1.0000 4154 0.5000
164 1.0000 4244 0.5000
164 1.0000 4336 0.5000
164 0.5000 4432 0.5000
164 0.1705 3697 0.5809
164 0.8295 3793 0.5000
164 1.0000 3885 0.5000
164 1.0000 3975 0.5000
164 1.0000 4065 0.5000
164 1.0000 4155 0.5000
164 1.0000 4245 0.5000
164 1.0000 4337 0.5000
164 0.5000 4433 0.5000
164 0.0008 3511 0.8406
164 0.4000 3602 0.5065
164 0.9629 3698 0.5000
164 1.0000 3794 0.5000
164 1.0000 3886 0.5000
164 1.0000 3976 0.5000
164 1.0000 4066 0.5000
164 1.0000 4156 0.5000
164 1.0000 4246 0.5000
164 1.0000 4338 0.5000
164 0.5000 4434 0.5000
164 0.0614 3417 0.6774
164 0.6659 3511 0.5000
164 1.0000 3603 0.5000
164 1.0000 3699 0.5000
164 1.0000 3795 0.5000
164 1.0000 3887 0.5000
164 1.0000 3977 0.5000
164 1.0000 4067 0.5000
164 1.0000 4157 0.5000
164 1.0000 4247 0.5000
164 1.0000 4339 0.5000
164 0.5000 4435 0.5000
164 0.2189 3324 0.5555
164 0.8720 3418 0.5000
164 1.0000 3512 0.5000
164 1.0000 3604 0.5000
164 1.0000 3700 0.5000
164 1.0000 3796 0.5000
164 1.0000 3888 0.5000
164 1.0000 3978 0.5000
164 1.0000 4068 0.5000
164 1.0000 4158 0.5000
164 1.0000 4248 0.5000
164 1.0000 4340 0.5000
164 0.5000 4436 0.5000
164 0.0068 3135 0.7951
164 0.4667 3231 0.5007
164 0.9811 3325 0.5000
164 1.0000 3419 0.5000
164 1.0000 3513 0.5000
164 1.0000 3605 0.5000
164 1.0000 3701 0.5000
164 1.0000 3797 0.5000
164 1.0000 3889 0.5000
164 1.0000 3979 0.5000
164 1.0000 4069 0.5000
164 1.0000 4159 0.5000
164 1.0000 4249 0.5000
164 1.0000 4341 0.5000
164 0.5000 4437 0.5000
164 0.0917 3042 0.6423
164 0.7265 3136 0.5000
164 1.0000 3232 0.5000
164 1.0000 3326 0.5000
164 1.0000 3420 0.5000
164 1.0000 3514 0.5000
164 1.0000 3606 0.5000
164 1.0000 3702 0.5000
164 1.0000 3798 0.5000
164 1.0000 3890 0.5000
164 1.0000 3980 0.5000
164 1.0000 4070 0.5000
164 1.0000 4160 0.5000
164 1.0000 4250 0.5000
164 1.0000 4342 0.5000
164 0.5000 4438 0.5000
164 0.2735 2949 0.5342
164 0.9083 3043 0.5000
164 1.0000 3137 0.5000
164 1.0000 3233 0.5000
164 1.0000 3327 0.5000
164 1.0000 3421 0.5000
164 1.0000 3515 0.5000
164 1.0000 3607 0.5000
164 1.0000 3703 0.5000
164 1.0000 3799 0.5000
164 1.0000 3891 0.5000
164 1.0000 3981 0.5000
164 1.0000 4071 0.5000
164 1.0000 4161 0.5000
164 1.0000 4251 0.5000
164 1.0000 4343 0.5000
164 0.5000 4439 0.5000
164 0.0189 2762 0.7541
164 0.5333 2858 0.5000
164 0.9932 2950 0.5000
164 1.0000 3044 0.5000
164 1.0000 3138 0.5000
164 1.0000 3234 0.5000
164 1.0000 3328 0.5000
164 1.0000 3422 0.5000
164 1.0000 3516 0.5000
164 1.0000 3608 0.5000
164 1.0000 3704 0.5000
164 1.0000 3800 0.5000
164 1.0000 3892 0.5000
164 1.0000 3982 0.5000
164 1.0000 4072 0.5000
164 1.0000 4162 0.5000
164 1.0000 4252 0.5000
164 1.0000 4344 0.5000
164 0.5000 4440 0.5000
164 0.1280 2667 0.6100
164 0.7811 2763 0.5000
164 1.0000 2859 0.5000
164 1.0000 2951 0.5000
164 1.0000 3045 0.5000
164 1.0000 3139 0.5000
164 1.0000 3235 0.5000
164 1.0000 3329 0.5000
164 1.0000 3423 0.5000
164 1.0000 3517 0.5000
164 1.0000 3609 0.5000
164 1.0000 3705 0.5000
164 1.0000 3801 0.5000
164 1.0000 3893 0.5000
164 1.0000 3983 0.5000
164 1.0000 4073 0.5000
164 1.0000 4163 0.5000
164 1.0000 4253 0.5000
164 1.0000 4345 0.5000
164 0.5000 4441 0.5000
164 0.3341 2574 0.5177
164 0.9386 2668 0.5000
164 1.0000 2764 0.5000
164 1.0000 2860 0.5000
164 1.0000 2952 0.5000
164 1.0000 3046 0.5000
164 1.0000 3140 0.5000
164 1.0000 3236 0.5000
164 1.0000 3330 0.5000
164 1.0000 3424 0.5000
164 1.0000 3518 0.5000
164 1.0000 3610 0.5000
164 1.0000 3706 0.5000
164 1.0000 3802 0.5000
164 1.0000 3894 0.5000
164 1.0000 3984 0.5000
164 1.0000 4074 0.5000
164 1.0000 4164 0.5000
164 1.0000 4254 0.5000
164 1.0000 4346 0.5000
164 0.5000 4442 0.5000
164 0.0371 2387 0.7147
164 0.6000 2481 0.5000
164 0.9992 2575 0.5000
164 1.0000 2669 0.5000
164 1.0000 2765 0.5000
164 1.0000 2861 0.5000
164 1.0000 2953 0.5000
164 1.0000 3047 0.5000
164 1.0000 3141 0.5000
164 1.0000 3237 0.5000
164 1.0000 3331 0.5000
164 1.0000 3425 0.5000
164 1.0000 3519 0.5000
164 1.0000 3611 0.5000
164 1.0000 3707 0.5000
164 1.0000 3803 0.5000
164 1.0000 3895 0.5000
164 1.0000 3985 0.5000
164 1.0000 4075 0.5000
164 1.0000 4165 0.5000
164 1.0000 4255 0.5000
164 1.0000 4347 0.5000
164 0.5000 4443 0.5000
164 0.1705 2294 0.5809
164 0.8295 2388 0.5000
164 1.0000 2482 0.5000
164 1.0000 2576 0.5000
164 1.0000 2670 0.5000
164 1.0000 2766 0.5000
164 1.0000 2862 0.5000
164 1.0000 2954 0.5000
164 1.0000 3048 0.5000
164 1.0000 3142 0.5000
164 1.0000 3238 0.5000
164 1.0000 3332 0.5000
164 1.0000 3426 0.5000
164 1.0000 3520 0.5000
164 1.0000 3612 0.5000
164 1.0000 3708 0.5000
164 1.0000 3804 0.5000
164 1.0000 3896 0.5000
164 1.0000 3986 0.5000
164 1.0000 4076 0.5000
164 1.0000 4166 0.5000
164 1.0000 4256 0.5000
164 1.0000 4348 0.5000
164 0.5000 4444 0.5000
164 0.0008 2106 0.8406
164 0.4000 2199 0.5065
164 0.9629 2295 0.5000
164 1.0000 2389 0.5000
164 1.0000 2483 0.5000
164 1.0000 2577 0.5000
164 1.0000 2671 0.5000
164 1.0000 2767 0.5000
164 1.0000 2863 0.5000
164 1.0000 2955 0.5000
164 1.0000 3049 0.5000
164 1.0000 3143 0.5000
164 1.0000 3239 0.5000
164 1.0000 3333 0.5000
164 1.0000 3427 0.5000
164 1.0000 3521 0.5000
164 1.0000 3613 0.5000
164 1.0000 3709 0.5000
164 1.0000 3805 0.5000
164 1.0000 3897 0.5000
164 1.0000 3987 0.5000
164 1.0000 4077 0.5000
164 1.0000 4167 0.5000
164 1.0000 4257 0.5000
164 1.0000 4349 0.5000
164 0.5000 4445 0.5000
164 0.0614 2012 0.6774
164 0.6659 2106 0.5000
164 1.0000 2200 0.5000
164 1.0000 2296 0.5000
164 1.0000 2390 0.5000
164 1.0000 2484 0.5000
164 1.0000 2578 0.5000
164 1.0000 2672 0.5000
164 1.0000 2768 0.5000
164 1.0000 2864 0.5000
164 1.0000 2956 0.5000
164 1.0000 3050 0.5000
164 1.0000 3144 0.5000
164 1.0000 3240 0.5000
164 1.0000 3334 0.5000
164 1.0000 3428 0.5000
164 1.0000 3522 0.5000
164 1.0000 3614 0.5000
164 1.0000 3710 0.5000
164 1.0000 3806 0.5000
164 1.0000 3898 0.5000
164 1.0000 3988 0.5000
164 1.0000 4078 0.5000
164 1.0000 4168 0.5000
164 1.0000 4258 0.5000
164 1.0000 4350 0.5000
164 0.5000 4446 0.5000
164 0.2189 1919 0.5555
164 0.8720 2013 0.5000
164 1.0000 2107 0.5000
164 1.0000 2201 0.5000
164 1.0000 2297 0.5000
164 1.0000 2391 0.5000
164 1.0000 2485 0.5000
164 1.0000 2579 0.5000
164 1.0000 2673 0.5000
164 1.0000 2769 0.5000
164 1.0000 2865 0.5000
164 1.0000 2957 0.5000
164 1.0000 3051 0.5000
164 1.0000 3145 0.5000
164 1.0000 3241 0.5000
164 1.0000 3335 0.5000
164 1.0000 3429 0.5000
164 1.0000 3523 0.5000
164 1.0000 3615 0.5000
164 1.0000 3711 0.5000
164 1.0000 3807 0.5000
164 1.0000 3899 0.5000
164 1.0000 3989 0.5000
164 1.0000 4079 0.5000
164 1.0000 4169 0.5000
164 1.0000 4259 0.5000
164 1.0000 4351 0.5000
164 0.5000 4447 0.5000
164 0.0068 1740 0.7951
164 0.4667 1830 0.5007
164 0.9811 1920 0.5000
164 1.0000 2014 0.5000
164 1.0000 2108 0.5000
164 1.0000 2202 0.5000
164 1.0000 2298 0.5000
164 1.0000 2392 0.5000
164 1.0000 2486 0.5000
164 1.0000 2580 0.5000
164 1.0000 2674 0.5000
164 1.0000 2770 0.5000
164 1.0000 2866 0.5000
164 1.0000 2958 0.5000
164 1.0000 3052 0.5000
164 1.0000 3146 0.5000
164 1.0000 3242 0.5000
164 1.0000 3336 0.5000
164 1.0000 3430 0.5000
164 1.0000 3524 0.5000
164 1.0000 3616 0.5000
164 1.0000 3712 0.5000
164 1.0000 3808 0.5000
164 1.0000 3900 0.5000
164 1.0000 3990 0.5000
164 1.0000 4080 0.5000
164 1.0000 4170 0.5000
164 1.0000 4260 0.5000
164 1.0000 4352 0.5000
164 0.5000 4448 0.5000
164 0.0917 1645 0.6423
164 0.7265 1741 0.5000
164 1.0000 1831 0.5000
164 1.0000 1921 0.5000
164 1.0000 2015 0.5000
164 1.0000 2109 0.5000
164 1.0000 2203 0.5000
164 1.0000 2299 0.5000
164 1.0000 2393 0.5000
164 1.0000 2487 0.5000
164 1.0000 2581 0.5000
164 1.0000 2675 0.5000
164 1.0000 2771 0.5000
164 1.0000 2867 0.5000
164 1.0000 2959 0.5000
164 1.0000 3053 0.5000
164 1.0000 3147 0.5000
164 1.0000 3243 0.5000
164 1.0000 3337 0.5000
164 1.0000 3431 0.5000
164 1.0000 3525 0.5000
164 1.0000 3617 0.5000
164 1.0000 3713 0.5000
164 1.0000 3809 0.5000
164 1.0000 3901 0.5000
164 1.0000 3991 0.5000
164 1.0000 4081 0.5000
164 1.0000 4171 0.5000
164 1.0000 4261 0.5000
164 1.0000 4353 0.5000
164 0.5000 4449 0.5000
