# position (i,j,k), distance to surface, reconstruction point location
1 1 1
2 1 1
3 1 1
4 1 1
5 1 1
6 1 1
7 1 1
8 1 1
9 1 1
10 1 1
11 1 1
12 1 1
13 1 1
14 1 1
15 1 1
16 1 1
17 1 1
18 1 1
19 1 1
20 1 1
21 1 1
22 1 1
23 1 1
24 1 1
25 1 1
26 1 1
27 1 1
28 1 1
29 1 1
30 1 1
31 1 1
32 1 1
33 1 1
34 1 1
35 1 1
36 1 1
37 1 1
38 1 1
39 1 1
40 1 1
41 1 1
42 1 1
43 1 1
44 1 1
45 1 1
46 1 1
47 1 1
48 1 1
49 1 1
50 1 1
51 1 1
52 1 1
53 1 1
54 1 1
55 1 1
56 1 1
57 1 1
58 1 1
59 1 1
60 1 1
61 1 1
62 1 1
63 1 1
64 1 1
65 1 1
66 1 1
67 1 1
68 1 1
69 1 1
70 1 1
71 1 1
72 1 1
73 1 1
74 1 1
75 1 1
76 1 1
77 1 1
78 1 1
79 1 1
80 1 1
81 1 1
82 1 1
83 1 1
84 1 1
85 1 1
86 1 1
87 1 1
88 1 1
89 1 1
90 1 1
91 1 1
92 1 1
93 1 1
94 1 1
95 1 1
96 1 1
1 2 1
2 2 1
3 2 1
4 2 1
5 2 1
6 2 1
7 2 1
8 2 1
9 2 1
10 2 1
11 2 1
12 2 1
13 2 1
14 2 1
15 2 1
16 2 1
17 2 1
18 2 1
19 2 1
20 2 1
21 2 1
22 2 1
23 2 1
24 2 1
25 2 1
26 2 1
27 2 1
28 2 1
29 2 1
30 2 1
31 2 1
32 2 1
33 2 1
34 2 1
35 2 1
36 2 1
37 2 1
38 2 1
39 2 1
40 2 1
41 2 1
42 2 1
43 2 1
44 2 1
45 2 1
46 2 1
47 2 1
48 2 1
49 2 1
50 2 1
51 2 1
52 2 1
53 2 1
54 2 1
55 2 1
56 2 1
57 2 1
58 2 1
59 2 1
60 2 1
61 2 1
62 2 1
63 2 1
64 2 1
65 2 1
66 2 1
67 2 1
68 2 1
69 2 1
70 2 1
71 2 1
72 2 1
73 2 1
74 2 1
75 2 1
76 2 1
77 2 1
78 2 1
79 2 1
80 2 1
81 2 1
82 2 1
83 2 1
84 2 1
85 2 1
86 2 1
87 2 1
88 2 1
89 2 1
90 2 1
91 2 1
92 2 1
93 2 1
94 2 1
95 2 1
96 2 1
1 3 1
2 3 1
3 3 1
4 3 1
5 3 1
6 3 1
7 3 1
8 3 1
9 3 1
10 3 1
11 3 1
12 3 1
13 3 1
14 3 1
15 3 1
16 3 1
17 3 1
18 3 1
19 3 1
20 3 1
21 3 1
22 3 1
23 3 1
24 3 1
25 3 1
26 3 1
27 3 1
28 3 1
29 3 1
30 3 1
31 3 1
32 3 1
33 3 1
34 3 1
35 3 1
36 3 1
37 3 1
38 3 1
39 3 1
40 3 1
41 3 1
42 3 1
43 3 1
44 3 1
45 3 1
46 3 1
47 3 1
48 3 1
49 3 1
50 3 1
51 3 1
52 3 1
53 3 1
54 3 1
55 3 1
56 3 1
57 3 1
58 3 1
59 3 1
60 3 1
61 3 1
62 3 1
63 3 1
64 3 1
65 3 1
66 3 1
67 3 1
68 3 1
69 3 1
70 3 1
71 3 1
72 3 1
73 3 1
74 3 1
75 3 1
76 3 1
77 3 1
78 3 1
79 3 1
80 3 1
81 3 1
82 3 1
83 3 1
84 3 1
85 3 1
86 3 1
87 3 1
88 3 1
89 3 1
90 3 1
91 3 1
92 3 1
93 3 1
94 3 1
95 3 1
96 3 1
1 4 1
2 4 1
3 4 1
4 4 1
5 4 1
6 4 1
7 4 1
8 4 1
9 4 1
10 4 1
11 4 1
12 4 1
13 4 1
14 4 1
15 4 1
16 4 1
17 4 1
18 4 1
19 4 1
20 4 1
21 4 1
22 4 1
23 4 1
24 4 1
25 4 1
26 4 1
27 4 1
28 4 1
29 4 1
30 4 1
31 4 1
32 4 1
33 4 1
34 4 1
35 4 1
36 4 1
37 4 1
38 4 1
39 4 1
40 4 1
41 4 1
42 4 1
43 4 1
44 4 1
45 4 1
46 4 1
47 4 1
48 4 1
49 4 1
50 4 1
51 4 1
52 4 1
53 4 1
54 4 1
55 4 1
56 4 1
57 4 1
58 4 1
59 4 1
60 4 1
61 4 1
62 4 1
63 4 1
64 4 1
65 4 1
66 4 1
67 4 1
68 4 1
69 4 1
70 4 1
71 4 1
72 4 1
73 4 1
74 4 1
75 4 1
76 4 1
77 4 1
78 4 1
79 4 1
80 4 1
81 4 1
82 4 1
83 4 1
84 4 1
85 4 1
86 4 1
87 4 1
88 4 1
89 4 1
90 4 1
91 4 1
92 4 1
93 4 1
94 4 1
95 4 1
96 4 1
1 5 1
2 5 1
3 5 1
4 5 1
5 5 1
6 5 1
7 5 1
8 5 1
9 5 1
10 5 1
11 5 1
12 5 1
13 5 1
14 5 1
15 5 1
16 5 1
17 5 1
18 5 1
19 5 1
20 5 1
21 5 1
22 5 1
23 5 1
24 5 1
25 5 1
26 5 1
27 5 1
28 5 1
29 5 1
30 5 1
31 5 1
32 5 1
33 5 1
34 5 1
35 5 1
36 5 1
37 5 1
38 5 1
39 5 1
40 5 1
41 5 1
42 5 1
43 5 1
44 5 1
45 5 1
46 5 1
47 5 1
48 5 1
49 5 1
50 5 1
51 5 1
52 5 1
53 5 1
54 5 1
55 5 1
56 5 1
57 5 1
58 5 1
59 5 1
60 5 1
61 5 1
62 5 1
63 5 1
64 5 1
65 5 1
66 5 1
67 5 1
68 5 1
69 5 1
70 5 1
71 5 1
72 5 1
73 5 1
74 5 1
75 5 1
76 5 1
77 5 1
78 5 1
79 5 1
80 5 1
81 5 1
82 5 1
83 5 1
84 5 1
85 5 1
86 5 1
87 5 1
88 5 1
89 5 1
90 5 1
91 5 1
92 5 1
93 5 1
94 5 1
95 5 1
96 5 1
1 6 1
2 6 1
3 6 1
4 6 1
5 6 1
8 6 1
9 6 1
10 6 1
11 6 1
12 6 1
13 6 1
14 6 1
15 6 1
16 6 1
17 6 1
18 6 1
19 6 1
20 6 1
21 6 1
22 6 1
23 6 1
24 6 1
25 6 1
26 6 1
27 6 1
28 6 1
29 6 1
30 6 1
31 6 1
32 6 1
33 6 1
34 6 1
35 6 1
36 6 1
37 6 1
38 6 1
39 6 1
40 6 1
43 6 1
44 6 1
45 6 1
46 6 1
47 6 1
48 6 1
49 6 1
50 6 1
51 6 1
52 6 1
53 6 1
54 6 1
55 6 1
56 6 1
57 6 1
58 6 1
59 6 1
60 6 1
61 6 1
62 6 1
63 6 1
64 6 1
65 6 1
66 6 1
67 6 1
68 6 1
69 6 1
70 6 1
71 6 1
72 6 1
73 6 1
74 6 1
75 6 1
76 6 1
77 6 1
78 6 1
79 6 1
80 6 1
81 6 1
82 6 1
83 6 1
84 6 1
85 6 1
86 6 1
87 6 1
88 6 1
89 6 1
90 6 1
91 6 1
92 6 1
93 6 1
94 6 1
95 6 1
96 6 1
1 7 1
2 7 1
3 7 1
4 7 1
5 7 1
8 7 1
9 7 1
10 7 1
11 7 1
12 7 1
13 7 1
14 7 1
15 7 1
16 7 1
17 7 1
18 7 1
19 7 1
20 7 1
21 7 1
22 7 1
23 7 1
24 7 1
25 7 1
26 7 1
27 7 1
28 7 1
29 7 1
30 7 1
31 7 1
32 7 1
33 7 1
34 7 1
35 7 1
36 7 1
37 7 1
38 7 1
39 7 1
40 7 1
43 7 1
44 7 1
45 7 1
46 7 1
47 7 1
48 7 1
49 7 1
50 7 1
51 7 1
52 7 1
53 7 1
54 7 1
55 7 1
58 7 1
59 7 1
60 7 1
61 7 1
62 7 1
63 7 1
64 7 1
65 7 1
66 7 1
67 7 1
68 7 1
69 7 1
70 7 1
71 7 1
72 7 1
73 7 1
74 7 1
75 7 1
76 7 1
77 7 1
78 7 1
79 7 1
80 7 1
81 7 1
82 7 1
83 7 1
84 7 1
85 7 1
86 7 1
87 7 1
88 7 1
89 7 1
90 7 1
91 7 1
92 7 1
93 7 1
94 7 1
95 7 1
96 7 1
1 8 1
2 8 1
3 8 1
4 8 1
5 8 1
6 8 1
7 8 1
8 8 1
9 8 1
10 8 1
11 8 1
12 8 1
13 8 1
14 8 1
15 8 1
16 8 1
17 8 1
18 8 1
19 8 1
20 8 1
21 8 1
22 8 1
23 8 1
24 8 1
25 8 1
26 8 1
27 8 1
28 8 1
29 8 1
30 8 1
31 8 1
32 8 1
33 8 1
34 8 1
35 8 1
36 8 1
37 8 1
38 8 1
39 8 1
40 8 1
41 8 1
42 8 1
43 8 1
44 8 1
45 8 1
46 8 1
47 8 1
48 8 1
49 8 1
50 8 1
51 8 1
52 8 1
53 8 1
54 8 1
55 8 1
58 8 1
59 8 1
60 8 1
61 8 1
62 8 1
63 8 1
64 8 1
65 8 1
66 8 1
67 8 1
68 8 1
69 8 1
70 8 1
71 8 1
72 8 1
73 8 1
74 8 1
75 8 1
76 8 1
77 8 1
78 8 1
81 8 1
82 8 1
83 8 1
84 8 1
85 8 1
86 8 1
87 8 1
88 8 1
89 8 1
90 8 1
91 8 1
92 8 1
93 8 1
94 8 1
95 8 1
96 8 1
1 9 1
2 9 1
3 9 1
4 9 1
5 9 1
6 9 1
7 9 1
8 9 1
11 9 1
12 9 1
13 9 1
14 9 1
15 9 1
16 9 1
17 9 1
18 9 1
19 9 1
20 9 1
21 9 1
22 9 1
23 9 1
24 9 1
25 9 1
26 9 1
27 9 1
28 9 1
29 9 1
30 9 1
31 9 1
32 9 1
33 9 1
34 9 1
35 9 1
36 9 1
37 9 1
38 9 1
39 9 1
40 9 1
41 9 1
42 9 1
43 9 1
44 9 1
45 9 1
46 9 1
47 9 1
48 9 1
49 9 1
50 9 1
51 9 1
52 9 1
53 9 1
54 9 1
55 9 1
56 9 1
57 9 1
58 9 1
59 9 1
60 9 1
61 9 1
62 9 1
63 9 1
64 9 1
65 9 1
66 9 1
67 9 1
68 9 1
69 9 1
70 9 1
71 9 1
72 9 1
73 9 1
74 9 1
75 9 1
76 9 1
77 9 1
78 9 1
81 9 1
82 9 1
83 9 1
84 9 1
85 9 1
86 9 1
87 9 1
88 9 1
89 9 1
90 9 1
91 9 1
92 9 1
93 9 1
94 9 1
95 9 1
96 9 1
1 10 1
2 10 1
3 10 1
4 10 1
5 10 1
6 10 1
7 10 1
8 10 1
11 10 1
12 10 1
13 10 1
14 10 1
15 10 1
16 10 1
17 10 1
18 10 1
19 10 1
20 10 1
21 10 1
22 10 1
23 10 1
24 10 1
25 10 1
26 10 1
27 10 1
28 10 1
29 10 1
30 10 1
31 10 1
32 10 1
33 10 1
34 10 1
35 10 1
36 10 1
37 10 1
38 10 1
39 10 1
40 10 1
41 10 1
42 10 1
43 10 1
44 10 1
45 10 1
46 10 1
47 10 1
48 10 1
49 10 1
50 10 1
51 10 1
52 10 1
53 10 1
54 10 1
55 10 1
56 10 1
57 10 1
58 10 1
59 10 1
60 10 1
61 10 1
62 10 1
63 10 1
64 10 1
65 10 1
66 10 1
67 10 1
68 10 1
69 10 1
70 10 1
71 10 1
72 10 1
73 10 1
74 10 1
75 10 1
76 10 1
77 10 1
78 10 1
79 10 1
80 10 1
81 10 1
82 10 1
83 10 1
84 10 1
85 10 1
86 10 1
87 10 1
88 10 1
89 10 1
90 10 1
91 10 1
92 10 1
93 10 1
94 10 1
95 10 1
96 10 1
1 11 1
2 11 1
3 11 1
4 11 1
5 11 1
6 11 1
7 11 1
8 11 1
9 11 1
10 11 1
11 11 1
12 11 1
13 11 1
14 11 1
15 11 1
16 11 1
17 11 1
18 11 1
19 11 1
20 11 1
21 11 1
22 11 1
23 11 1
24 11 1
25 11 1
26 11 1
27 11 1
28 11 1
29 11 1
30 11 1
31 11 1
32 11 1
33 11 1
34 11 1
35 11 1
36 11 1
37 11 1
38 11 1
39 11 1
40 11 1
41 11 1
42 11 1
43 11 1
44 11 1
45 11 1
46 11 1
47 11 1
48 11 1
49 11 1
50 11 1
51 11 1
52 11 1
53 11 1
54 11 1
55 11 1
56 11 1
57 11 1
58 11 1
59 11 1
60 11 1
61 11 1
62 11 1
63 11 1
64 11 1
65 11 1
66 11 1
67 11 1
68 11 1
69 11 1
70 11 1
71 11 1
72 11 1
73 11 1
74 11 1
75 11 1
76 11 1
77 11 1
78 11 1
79 11 1
80 11 1
81 11 1
82 11 1
83 11 1
84 11 1
85 11 1
88 11 1
89 11 1
90 11 1
91 11 1
92 11 1
93 11 1
94 11 1
95 11 1
96 11 1
1 12 1
2 12 1
3 12 1
4 12 1
5 12 1
6 12 1
7 12 1
8 12 1
9 12 1
10 12 1
11 12 1
12 12 1
13 12 1
14 12 1
15 12 1
16 12 1
17 12 1
18 12 1
19 12 1
20 12 1
21 12 1
22 12 1
23 12 1
24 12 1
25 12 1
26 12 1
27 12 1
28 12 1
29 12 1
30 12 1
31 12 1
32 12 1
33 12 1
34 12 1
35 12 1
36 12 1
37 12 1
38 12 1
39 12 1
40 12 1
41 12 1
42 12 1
43 12 1
44 12 1
45 12 1
46 12 1
47 12 1
48 12 1
49 12 1
50 12 1
51 12 1
52 12 1
53 12 1
54 12 1
55 12 1
56 12 1
57 12 1
58 12 1
59 12 1
60 12 1
63 12 1
64 12 1
65 12 1
66 12 1
67 12 1
68 12 1
69 12 1
70 12 1
71 12 1
72 12 1
73 12 1
74 12 1
75 12 1
76 12 1
77 12 1
78 12 1
79 12 1
80 12 1
81 12 1
82 12 1
83 12 1
84 12 1
85 12 1
88 12 1
89 12 1
90 12 1
91 12 1
92 12 1
93 12 1
94 12 1
95 12 1
96 12 1
1 13 1
2 13 1
3 13 1
4 13 1
5 13 1
6 13 1
7 13 1
8 13 1
9 13 1
10 13 1
11 13 1
12 13 1
13 13 1
14 13 1
15 13 1
16 13 1
17 13 1
18 13 1
19 13 1
20 13 1
21 13 1
22 13 1
23 13 1
24 13 1
25 13 1
26 13 1
27 13 1
28 13 1
29 13 1
30 13 1
31 13 1
32 13 1
33 13 1
34 13 1
35 13 1
36 13 1
37 13 1
38 13 1
39 13 1
40 13 1
43 13 1
44 13 1
45 13 1
46 13 1
47 13 1
48 13 1
49 13 1
50 13 1
51 13 1
52 13 1
53 13 1
54 13 1
55 13 1
56 13 1
57 13 1
58 13 1
59 13 1
60 13 1
63 13 1
64 13 1
65 13 1
66 13 1
67 13 1
68 13 1
69 13 1
70 13 1
71 13 1
72 13 1
73 13 1
74 13 1
75 13 1
76 13 1
77 13 1
78 13 1
79 13 1
80 13 1
81 13 1
82 13 1
83 13 1
84 13 1
85 13 1
86 13 1
87 13 1
88 13 1
89 13 1
90 13 1
91 13 1
92 13 1
93 13 1
94 13 1
95 13 1
96 13 1
1 14 1
2 14 1
3 14 1
4 14 1
5 14 1
6 14 1
7 14 1
8 14 1
9 14 1
10 14 1
11 14 1
12 14 1
13 14 1
14 14 1
15 14 1
16 14 1
17 14 1
18 14 1
19 14 1
20 14 1
21 14 1
22 14 1
23 14 1
24 14 1
25 14 1
26 14 1
27 14 1
28 14 1
29 14 1
30 14 1
31 14 1
32 14 1
33 14 1
34 14 1
35 14 1
36 14 1
37 14 1
38 14 1
39 14 1
40 14 1
43 14 1
44 14 1
45 14 1
46 14 1
47 14 1
48 14 1
49 14 1
50 14 1
51 14 1
52 14 1
53 14 1
54 14 1
55 14 1
56 14 1
57 14 1
58 14 1
59 14 1
60 14 1
61 14 1
62 14 1
63 14 1
64 14 1
65 14 1
66 14 1
67 14 1
68 14 1
69 14 1
70 14 1
71 14 1
72 14 1
73 14 1
74 14 1
75 14 1
76 14 1
77 14 1
78 14 1
79 14 1
80 14 1
81 14 1
82 14 1
83 14 1
84 14 1
85 14 1
86 14 1
87 14 1
88 14 1
89 14 1
90 14 1
91 14 1
92 14 1
93 14 1
94 14 1
95 14 1
96 14 1
1 15 1
2 15 1
3 15 1
4 15 1
5 15 1
6 15 1
7 15 1
8 15 1
9 15 1
10 15 1
11 15 1
12 15 1
13 15 1
14 15 1
15 15 1
16 15 1
17 15 1
18 15 1
19 15 1
20 15 1
21 15 1
22 15 1
23 15 1
24 15 1
25 15 1
26 15 1
27 15 1
28 15 1
29 15 1
30 15 1
31 15 1
32 15 1
33 15 1
34 15 1
35 15 1
36 15 1
37 15 1
38 15 1
39 15 1
40 15 1
41 15 1
42 15 1
43 15 1
44 15 1
45 15 1
46 15 1
47 15 1
48 15 1
49 15 1
50 15 1
51 15 1
52 15 1
53 15 1
54 15 1
55 15 1
56 15 1
57 15 1
58 15 1
59 15 1
60 15 1
61 15 1
62 15 1
63 15 1
64 15 1
65 15 1
66 15 1
67 15 1
68 15 1
69 15 1
70 15 1
71 15 1
72 15 1
73 15 1
74 15 1
75 15 1
76 15 1
77 15 1
78 15 1
79 15 1
80 15 1
81 15 1
82 15 1
83 15 1
84 15 1
85 15 1
86 15 1
87 15 1
88 15 1
89 15 1
90 15 1
91 15 1
92 15 1
93 15 1
94 15 1
95 15 1
96 15 1
1 16 1
2 16 1
3 16 1
4 16 1
5 16 1
6 16 1
7 16 1
8 16 1
9 16 1
10 16 1
11 16 1
12 16 1
13 16 1
14 16 1
15 16 1
16 16 1
17 16 1
18 16 1
19 16 1
20 16 1
21 16 1
22 16 1
23 16 1
24 16 1
25 16 1
26 16 1
27 16 1
28 16 1
29 16 1
30 16 1
31 16 1
32 16 1
33 16 1
34 16 1
35 16 1
36 16 1
37 16 1
38 16 1
39 16 1
40 16 1
41 16 1
42 16 1
43 16 1
44 16 1
45 16 1
46 16 1
47 16 1
48 16 1
49 16 1
50 16 1
51 16 1
52 16 1
53 16 1
54 16 1
55 16 1
56 16 1
57 16 1
58 16 1
59 16 1
60 16 1
61 16 1
62 16 1
63 16 1
64 16 1
65 16 1
66 16 1
67 16 1
68 16 1
69 16 1
70 16 1
71 16 1
72 16 1
73 16 1
74 16 1
75 16 1
76 16 1
77 16 1
78 16 1
79 16 1
80 16 1
81 16 1
82 16 1
83 16 1
84 16 1
85 16 1
86 16 1
87 16 1
88 16 1
89 16 1
90 16 1
91 16 1
92 16 1
93 16 1
94 16 1
95 16 1
96 16 1
1 17 1
2 17 1
3 17 1
4 17 1
5 17 1
6 17 1
7 17 1
8 17 1
9 17 1
10 17 1
11 17 1
12 17 1
13 17 1
14 17 1
15 17 1
16 17 1
17 17 1
18 17 1
19 17 1
20 17 1
21 17 1
22 17 1
23 17 1
24 17 1
25 17 1
26 17 1
27 17 1
28 17 1
29 17 1
30 17 1
31 17 1
32 17 1
33 17 1
34 17 1
35 17 1
36 17 1
37 17 1
38 17 1
39 17 1
40 17 1
41 17 1
42 17 1
43 17 1
44 17 1
45 17 1
46 17 1
47 17 1
48 17 1
49 17 1
50 17 1
51 17 1
52 17 1
53 17 1
54 17 1
55 17 1
56 17 1
57 17 1
58 17 1
59 17 1
60 17 1
61 17 1
62 17 1
63 17 1
64 17 1
65 17 1
66 17 1
67 17 1
68 17 1
69 17 1
70 17 1
71 17 1
72 17 1
73 17 1
74 17 1
75 17 1
76 17 1
77 17 1
78 17 1
79 17 1
80 17 1
81 17 1
82 17 1
83 17 1
84 17 1
85 17 1
86 17 1
87 17 1
88 17 1
89 17 1
90 17 1
91 17 1
92 17 1
93 17 1
94 17 1
95 17 1
96 17 1
1 18 1
2 18 1
3 18 1
4 18 1
5 18 1
6 18 1
7 18 1
8 18 1
9 18 1
10 18 1
11 18 1
12 18 1
13 18 1
14 18 1
15 18 1
16 18 1
17 18 1
18 18 1
19 18 1
20 18 1
21 18 1
22 18 1
23 18 1
24 18 1
25 18 1
26 18 1
27 18 1
28 18 1
29 18 1
30 18 1
31 18 1
32 18 1
33 18 1
34 18 1
35 18 1
36 18 1
37 18 1
38 18 1
39 18 1
40 18 1
41 18 1
42 18 1
43 18 1
44 18 1
45 18 1
46 18 1
47 18 1
48 18 1
49 18 1
50 18 1
51 18 1
52 18 1
53 18 1
54 18 1
55 18 1
56 18 1
57 18 1
58 18 1
59 18 1
60 18 1
61 18 1
62 18 1
63 18 1
64 18 1
65 18 1
66 18 1
67 18 1
68 18 1
69 18 1
70 18 1
71 18 1
72 18 1
73 18 1
74 18 1
75 18 1
76 18 1
77 18 1
78 18 1
79 18 1
80 18 1
81 18 1
82 18 1
83 18 1
84 18 1
85 18 1
86 18 1
87 18 1
88 18 1
89 18 1
90 18 1
91 18 1
92 18 1
93 18 1
94 18 1
95 18 1
96 18 1
1 19 1
2 19 1
3 19 1
4 19 1
5 19 1
6 19 1
7 19 1
8 19 1
9 19 1
10 19 1
11 19 1
12 19 1
13 19 1
14 19 1
15 19 1
16 19 1
17 19 1
18 19 1
19 19 1
20 19 1
21 19 1
22 19 1
23 19 1
24 19 1
25 19 1
26 19 1
27 19 1
28 19 1
29 19 1
30 19 1
31 19 1
32 19 1
33 19 1
34 19 1
35 19 1
36 19 1
37 19 1
38 19 1
39 19 1
40 19 1
41 19 1
42 19 1
43 19 1
44 19 1
45 19 1
46 19 1
47 19 1
48 19 1
49 19 1
50 19 1
51 19 1
52 19 1
53 19 1
54 19 1
55 19 1
56 19 1
57 19 1
58 19 1
59 19 1
60 19 1
61 19 1
62 19 1
63 19 1
64 19 1
65 19 1
66 19 1
67 19 1
68 19 1
69 19 1
70 19 1
71 19 1
72 19 1
73 19 1
74 19 1
75 19 1
76 19 1
77 19 1
78 19 1
79 19 1
80 19 1
81 19 1
82 19 1
83 19 1
84 19 1
85 19 1
86 19 1
87 19 1
88 19 1
89 19 1
90 19 1
91 19 1
92 19 1
93 19 1
94 19 1
95 19 1
96 19 1
1 20 1
2 20 1
3 20 1
4 20 1
5 20 1
6 20 1
7 20 1
8 20 1
9 20 1
10 20 1
11 20 1
12 20 1
13 20 1
14 20 1
15 20 1
16 20 1
17 20 1
18 20 1
19 20 1
20 20 1
21 20 1
22 20 1
23 20 1
24 20 1
25 20 1
26 20 1
27 20 1
28 20 1
29 20 1
30 20 1
31 20 1
32 20 1
33 20 1
34 20 1
35 20 1
36 20 1
37 20 1
38 20 1
39 20 1
40 20 1
41 20 1
42 20 1
43 20 1
44 20 1
45 20 1
46 20 1
47 20 1
48 20 1
49 20 1
50 20 1
51 20 1
52 20 1
53 20 1
54 20 1
55 20 1
56 20 1
57 20 1
58 20 1
59 20 1
60 20 1
61 20 1
62 20 1
63 20 1
64 20 1
65 20 1
66 20 1
67 20 1
68 20 1
69 20 1
70 20 1
71 20 1
72 20 1
73 20 1
74 20 1
75 20 1
76 20 1
77 20 1
78 20 1
79 20 1
80 20 1
81 20 1
82 20 1
83 20 1
84 20 1
85 20 1
86 20 1
87 20 1
88 20 1
89 20 1
90 20 1
91 20 1
92 20 1
93 20 1
94 20 1
95 20 1
96 20 1
1 21 1
2 21 1
3 21 1
4 21 1
5 21 1
6 21 1
7 21 1
8 21 1
9 21 1
10 21 1
11 21 1
12 21 1
13 21 1
14 21 1
15 21 1
16 21 1
17 21 1
18 21 1
19 21 1
20 21 1
21 21 1
22 21 1
23 21 1
24 21 1
25 21 1
26 21 1
27 21 1
28 21 1
29 21 1
30 21 1
31 21 1
32 21 1
33 21 1
34 21 1
35 21 1
36 21 1
37 21 1
38 21 1
39 21 1
40 21 1
43 21 1
44 21 1
45 21 1
46 21 1
47 21 1
48 21 1
49 21 1
50 21 1
51 21 1
52 21 1
53 21 1
54 21 1
55 21 1
56 21 1
57 21 1
58 21 1
59 21 1
60 21 1
61 21 1
62 21 1
63 21 1
64 21 1
65 21 1
66 21 1
67 21 1
68 21 1
69 21 1
70 21 1
71 21 1
72 21 1
73 21 1
74 21 1
75 21 1
76 21 1
77 21 1
78 21 1
79 21 1
80 21 1
81 21 1
82 21 1
83 21 1
84 21 1
85 21 1
86 21 1
87 21 1
88 21 1
89 21 1
90 21 1
91 21 1
92 21 1
93 21 1
94 21 1
95 21 1
96 21 1
1 22 1
2 22 1
3 22 1
4 22 1
5 22 1
6 22 1
7 22 1
8 22 1
9 22 1
10 22 1
11 22 1
12 22 1
13 22 1
14 22 1
15 22 1
16 22 1
17 22 1
18 22 1
19 22 1
20 22 1
21 22 1
22 22 1
23 22 1
24 22 1
25 22 1
26 22 1
27 22 1
28 22 1
29 22 1
30 22 1
31 22 1
32 22 1
33 22 1
34 22 1
35 22 1
36 22 1
37 22 1
38 22 1
39 22 1
40 22 1
43 22 1
44 22 1
45 22 1
46 22 1
47 22 1
48 22 1
49 22 1
50 22 1
51 22 1
52 22 1
53 22 1
54 22 1
55 22 1
56 22 1
57 22 1
58 22 1
59 22 1
60 22 1
61 22 1
62 22 1
63 22 1
64 22 1
65 22 1
66 22 1
67 22 1
68 22 1
69 22 1
70 22 1
71 22 1
72 22 1
73 22 1
74 22 1
75 22 1
76 22 1
77 22 1
78 22 1
79 22 1
80 22 1
81 22 1
82 22 1
83 22 1
84 22 1
85 22 1
86 22 1
87 22 1
88 22 1
89 22 1
90 22 1
91 22 1
92 22 1
93 22 1
94 22 1
95 22 1
96 22 1
1 23 1
2 23 1
3 23 1
4 23 1
5 23 1
6 23 1
7 23 1
10 23 1
11 23 1
12 23 1
13 23 1
14 23 1
15 23 1
16 23 1
17 23 1
18 23 1
19 23 1
20 23 1
21 23 1
22 23 1
23 23 1
24 23 1
25 23 1
26 23 1
27 23 1
28 23 1
29 23 1
30 23 1
31 23 1
32 23 1
33 23 1
34 23 1
35 23 1
36 23 1
37 23 1
38 23 1
39 23 1
40 23 1
41 23 1
42 23 1
43 23 1
44 23 1
45 23 1
46 23 1
47 23 1
48 23 1
49 23 1
50 23 1
51 23 1
52 23 1
53 23 1
54 23 1
55 23 1
56 23 1
57 23 1
58 23 1
59 23 1
60 23 1
61 23 1
62 23 1
63 23 1
64 23 1
65 23 1
66 23 1
67 23 1
68 23 1
69 23 1
70 23 1
71 23 1
72 23 1
73 23 1
74 23 1
75 23 1
76 23 1
77 23 1
78 23 1
79 23 1
80 23 1
81 23 1
82 23 1
83 23 1
84 23 1
85 23 1
86 23 1
87 23 1
88 23 1
89 23 1
90 23 1
91 23 1
92 23 1
93 23 1
94 23 1
95 23 1
96 23 1
1 24 1
2 24 1
3 24 1
4 24 1
5 24 1
6 24 1
7 24 1
10 24 1
11 24 1
12 24 1
13 24 1
14 24 1
15 24 1
16 24 1
17 24 1
18 24 1
19 24 1
20 24 1
21 24 1
22 24 1
23 24 1
24 24 1
25 24 1
26 24 1
27 24 1
28 24 1
29 24 1
30 24 1
31 24 1
32 24 1
33 24 1
34 24 1
35 24 1
36 24 1
37 24 1
38 24 1
39 24 1
40 24 1
41 24 1
42 24 1
43 24 1
44 24 1
45 24 1
46 24 1
47 24 1
48 24 1
49 24 1
50 24 1
51 24 1
52 24 1
53 24 1
54 24 1
55 24 1
56 24 1
57 24 1
58 24 1
59 24 1
60 24 1
61 24 1
62 24 1
63 24 1
64 24 1
65 24 1
66 24 1
67 24 1
68 24 1
69 24 1
70 24 1
71 24 1
72 24 1
73 24 1
74 24 1
75 24 1
76 24 1
77 24 1
78 24 1
79 24 1
82 24 1
83 24 1
84 24 1
85 24 1
86 24 1
87 24 1
88 24 1
89 24 1
90 24 1
91 24 1
92 24 1
93 24 1
94 24 1
95 24 1
96 24 1
1 25 1
2 25 1
3 25 1
4 25 1
5 25 1
6 25 1
7 25 1
8 25 1
9 25 1
10 25 1
11 25 1
12 25 1
13 25 1
14 25 1
15 25 1
16 25 1
17 25 1
18 25 1
19 25 1
20 25 1
21 25 1
22 25 1
23 25 1
24 25 1
25 25 1
26 25 1
27 25 1
28 25 1
29 25 1
30 25 1
31 25 1
32 25 1
33 25 1
34 25 1
35 25 1
36 25 1
37 25 1
38 25 1
39 25 1
40 25 1
41 25 1
42 25 1
43 25 1
44 25 1
45 25 1
46 25 1
47 25 1
48 25 1
49 25 1
50 25 1
51 25 1
52 25 1
53 25 1
54 25 1
55 25 1
56 25 1
57 25 1
58 25 1
59 25 1
60 25 1
61 25 1
62 25 1
63 25 1
64 25 1
65 25 1
66 25 1
67 25 1
68 25 1
69 25 1
70 25 1
71 25 1
72 25 1
73 25 1
74 25 1
75 25 1
76 25 1
77 25 1
78 25 1
79 25 1
82 25 1
83 25 1
84 25 1
85 25 1
86 25 1
87 25 1
88 25 1
89 25 1
90 25 1
91 25 1
92 25 1
93 25 1
94 25 1
95 25 1
96 25 1
1 26 1
2 26 1
3 26 1
4 26 1
5 26 1
6 26 1
7 26 1
8 26 1
9 26 1
10 26 1
11 26 1
12 26 1
13 26 1
14 26 1
15 26 1
16 26 1
17 26 1
18 26 1
19 26 1
20 26 1
21 26 1
22 26 1
23 26 1
24 26 1
25 26 1
26 26 1
27 26 1
28 26 1
29 26 1
30 26 1
31 26 1
32 26 1
33 26 1
34 26 1
35 26 1
36 26 1
37 26 1
38 26 1
39 26 1
40 26 1
41 26 1
42 26 1
43 26 1
44 26 1
45 26 1
46 26 1
47 26 1
48 26 1
49 26 1
50 26 1
51 26 1
52 26 1
53 26 1
54 26 1
55 26 1
56 26 1
57 26 1
58 26 1
59 26 1
60 26 1
61 26 1
62 26 1
63 26 1
64 26 1
65 26 1
66 26 1
67 26 1
68 26 1
69 26 1
70 26 1
71 26 1
72 26 1
73 26 1
74 26 1
75 26 1
76 26 1
77 26 1
78 26 1
79 26 1
80 26 1
81 26 1
82 26 1
83 26 1
84 26 1
85 26 1
86 26 1
87 26 1
88 26 1
89 26 1
90 26 1
91 26 1
92 26 1
93 26 1
94 26 1
95 26 1
96 26 1
1 27 1
2 27 1
3 27 1
4 27 1
5 27 1
6 27 1
7 27 1
8 27 1
9 27 1
10 27 1
11 27 1
14 27 1
15 27 1
16 27 1
17 27 1
18 27 1
19 27 1
20 27 1
21 27 1
22 27 1
23 27 1
24 27 1
25 27 1
26 27 1
27 27 1
28 27 1
29 27 1
30 27 1
31 27 1
32 27 1
33 27 1
34 27 1
35 27 1
36 27 1
37 27 1
38 27 1
39 27 1
40 27 1
41 27 1
42 27 1
43 27 1
44 27 1
45 27 1
46 27 1
47 27 1
48 27 1
49 27 1
50 27 1
51 27 1
52 27 1
53 27 1
54 27 1
55 27 1
56 27 1
57 27 1
58 27 1
59 27 1
60 27 1
61 27 1
62 27 1
63 27 1
64 27 1
65 27 1
66 27 1
67 27 1
68 27 1
69 27 1
70 27 1
71 27 1
72 27 1
73 27 1
74 27 1
75 27 1
76 27 1
77 27 1
78 27 1
79 27 1
80 27 1
81 27 1
82 27 1
83 27 1
84 27 1
85 27 1
86 27 1
87 27 1
88 27 1
89 27 1
90 27 1
91 27 1
92 27 1
93 27 1
94 27 1
95 27 1
96 27 1
1 28 1
2 28 1
3 28 1
4 28 1
5 28 1
6 28 1
7 28 1
8 28 1
9 28 1
10 28 1
11 28 1
14 28 1
15 28 1
16 28 1
17 28 1
18 28 1
19 28 1
20 28 1
21 28 1
22 28 1
23 28 1
24 28 1
25 28 1
26 28 1
27 28 1
28 28 1
29 28 1
30 28 1
31 28 1
32 28 1
33 28 1
34 28 1
35 28 1
36 28 1
37 28 1
38 28 1
39 28 1
40 28 1
41 28 1
42 28 1
43 28 1
44 28 1
45 28 1
46 28 1
47 28 1
48 28 1
49 28 1
50 28 1
51 28 1
52 28 1
53 28 1
54 28 1
55 28 1
56 28 1
57 28 1
58 28 1
59 28 1
60 28 1
61 28 1
62 28 1
63 28 1
64 28 1
65 28 1
66 28 1
67 28 1
68 28 1
69 28 1
70 28 1
71 28 1
72 28 1
73 28 1
74 28 1
75 28 1
76 28 1
77 28 1
78 28 1
79 28 1
80 28 1
81 28 1
82 28 1
83 28 1
84 28 1
85 28 1
86 28 1
87 28 1
88 28 1
89 28 1
90 28 1
91 28 1
92 28 1
93 28 1
94 28 1
95 28 1
96 28 1
1 29 1
2 29 1
3 29 1
4 29 1
5 29 1
6 29 1
7 29 1
8 29 1
9 29 1
10 29 1
11 29 1
12 29 1
13 29 1
14 29 1
15 29 1
16 29 1
17 29 1
18 29 1
19 29 1
20 29 1
21 29 1
22 29 1
23 29 1
24 29 1
25 29 1
26 29 1
27 29 1
28 29 1
29 29 1
30 29 1
31 29 1
32 29 1
33 29 1
34 29 1
35 29 1
36 29 1
37 29 1
38 29 1
39 29 1
40 29 1
41 29 1
42 29 1
43 29 1
44 29 1
45 29 1
46 29 1
47 29 1
48 29 1
49 29 1
50 29 1
51 29 1
52 29 1
53 29 1
54 29 1
55 29 1
56 29 1
57 29 1
58 29 1
59 29 1
60 29 1
61 29 1
62 29 1
63 29 1
64 29 1
65 29 1
66 29 1
67 29 1
68 29 1
69 29 1
70 29 1
71 29 1
72 29 1
73 29 1
74 29 1
75 29 1
76 29 1
77 29 1
78 29 1
79 29 1
80 29 1
81 29 1
82 29 1
83 29 1
84 29 1
85 29 1
86 29 1
87 29 1
88 29 1
89 29 1
90 29 1
91 29 1
92 29 1
93 29 1
94 29 1
95 29 1
96 29 1
1 30 1
2 30 1
3 30 1
4 30 1
5 30 1
6 30 1
7 30 1
8 30 1
9 30 1
10 30 1
11 30 1
12 30 1
13 30 1
14 30 1
15 30 1
16 30 1
17 30 1
18 30 1
19 30 1
20 30 1
21 30 1
22 30 1
23 30 1
24 30 1
25 30 1
26 30 1
27 30 1
28 30 1
29 30 1
30 30 1
31 30 1
32 30 1
33 30 1
34 30 1
35 30 1
36 30 1
37 30 1
38 30 1
39 30 1
40 30 1
41 30 1
42 30 1
43 30 1
44 30 1
45 30 1
46 30 1
47 30 1
48 30 1
49 30 1
50 30 1
51 30 1
52 30 1
53 30 1
54 30 1
55 30 1
56 30 1
57 30 1
58 30 1
59 30 1
60 30 1
61 30 1
62 30 1
63 30 1
64 30 1
65 30 1
66 30 1
67 30 1
68 30 1
69 30 1
70 30 1
71 30 1
72 30 1
73 30 1
74 30 1
75 30 1
76 30 1
77 30 1
78 30 1
79 30 1
80 30 1
81 30 1
82 30 1
83 30 1
84 30 1
85 30 1
86 30 1
87 30 1
88 30 1
89 30 1
90 30 1
91 30 1
92 30 1
93 30 1
94 30 1
95 30 1
96 30 1
1 31 1
2 31 1
3 31 1
4 31 1
5 31 1
6 31 1
7 31 1
8 31 1
9 31 1
10 31 1
11 31 1
12 31 1
13 31 1
14 31 1
15 31 1
16 31 1
17 31 1
18 31 1
19 31 1
20 31 1
21 31 1
22 31 1
23 31 1
24 31 1
25 31 1
26 31 1
27 31 1
28 31 1
29 31 1
30 31 1
31 31 1
32 31 1
33 31 1
34 31 1
35 31 1
36 31 1
37 31 1
38 31 1
39 31 1
40 31 1
41 31 1
42 31 1
43 31 1
44 31 1
45 31 1
46 31 1
47 31 1
48 31 1
49 31 1
50 31 1
51 31 1
52 31 1
53 31 1
54 31 1
55 31 1
56 31 1
57 31 1
58 31 1
59 31 1
60 31 1
61 31 1
62 31 1
63 31 1
64 31 1
65 31 1
66 31 1
67 31 1
68 31 1
69 31 1
70 31 1
71 31 1
72 31 1
73 31 1
74 31 1
75 31 1
76 31 1
77 31 1
78 31 1
79 31 1
80 31 1
81 31 1
82 31 1
83 31 1
84 31 1
85 31 1
86 31 1
87 31 1
88 31 1
89 31 1
90 31 1
91 31 1
92 31 1
93 31 1
94 31 1
95 31 1
96 31 1
1 32 1
2 32 1
3 32 1
4 32 1
5 32 1
6 32 1
7 32 1
8 32 1
9 32 1
10 32 1
11 32 1
12 32 1
13 32 1
14 32 1
15 32 1
16 32 1
17 32 1
18 32 1
19 32 1
20 32 1
21 32 1
22 32 1
23 32 1
24 32 1
25 32 1
26 32 1
27 32 1
28 32 1
29 32 1
30 32 1
31 32 1
32 32 1
33 32 1
34 32 1
35 32 1
36 32 1
37 32 1
38 32 1
39 32 1
40 32 1
41 32 1
42 32 1
43 32 1
44 32 1
45 32 1
46 32 1
47 32 1
48 32 1
49 32 1
50 32 1
51 32 1
52 32 1
53 32 1
54 32 1
55 32 1
56 32 1
57 32 1
58 32 1
59 32 1
60 32 1
61 32 1
62 32 1
63 32 1
64 32 1
65 32 1
66 32 1
67 32 1
68 32 1
69 32 1
70 32 1
71 32 1
72 32 1
73 32 1
74 32 1
75 32 1
76 32 1
77 32 1
78 32 1
79 32 1
80 32 1
81 32 1
82 32 1
83 32 1
84 32 1
85 32 1
86 32 1
89 32 1
90 32 1
91 32 1
92 32 1
93 32 1
94 32 1
95 32 1
96 32 1
1 33 1
2 33 1
3 33 1
4 33 1
5 33 1
6 33 1
7 33 1
8 33 1
9 33 1
10 33 1
11 33 1
12 33 1
13 33 1
14 33 1
15 33 1
16 33 1
17 33 1
18 33 1
19 33 1
20 33 1
21 33 1
22 33 1
23 33 1
24 33 1
25 33 1
26 33 1
27 33 1
28 33 1
29 33 1
30 33 1
31 33 1
32 33 1
33 33 1
34 33 1
35 33 1
36 33 1
37 33 1
38 33 1
39 33 1
40 33 1
41 33 1
42 33 1
43 33 1
44 33 1
45 33 1
46 33 1
47 33 1
48 33 1
49 33 1
50 33 1
51 33 1
52 33 1
53 33 1
54 33 1
55 33 1
56 33 1
57 33 1
58 33 1
59 33 1
60 33 1
61 33 1
62 33 1
63 33 1
64 33 1
65 33 1
66 33 1
67 33 1
68 33 1
69 33 1
70 33 1
71 33 1
72 33 1
73 33 1
74 33 1
75 33 1
76 33 1
77 33 1
78 33 1
79 33 1
80 33 1
81 33 1
82 33 1
83 33 1
84 33 1
85 33 1
86 33 1
89 33 1
90 33 1
91 33 1
92 33 1
93 33 1
94 33 1
95 33 1
96 33 1
1 34 1
2 34 1
3 34 1
4 34 1
5 34 1
6 34 1
7 34 1
8 34 1
9 34 1
10 34 1
11 34 1
12 34 1
13 34 1
14 34 1
15 34 1
16 34 1
17 34 1
18 34 1
19 34 1
20 34 1
21 34 1
22 34 1
23 34 1
24 34 1
25 34 1
26 34 1
27 34 1
28 34 1
29 34 1
30 34 1
31 34 1
32 34 1
33 34 1
34 34 1
35 34 1
36 34 1
37 34 1
38 34 1
39 34 1
40 34 1
41 34 1
42 34 1
43 34 1
44 34 1
45 34 1
46 34 1
47 34 1
48 34 1
49 34 1
50 34 1
51 34 1
52 34 1
53 34 1
54 34 1
55 34 1
56 34 1
57 34 1
58 34 1
59 34 1
60 34 1
61 34 1
62 34 1
63 34 1
64 34 1
65 34 1
66 34 1
67 34 1
68 34 1
69 34 1
70 34 1
71 34 1
72 34 1
73 34 1
74 34 1
75 34 1
76 34 1
77 34 1
78 34 1
79 34 1
80 34 1
81 34 1
82 34 1
83 34 1
84 34 1
85 34 1
86 34 1
87 34 1
88 34 1
89 34 1
90 34 1
91 34 1
92 34 1
93 34 1
94 34 1
95 34 1
96 34 1
1 35 1
2 35 1
3 35 1
4 35 1
5 35 1
6 35 1
7 35 1
8 35 1
9 35 1
10 35 1
11 35 1
12 35 1
13 35 1
14 35 1
15 35 1
16 35 1
17 35 1
18 35 1
19 35 1
20 35 1
21 35 1
22 35 1
23 35 1
24 35 1
25 35 1
26 35 1
27 35 1
28 35 1
29 35 1
30 35 1
31 35 1
32 35 1
33 35 1
34 35 1
35 35 1
36 35 1
37 35 1
38 35 1
39 35 1
40 35 1
43 35 1
44 35 1
45 35 1
46 35 1
47 35 1
48 35 1
49 35 1
50 35 1
51 35 1
52 35 1
53 35 1
54 35 1
55 35 1
56 35 1
57 35 1
58 35 1
59 35 1
60 35 1
61 35 1
62 35 1
63 35 1
64 35 1
65 35 1
66 35 1
67 35 1
68 35 1
69 35 1
70 35 1
71 35 1
72 35 1
73 35 1
74 35 1
75 35 1
76 35 1
77 35 1
78 35 1
79 35 1
80 35 1
81 35 1
82 35 1
83 35 1
84 35 1
85 35 1
86 35 1
87 35 1
88 35 1
89 35 1
90 35 1
91 35 1
92 35 1
93 35 1
94 35 1
95 35 1
96 35 1
1 36 1
2 36 1
3 36 1
4 36 1
5 36 1
6 36 1
7 36 1
8 36 1
9 36 1
10 36 1
11 36 1
12 36 1
13 36 1
14 36 1
15 36 1
16 36 1
17 36 1
18 36 1
19 36 1
20 36 1
21 36 1
22 36 1
23 36 1
24 36 1
25 36 1
26 36 1
27 36 1
28 36 1
29 36 1
30 36 1
31 36 1
32 36 1
33 36 1
34 36 1
35 36 1
36 36 1
37 36 1
38 36 1
39 36 1
40 36 1
43 36 1
44 36 1
45 36 1
46 36 1
47 36 1
48 36 1
49 36 1
50 36 1
51 36 1
52 36 1
53 36 1
54 36 1
55 36 1
56 36 1
57 36 1
58 36 1
59 36 1
60 36 1
61 36 1
62 36 1
63 36 1
64 36 1
65 36 1
66 36 1
67 36 1
68 36 1
69 36 1
70 36 1
71 36 1
72 36 1
73 36 1
74 36 1
75 36 1
76 36 1
77 36 1
78 36 1
79 36 1
80 36 1
81 36 1
82 36 1
83 36 1
84 36 1
85 36 1
86 36 1
87 36 1
88 36 1
89 36 1
90 36 1
91 36 1
92 36 1
93 36 1
94 36 1
95 36 1
96 36 1
1 37 1
2 37 1
3 37 1
4 37 1
5 37 1
6 37 1
7 37 1
8 37 1
9 37 1
10 37 1
11 37 1
12 37 1
13 37 1
14 37 1
15 37 1
16 37 1
17 37 1
18 37 1
19 37 1
20 37 1
21 37 1
22 37 1
23 37 1
24 37 1
25 37 1
26 37 1
27 37 1
28 37 1
29 37 1
30 37 1
31 37 1
32 37 1
33 37 1
34 37 1
35 37 1
36 37 1
37 37 1
38 37 1
39 37 1
40 37 1
41 37 1
42 37 1
43 37 1
44 37 1
45 37 1
46 37 1
47 37 1
48 37 1
49 37 1
50 37 1
51 37 1
52 37 1
53 37 1
54 37 1
55 37 1
56 37 1
57 37 1
58 37 1
59 37 1
60 37 1
61 37 1
62 37 1
63 37 1
64 37 1
65 37 1
66 37 1
67 37 1
68 37 1
69 37 1
70 37 1
71 37 1
72 37 1
73 37 1
74 37 1
75 37 1
76 37 1
77 37 1
78 37 1
79 37 1
80 37 1
81 37 1
82 37 1
83 37 1
84 37 1
85 37 1
86 37 1
87 37 1
88 37 1
89 37 1
90 37 1
91 37 1
92 37 1
93 37 1
94 37 1
95 37 1
96 37 1
1 38 1
2 38 1
3 38 1
4 38 1
5 38 1
6 38 1
7 38 1
8 38 1
9 38 1
10 38 1
11 38 1
12 38 1
13 38 1
14 38 1
15 38 1
16 38 1
17 38 1
18 38 1
19 38 1
20 38 1
21 38 1
22 38 1
23 38 1
24 38 1
25 38 1
26 38 1
27 38 1
28 38 1
29 38 1
30 38 1
31 38 1
32 38 1
33 38 1
34 38 1
35 38 1
36 38 1
37 38 1
38 38 1
39 38 1
40 38 1
41 38 1
42 38 1
43 38 1
44 38 1
45 38 1
46 38 1
47 38 1
48 38 1
49 38 1
50 38 1
51 38 1
52 38 1
53 38 1
54 38 1
55 38 1
56 38 1
57 38 1
58 38 1
59 38 1
60 38 1
61 38 1
62 38 1
63 38 1
64 38 1
65 38 1
66 38 1
67 38 1
68 38 1
69 38 1
70 38 1
71 38 1
72 38 1
73 38 1
74 38 1
75 38 1
76 38 1
77 38 1
78 38 1
79 38 1
80 38 1
81 38 1
82 38 1
83 38 1
84 38 1
85 38 1
86 38 1
87 38 1
88 38 1
89 38 1
90 38 1
91 38 1
92 38 1
93 38 1
94 38 1
95 38 1
96 38 1
1 39 1
2 39 1
3 39 1
4 39 1
5 39 1
6 39 1
7 39 1
8 39 1
9 39 1
10 39 1
11 39 1
12 39 1
13 39 1
14 39 1
15 39 1
16 39 1
17 39 1
18 39 1
19 39 1
20 39 1
21 39 1
22 39 1
23 39 1
24 39 1
25 39 1
26 39 1
27 39 1
28 39 1
29 39 1
30 39 1
31 39 1
32 39 1
33 39 1
34 39 1
35 39 1
36 39 1
37 39 1
38 39 1
39 39 1
40 39 1
41 39 1
42 39 1
43 39 1
44 39 1
45 39 1
46 39 1
47 39 1
48 39 1
49 39 1
50 39 1
51 39 1
52 39 1
53 39 1
54 39 1
55 39 1
56 39 1
57 39 1
58 39 1
59 39 1
60 39 1
61 39 1
62 39 1
63 39 1
64 39 1
65 39 1
66 39 1
67 39 1
68 39 1
69 39 1
70 39 1
71 39 1
72 39 1
73 39 1
74 39 1
75 39 1
76 39 1
77 39 1
78 39 1
79 39 1
80 39 1
81 39 1
82 39 1
83 39 1
84 39 1
85 39 1
86 39 1
87 39 1
88 39 1
89 39 1
90 39 1
91 39 1
92 39 1
93 39 1
94 39 1
95 39 1
96 39 1
1 40 1
2 40 1
3 40 1
4 40 1
5 40 1
6 40 1
7 40 1
8 40 1
9 40 1
10 40 1
11 40 1
12 40 1
13 40 1
14 40 1
15 40 1
16 40 1
17 40 1
18 40 1
19 40 1
20 40 1
21 40 1
22 40 1
23 40 1
24 40 1
25 40 1
26 40 1
27 40 1
28 40 1
29 40 1
30 40 1
31 40 1
32 40 1
33 40 1
34 40 1
35 40 1
36 40 1
37 40 1
38 40 1
39 40 1
40 40 1
41 40 1
42 40 1
43 40 1
44 40 1
45 40 1
46 40 1
47 40 1
48 40 1
49 40 1
50 40 1
51 40 1
52 40 1
53 40 1
54 40 1
55 40 1
56 40 1
57 40 1
58 40 1
59 40 1
60 40 1
61 40 1
62 40 1
63 40 1
64 40 1
65 40 1
66 40 1
67 40 1
68 40 1
69 40 1
70 40 1
71 40 1
72 40 1
73 40 1
74 40 1
75 40 1
76 40 1
77 40 1
78 40 1
79 40 1
80 40 1
81 40 1
82 40 1
83 40 1
84 40 1
85 40 1
86 40 1
87 40 1
88 40 1
89 40 1
90 40 1
91 40 1
92 40 1
93 40 1
94 40 1
95 40 1
96 40 1
1 41 1
2 41 1
3 41 1
4 41 1
5 41 1
6 41 1
7 41 1
8 41 1
9 41 1
10 41 1
11 41 1
12 41 1
13 41 1
14 41 1
15 41 1
16 41 1
17 41 1
18 41 1
19 41 1
20 41 1
21 41 1
22 41 1
23 41 1
24 41 1
25 41 1
26 41 1
27 41 1
28 41 1
29 41 1
30 41 1
31 41 1
32 41 1
33 41 1
34 41 1
35 41 1
36 41 1
37 41 1
38 41 1
39 41 1
40 41 1
41 41 1
42 41 1
43 41 1
44 41 1
45 41 1
46 41 1
47 41 1
48 41 1
49 41 1
50 41 1
51 41 1
52 41 1
53 41 1
54 41 1
55 41 1
56 41 1
57 41 1
58 41 1
59 41 1
60 41 1
61 41 1
62 41 1
63 41 1
64 41 1
65 41 1
66 41 1
67 41 1
68 41 1
69 41 1
70 41 1
71 41 1
72 41 1
73 41 1
74 41 1
75 41 1
76 41 1
77 41 1
78 41 1
79 41 1
80 41 1
81 41 1
82 41 1
83 41 1
84 41 1
85 41 1
86 41 1
87 41 1
88 41 1
89 41 1
90 41 1
91 41 1
92 41 1
93 41 1
94 41 1
95 41 1
96 41 1
1 42 1
2 42 1
3 42 1
4 42 1
5 42 1
6 42 1
7 42 1
8 42 1
9 42 1
10 42 1
11 42 1
12 42 1
13 42 1
14 42 1
15 42 1
16 42 1
17 42 1
18 42 1
19 42 1
20 42 1
21 42 1
22 42 1
23 42 1
24 42 1
25 42 1
26 42 1
27 42 1
28 42 1
29 42 1
30 42 1
31 42 1
32 42 1
33 42 1
34 42 1
35 42 1
36 42 1
37 42 1
38 42 1
39 42 1
40 42 1
41 42 1
42 42 1
43 42 1
44 42 1
45 42 1
46 42 1
47 42 1
48 42 1
49 42 1
50 42 1
51 42 1
52 42 1
53 42 1
54 42 1
55 42 1
56 42 1
57 42 1
58 42 1
59 42 1
60 42 1
61 42 1
62 42 1
63 42 1
64 42 1
65 42 1
66 42 1
67 42 1
68 42 1
69 42 1
70 42 1
71 42 1
72 42 1
73 42 1
74 42 1
75 42 1
76 42 1
77 42 1
78 42 1
79 42 1
80 42 1
81 42 1
82 42 1
83 42 1
84 42 1
85 42 1
86 42 1
87 42 1
88 42 1
89 42 1
90 42 1
91 42 1
92 42 1
93 42 1
94 42 1
95 42 1
96 42 1
1 43 1
2 43 1
3 43 1
4 43 1
5 43 1
8 43 1
9 43 1
10 43 1
11 43 1
12 43 1
13 43 1
14 43 1
15 43 1
16 43 1
17 43 1
18 43 1
19 43 1
20 43 1
21 43 1
22 43 1
23 43 1
24 43 1
25 43 1
26 43 1
27 43 1
28 43 1
29 43 1
30 43 1
31 43 1
32 43 1
35 43 1
36 43 1
37 43 1
38 43 1
39 43 1
40 43 1
41 43 1
42 43 1
43 43 1
44 43 1
45 43 1
46 43 1
47 43 1
48 43 1
49 43 1
50 43 1
51 43 1
52 43 1
53 43 1
54 43 1
55 43 1
56 43 1
57 43 1
58 43 1
59 43 1
60 43 1
61 43 1
62 43 1
63 43 1
64 43 1
65 43 1
66 43 1
67 43 1
68 43 1
69 43 1
70 43 1
71 43 1
72 43 1
73 43 1
74 43 1
75 43 1
76 43 1
79 43 1
80 43 1
81 43 1
82 43 1
83 43 1
84 43 1
85 43 1
86 43 1
87 43 1
88 43 1
89 43 1
92 43 1
93 43 1
94 43 1
95 43 1
96 43 1
1 44 1
2 44 1
3 44 1
4 44 1
5 44 1
8 44 1
9 44 1
10 44 1
11 44 1
12 44 1
13 44 1
14 44 1
15 44 1
16 44 1
17 44 1
18 44 1
19 44 1
20 44 1
21 44 1
22 44 1
23 44 1
24 44 1
25 44 1
26 44 1
27 44 1
28 44 1
29 44 1
30 44 1
31 44 1
32 44 1
35 44 1
36 44 1
37 44 1
38 44 1
39 44 1
40 44 1
41 44 1
42 44 1
43 44 1
44 44 1
45 44 1
46 44 1
47 44 1
48 44 1
49 44 1
50 44 1
51 44 1
52 44 1
53 44 1
54 44 1
55 44 1
56 44 1
57 44 1
58 44 1
59 44 1
60 44 1
61 44 1
62 44 1
63 44 1
64 44 1
65 44 1
66 44 1
67 44 1
68 44 1
69 44 1
70 44 1
71 44 1
72 44 1
73 44 1
74 44 1
75 44 1
76 44 1
79 44 1
80 44 1
81 44 1
82 44 1
83 44 1
84 44 1
85 44 1
86 44 1
87 44 1
88 44 1
89 44 1
92 44 1
93 44 1
94 44 1
95 44 1
96 44 1
1 45 1
2 45 1
3 45 1
4 45 1
5 45 1
6 45 1
7 45 1
8 45 1
9 45 1
10 45 1
11 45 1
12 45 1
13 45 1
14 45 1
15 45 1
16 45 1
17 45 1
18 45 1
19 45 1
20 45 1
21 45 1
22 45 1
23 45 1
24 45 1
25 45 1
26 45 1
27 45 1
28 45 1
29 45 1
30 45 1
31 45 1
32 45 1
33 45 1
34 45 1
35 45 1
36 45 1
37 45 1
38 45 1
39 45 1
40 45 1
41 45 1
42 45 1
43 45 1
44 45 1
45 45 1
46 45 1
47 45 1
48 45 1
49 45 1
50 45 1
51 45 1
52 45 1
53 45 1
54 45 1
55 45 1
56 45 1
57 45 1
58 45 1
59 45 1
60 45 1
61 45 1
62 45 1
63 45 1
64 45 1
65 45 1
66 45 1
67 45 1
68 45 1
69 45 1
70 45 1
71 45 1
72 45 1
73 45 1
74 45 1
75 45 1
76 45 1
77 45 1
78 45 1
79 45 1
80 45 1
81 45 1
82 45 1
83 45 1
84 45 1
85 45 1
86 45 1
87 45 1
88 45 1
89 45 1
90 45 1
91 45 1
92 45 1
93 45 1
94 45 1
95 45 1
96 45 1
1 46 1
2 46 1
3 46 1
4 46 1
5 46 1
6 46 1
7 46 1
8 46 1
9 46 1
10 46 1
11 46 1
12 46 1
13 46 1
14 46 1
15 46 1
16 46 1
17 46 1
18 46 1
19 46 1
20 46 1
21 46 1
22 46 1
23 46 1
24 46 1
25 46 1
26 46 1
27 46 1
28 46 1
29 46 1
30 46 1
31 46 1
32 46 1
33 46 1
34 46 1
35 46 1
36 46 1
37 46 1
38 46 1
39 46 1
40 46 1
41 46 1
42 46 1
43 46 1
44 46 1
45 46 1
46 46 1
47 46 1
48 46 1
49 46 1
50 46 1
51 46 1
52 46 1
53 46 1
54 46 1
55 46 1
56 46 1
57 46 1
58 46 1
59 46 1
60 46 1
61 46 1
62 46 1
63 46 1
64 46 1
65 46 1
66 46 1
67 46 1
68 46 1
69 46 1
70 46 1
71 46 1
72 46 1
73 46 1
74 46 1
75 46 1
76 46 1
77 46 1
78 46 1
79 46 1
80 46 1
81 46 1
82 46 1
83 46 1
84 46 1
85 46 1
86 46 1
87 46 1
88 46 1
89 46 1
90 46 1
91 46 1
92 46 1
93 46 1
94 46 1
95 46 1
96 46 1
1 47 1
2 47 1
3 47 1
4 47 1
5 47 1
6 47 1
7 47 1
8 47 1
9 47 1
10 47 1
11 47 1
12 47 1
13 47 1
14 47 1
15 47 1
16 47 1
17 47 1
18 47 1
19 47 1
20 47 1
21 47 1
22 47 1
23 47 1
24 47 1
25 47 1
26 47 1
27 47 1
28 47 1
29 47 1
30 47 1
31 47 1
32 47 1
33 47 1
34 47 1
35 47 1
36 47 1
37 47 1
38 47 1
39 47 1
40 47 1
41 47 1
42 47 1
43 47 1
44 47 1
45 47 1
46 47 1
47 47 1
48 47 1
49 47 1
50 47 1
51 47 1
52 47 1
53 47 1
54 47 1
55 47 1
56 47 1
57 47 1
58 47 1
59 47 1
60 47 1
61 47 1
62 47 1
63 47 1
64 47 1
65 47 1
66 47 1
67 47 1
68 47 1
69 47 1
70 47 1
71 47 1
72 47 1
73 47 1
74 47 1
75 47 1
76 47 1
77 47 1
78 47 1
79 47 1
80 47 1
81 47 1
82 47 1
83 47 1
84 47 1
85 47 1
86 47 1
87 47 1
88 47 1
89 47 1
90 47 1
91 47 1
92 47 1
93 47 1
94 47 1
95 47 1
96 47 1
1 48 1
2 48 1
3 48 1
4 48 1
5 48 1
6 48 1
7 48 1
8 48 1
9 48 1
10 48 1
11 48 1
12 48 1
13 48 1
14 48 1
15 48 1
16 48 1
17 48 1
18 48 1
19 48 1
20 48 1
21 48 1
22 48 1
23 48 1
24 48 1
25 48 1
26 48 1
27 48 1
28 48 1
29 48 1
30 48 1
31 48 1
32 48 1
33 48 1
34 48 1
35 48 1
36 48 1
37 48 1
38 48 1
39 48 1
40 48 1
41 48 1
42 48 1
43 48 1
44 48 1
45 48 1
46 48 1
47 48 1
48 48 1
49 48 1
50 48 1
51 48 1
52 48 1
53 48 1
54 48 1
55 48 1
56 48 1
57 48 1
58 48 1
59 48 1
60 48 1
61 48 1
62 48 1
63 48 1
64 48 1
65 48 1
66 48 1
67 48 1
68 48 1
69 48 1
70 48 1
71 48 1
72 48 1
73 48 1
74 48 1
75 48 1
76 48 1
77 48 1
78 48 1
79 48 1
80 48 1
81 48 1
82 48 1
83 48 1
84 48 1
85 48 1
86 48 1
87 48 1
88 48 1
89 48 1
90 48 1
91 48 1
92 48 1
93 48 1
94 48 1
95 48 1
96 48 1
1 49 1
2 49 1
3 49 1
4 49 1
5 49 1
6 49 1
7 49 1
8 49 1
9 49 1
10 49 1
11 49 1
12 49 1
13 49 1
14 49 1
15 49 1
16 49 1
17 49 1
18 49 1
19 49 1
20 49 1
21 49 1
22 49 1
23 49 1
24 49 1
25 49 1
26 49 1
27 49 1
28 49 1
29 49 1
30 49 1
31 49 1
32 49 1
33 49 1
34 49 1
35 49 1
36 49 1
37 49 1
38 49 1
39 49 1
40 49 1
41 49 1
42 49 1
43 49 1
44 49 1
45 49 1
46 49 1
47 49 1
48 49 1
49 49 1
50 49 1
51 49 1
52 49 1
53 49 1
54 49 1
55 49 1
56 49 1
57 49 1
58 49 1
59 49 1
60 49 1
61 49 1
62 49 1
63 49 1
64 49 1
65 49 1
66 49 1
67 49 1
68 49 1
69 49 1
70 49 1
71 49 1
72 49 1
73 49 1
74 49 1
75 49 1
76 49 1
77 49 1
78 49 1
79 49 1
80 49 1
81 49 1
82 49 1
83 49 1
84 49 1
85 49 1
86 49 1
87 49 1
88 49 1
89 49 1
90 49 1
91 49 1
92 49 1
93 49 1
94 49 1
95 49 1
96 49 1
1 50 1
2 50 1
3 50 1
4 50 1
5 50 1
6 50 1
7 50 1
8 50 1
9 50 1
10 50 1
11 50 1
12 50 1
13 50 1
14 50 1
15 50 1
16 50 1
17 50 1
18 50 1
19 50 1
20 50 1
21 50 1
22 50 1
23 50 1
24 50 1
25 50 1
26 50 1
27 50 1
28 50 1
29 50 1
30 50 1
31 50 1
32 50 1
33 50 1
34 50 1
35 50 1
36 50 1
37 50 1
38 50 1
39 50 1
40 50 1
41 50 1
42 50 1
43 50 1
44 50 1
45 50 1
46 50 1
47 50 1
48 50 1
49 50 1
50 50 1
51 50 1
52 50 1
53 50 1
54 50 1
55 50 1
56 50 1
57 50 1
58 50 1
59 50 1
60 50 1
61 50 1
62 50 1
63 50 1
64 50 1
65 50 1
66 50 1
67 50 1
68 50 1
69 50 1
70 50 1
71 50 1
72 50 1
73 50 1
74 50 1
75 50 1
76 50 1
77 50 1
78 50 1
79 50 1
80 50 1
81 50 1
82 50 1
83 50 1
84 50 1
85 50 1
86 50 1
87 50 1
88 50 1
89 50 1
90 50 1
91 50 1
92 50 1
93 50 1
94 50 1
95 50 1
96 50 1
1 51 1
2 51 1
3 51 1
4 51 1
5 51 1
6 51 1
7 51 1
8 51 1
9 51 1
10 51 1
11 51 1
12 51 1
13 51 1
14 51 1
15 51 1
16 51 1
17 51 1
18 51 1
19 51 1
20 51 1
21 51 1
22 51 1
23 51 1
24 51 1
25 51 1
26 51 1
27 51 1
28 51 1
29 51 1
30 51 1
31 51 1
32 51 1
33 51 1
34 51 1
35 51 1
36 51 1
37 51 1
38 51 1
39 51 1
40 51 1
41 51 1
42 51 1
43 51 1
44 51 1
45 51 1
46 51 1
47 51 1
48 51 1
49 51 1
50 51 1
51 51 1
52 51 1
53 51 1
54 51 1
57 51 1
58 51 1
59 51 1
60 51 1
61 51 1
62 51 1
63 51 1
64 51 1
65 51 1
66 51 1
67 51 1
68 51 1
69 51 1
70 51 1
71 51 1
72 51 1
73 51 1
74 51 1
75 51 1
76 51 1
77 51 1
78 51 1
79 51 1
80 51 1
81 51 1
82 51 1
83 51 1
84 51 1
85 51 1
86 51 1
87 51 1
88 51 1
89 51 1
90 51 1
91 51 1
92 51 1
93 51 1
94 51 1
95 51 1
96 51 1
1 52 1
2 52 1
3 52 1
4 52 1
5 52 1
6 52 1
7 52 1
8 52 1
9 52 1
10 52 1
11 52 1
12 52 1
13 52 1
14 52 1
15 52 1
16 52 1
17 52 1
18 52 1
19 52 1
20 52 1
21 52 1
22 52 1
23 52 1
24 52 1
25 52 1
26 52 1
27 52 1
28 52 1
29 52 1
30 52 1
31 52 1
32 52 1
33 52 1
34 52 1
35 52 1
36 52 1
37 52 1
38 52 1
39 52 1
40 52 1
41 52 1
42 52 1
43 52 1
44 52 1
45 52 1
46 52 1
47 52 1
48 52 1
49 52 1
50 52 1
51 52 1
52 52 1
53 52 1
54 52 1
57 52 1
58 52 1
59 52 1
60 52 1
61 52 1
62 52 1
63 52 1
64 52 1
65 52 1
66 52 1
67 52 1
68 52 1
69 52 1
70 52 1
71 52 1
72 52 1
73 52 1
74 52 1
75 52 1
76 52 1
77 52 1
78 52 1
79 52 1
80 52 1
81 52 1
82 52 1
83 52 1
84 52 1
85 52 1
86 52 1
87 52 1
88 52 1
89 52 1
90 52 1
91 52 1
92 52 1
93 52 1
94 52 1
95 52 1
96 52 1
1 53 1
2 53 1
3 53 1
4 53 1
5 53 1
6 53 1
7 53 1
10 53 1
11 53 1
12 53 1
13 53 1
14 53 1
15 53 1
16 53 1
17 53 1
18 53 1
19 53 1
20 53 1
21 53 1
22 53 1
23 53 1
24 53 1
25 53 1
26 53 1
27 53 1
28 53 1
29 53 1
30 53 1
31 53 1
32 53 1
33 53 1
34 53 1
35 53 1
36 53 1
37 53 1
38 53 1
39 53 1
40 53 1
41 53 1
42 53 1
43 53 1
44 53 1
45 53 1
46 53 1
47 53 1
48 53 1
49 53 1
50 53 1
51 53 1
52 53 1
53 53 1
54 53 1
55 53 1
56 53 1
57 53 1
58 53 1
59 53 1
60 53 1
61 53 1
62 53 1
63 53 1
64 53 1
65 53 1
66 53 1
67 53 1
68 53 1
69 53 1
70 53 1
71 53 1
72 53 1
73 53 1
74 53 1
75 53 1
76 53 1
77 53 1
78 53 1
79 53 1
80 53 1
81 53 1
82 53 1
83 53 1
84 53 1
85 53 1
86 53 1
87 53 1
88 53 1
89 53 1
90 53 1
91 53 1
92 53 1
93 53 1
94 53 1
95 53 1
96 53 1
1 54 1
2 54 1
3 54 1
4 54 1
5 54 1
6 54 1
7 54 1
10 54 1
11 54 1
12 54 1
13 54 1
14 54 1
15 54 1
16 54 1
17 54 1
18 54 1
19 54 1
20 54 1
21 54 1
22 54 1
23 54 1
24 54 1
25 54 1
26 54 1
27 54 1
28 54 1
29 54 1
30 54 1
31 54 1
32 54 1
33 54 1
34 54 1
35 54 1
36 54 1
37 54 1
38 54 1
39 54 1
40 54 1
41 54 1
42 54 1
43 54 1
44 54 1
45 54 1
46 54 1
47 54 1
48 54 1
49 54 1
50 54 1
51 54 1
52 54 1
53 54 1
54 54 1
55 54 1
56 54 1
57 54 1
58 54 1
59 54 1
60 54 1
61 54 1
62 54 1
63 54 1
64 54 1
65 54 1
66 54 1
67 54 1
68 54 1
69 54 1
70 54 1
71 54 1
72 54 1
73 54 1
74 54 1
75 54 1
76 54 1
77 54 1
78 54 1
79 54 1
82 54 1
83 54 1
84 54 1
85 54 1
86 54 1
87 54 1
88 54 1
89 54 1
90 54 1
91 54 1
92 54 1
93 54 1
94 54 1
95 54 1
96 54 1
1 55 1
2 55 1
3 55 1
4 55 1
5 55 1
6 55 1
7 55 1
8 55 1
9 55 1
10 55 1
11 55 1
12 55 1
13 55 1
14 55 1
15 55 1
16 55 1
17 55 1
18 55 1
19 55 1
20 55 1
21 55 1
22 55 1
23 55 1
24 55 1
25 55 1
26 55 1
27 55 1
28 55 1
29 55 1
30 55 1
31 55 1
32 55 1
33 55 1
34 55 1
35 55 1
36 55 1
37 55 1
38 55 1
39 55 1
40 55 1
41 55 1
42 55 1
43 55 1
44 55 1
45 55 1
46 55 1
47 55 1
48 55 1
49 55 1
50 55 1
51 55 1
52 55 1
53 55 1
54 55 1
55 55 1
56 55 1
57 55 1
58 55 1
59 55 1
60 55 1
61 55 1
62 55 1
63 55 1
64 55 1
65 55 1
66 55 1
67 55 1
68 55 1
69 55 1
70 55 1
71 55 1
72 55 1
73 55 1
74 55 1
75 55 1
76 55 1
77 55 1
78 55 1
79 55 1
82 55 1
83 55 1
84 55 1
85 55 1
86 55 1
87 55 1
88 55 1
89 55 1
90 55 1
91 55 1
92 55 1
93 55 1
94 55 1
95 55 1
96 55 1
1 56 1
2 56 1
3 56 1
4 56 1
5 56 1
6 56 1
7 56 1
8 56 1
9 56 1
10 56 1
11 56 1
12 56 1
13 56 1
14 56 1
15 56 1
16 56 1
17 56 1
18 56 1
19 56 1
20 56 1
21 56 1
22 56 1
23 56 1
24 56 1
25 56 1
26 56 1
27 56 1
28 56 1
29 56 1
30 56 1
31 56 1
32 56 1
33 56 1
34 56 1
35 56 1
36 56 1
37 56 1
38 56 1
39 56 1
40 56 1
41 56 1
42 56 1
43 56 1
44 56 1
45 56 1
46 56 1
47 56 1
48 56 1
49 56 1
50 56 1
51 56 1
52 56 1
53 56 1
54 56 1
55 56 1
56 56 1
57 56 1
58 56 1
59 56 1
60 56 1
61 56 1
62 56 1
63 56 1
64 56 1
65 56 1
66 56 1
67 56 1
68 56 1
69 56 1
70 56 1
71 56 1
72 56 1
73 56 1
74 56 1
75 56 1
76 56 1
77 56 1
78 56 1
79 56 1
80 56 1
81 56 1
82 56 1
83 56 1
84 56 1
85 56 1
86 56 1
87 56 1
88 56 1
89 56 1
90 56 1
91 56 1
92 56 1
93 56 1
94 56 1
95 56 1
96 56 1
1 57 1
2 57 1
3 57 1
4 57 1
5 57 1
6 57 1
7 57 1
8 57 1
9 57 1
10 57 1
11 57 1
12 57 1
13 57 1
14 57 1
15 57 1
16 57 1
17 57 1
18 57 1
19 57 1
20 57 1
21 57 1
22 57 1
23 57 1
24 57 1
25 57 1
26 57 1
27 57 1
28 57 1
29 57 1
30 57 1
31 57 1
32 57 1
33 57 1
34 57 1
35 57 1
36 57 1
37 57 1
38 57 1
39 57 1
40 57 1
41 57 1
42 57 1
43 57 1
44 57 1
45 57 1
46 57 1
47 57 1
48 57 1
49 57 1
50 57 1
51 57 1
52 57 1
53 57 1
54 57 1
55 57 1
56 57 1
57 57 1
58 57 1
59 57 1
60 57 1
61 57 1
62 57 1
63 57 1
64 57 1
65 57 1
66 57 1
67 57 1
68 57 1
69 57 1
70 57 1
71 57 1
72 57 1
73 57 1
74 57 1
75 57 1
76 57 1
77 57 1
78 57 1
79 57 1
80 57 1
81 57 1
82 57 1
83 57 1
84 57 1
85 57 1
86 57 1
87 57 1
88 57 1
89 57 1
90 57 1
91 57 1
92 57 1
93 57 1
94 57 1
95 57 1
96 57 1
1 58 1
2 58 1
3 58 1
4 58 1
5 58 1
6 58 1
7 58 1
8 58 1
9 58 1
10 58 1
11 58 1
12 58 1
13 58 1
14 58 1
15 58 1
16 58 1
17 58 1
18 58 1
19 58 1
20 58 1
21 58 1
22 58 1
23 58 1
24 58 1
25 58 1
26 58 1
27 58 1
28 58 1
29 58 1
30 58 1
31 58 1
32 58 1
33 58 1
34 58 1
35 58 1
36 58 1
37 58 1
38 58 1
39 58 1
40 58 1
41 58 1
42 58 1
43 58 1
44 58 1
45 58 1
46 58 1
47 58 1
48 58 1
49 58 1
50 58 1
51 58 1
52 58 1
53 58 1
54 58 1
55 58 1
56 58 1
57 58 1
58 58 1
59 58 1
60 58 1
61 58 1
62 58 1
63 58 1
64 58 1
65 58 1
66 58 1
67 58 1
68 58 1
69 58 1
70 58 1
71 58 1
72 58 1
73 58 1
74 58 1
75 58 1
76 58 1
77 58 1
78 58 1
79 58 1
80 58 1
81 58 1
82 58 1
83 58 1
84 58 1
85 58 1
86 58 1
87 58 1
88 58 1
89 58 1
90 58 1
91 58 1
92 58 1
93 58 1
94 58 1
95 58 1
96 58 1
1 59 1
2 59 1
3 59 1
4 59 1
5 59 1
6 59 1
7 59 1
8 59 1
9 59 1
10 59 1
11 59 1
12 59 1
13 59 1
14 59 1
15 59 1
16 59 1
17 59 1
18 59 1
19 59 1
20 59 1
21 59 1
22 59 1
23 59 1
24 59 1
25 59 1
26 59 1
27 59 1
28 59 1
29 59 1
30 59 1
31 59 1
32 59 1
33 59 1
34 59 1
35 59 1
36 59 1
37 59 1
38 59 1
39 59 1
40 59 1
41 59 1
42 59 1
43 59 1
44 59 1
45 59 1
46 59 1
47 59 1
48 59 1
49 59 1
50 59 1
51 59 1
52 59 1
53 59 1
54 59 1
55 59 1
56 59 1
57 59 1
58 59 1
59 59 1
60 59 1
61 59 1
62 59 1
63 59 1
64 59 1
65 59 1
66 59 1
67 59 1
68 59 1
69 59 1
70 59 1
71 59 1
72 59 1
73 59 1
74 59 1
75 59 1
76 59 1
77 59 1
78 59 1
79 59 1
80 59 1
81 59 1
82 59 1
83 59 1
84 59 1
85 59 1
86 59 1
87 59 1
88 59 1
89 59 1
90 59 1
91 59 1
92 59 1
93 59 1
94 59 1
95 59 1
96 59 1
1 60 1
2 60 1
3 60 1
4 60 1
5 60 1
6 60 1
7 60 1
8 60 1
9 60 1
10 60 1
11 60 1
12 60 1
13 60 1
14 60 1
15 60 1
16 60 1
17 60 1
18 60 1
19 60 1
20 60 1
21 60 1
22 60 1
23 60 1
24 60 1
25 60 1
26 60 1
27 60 1
28 60 1
29 60 1
30 60 1
31 60 1
32 60 1
33 60 1
34 60 1
35 60 1
36 60 1
37 60 1
38 60 1
39 60 1
40 60 1
41 60 1
42 60 1
43 60 1
44 60 1
45 60 1
46 60 1
47 60 1
48 60 1
49 60 1
50 60 1
51 60 1
52 60 1
53 60 1
54 60 1
55 60 1
56 60 1
57 60 1
58 60 1
59 60 1
60 60 1
61 60 1
62 60 1
63 60 1
64 60 1
65 60 1
66 60 1
67 60 1
68 60 1
69 60 1
70 60 1
71 60 1
72 60 1
73 60 1
74 60 1
75 60 1
76 60 1
77 60 1
78 60 1
79 60 1
80 60 1
81 60 1
82 60 1
83 60 1
84 60 1
85 60 1
86 60 1
87 60 1
88 60 1
89 60 1
90 60 1
91 60 1
92 60 1
93 60 1
94 60 1
95 60 1
96 60 1
1 61 1
2 61 1
3 61 1
4 61 1
5 61 1
6 61 1
7 61 1
8 61 1
9 61 1
10 61 1
11 61 1
12 61 1
13 61 1
14 61 1
15 61 1
16 61 1
17 61 1
18 61 1
19 61 1
20 61 1
21 61 1
22 61 1
23 61 1
24 61 1
25 61 1
26 61 1
27 61 1
28 61 1
29 61 1
30 61 1
31 61 1
32 61 1
33 61 1
34 61 1
35 61 1
36 61 1
37 61 1
38 61 1
39 61 1
40 61 1
41 61 1
42 61 1
43 61 1
44 61 1
45 61 1
46 61 1
47 61 1
48 61 1
49 61 1
50 61 1
51 61 1
52 61 1
53 61 1
54 61 1
55 61 1
56 61 1
57 61 1
58 61 1
59 61 1
60 61 1
61 61 1
62 61 1
63 61 1
64 61 1
65 61 1
66 61 1
67 61 1
68 61 1
69 61 1
70 61 1
71 61 1
72 61 1
73 61 1
74 61 1
75 61 1
76 61 1
77 61 1
78 61 1
79 61 1
80 61 1
81 61 1
82 61 1
83 61 1
84 61 1
85 61 1
86 61 1
89 61 1
90 61 1
91 61 1
92 61 1
93 61 1
94 61 1
95 61 1
96 61 1
1 62 1
2 62 1
3 62 1
4 62 1
5 62 1
6 62 1
7 62 1
8 62 1
9 62 1
10 62 1
11 62 1
12 62 1
13 62 1
14 62 1
15 62 1
16 62 1
17 62 1
18 62 1
19 62 1
20 62 1
21 62 1
22 62 1
23 62 1
24 62 1
25 62 1
26 62 1
27 62 1
28 62 1
29 62 1
30 62 1
31 62 1
32 62 1
33 62 1
34 62 1
35 62 1
36 62 1
37 62 1
38 62 1
39 62 1
40 62 1
41 62 1
42 62 1
43 62 1
44 62 1
45 62 1
46 62 1
47 62 1
48 62 1
49 62 1
50 62 1
51 62 1
52 62 1
53 62 1
54 62 1
55 62 1
56 62 1
57 62 1
58 62 1
59 62 1
60 62 1
61 62 1
62 62 1
63 62 1
64 62 1
65 62 1
66 62 1
67 62 1
68 62 1
69 62 1
70 62 1
71 62 1
72 62 1
73 62 1
74 62 1
75 62 1
76 62 1
77 62 1
78 62 1
79 62 1
80 62 1
81 62 1
82 62 1
83 62 1
84 62 1
85 62 1
86 62 1
89 62 1
90 62 1
91 62 1
92 62 1
93 62 1
94 62 1
95 62 1
96 62 1
1 63 1
2 63 1
3 63 1
4 63 1
5 63 1
6 63 1
7 63 1
8 63 1
9 63 1
10 63 1
11 63 1
14 63 1
15 63 1
16 63 1
17 63 1
18 63 1
19 63 1
20 63 1
21 63 1
22 63 1
23 63 1
24 63 1
25 63 1
26 63 1
27 63 1
28 63 1
29 63 1
30 63 1
31 63 1
32 63 1
33 63 1
34 63 1
35 63 1
36 63 1
37 63 1
38 63 1
39 63 1
40 63 1
41 63 1
42 63 1
43 63 1
44 63 1
45 63 1
46 63 1
47 63 1
48 63 1
49 63 1
50 63 1
51 63 1
52 63 1
53 63 1
54 63 1
55 63 1
56 63 1
57 63 1
58 63 1
59 63 1
60 63 1
61 63 1
62 63 1
63 63 1
64 63 1
65 63 1
66 63 1
67 63 1
68 63 1
69 63 1
70 63 1
71 63 1
72 63 1
73 63 1
74 63 1
75 63 1
76 63 1
77 63 1
78 63 1
79 63 1
80 63 1
81 63 1
82 63 1
83 63 1
84 63 1
85 63 1
86 63 1
87 63 1
88 63 1
89 63 1
90 63 1
91 63 1
92 63 1
93 63 1
94 63 1
95 63 1
96 63 1
1 64 1
2 64 1
3 64 1
4 64 1
5 64 1
6 64 1
7 64 1
8 64 1
9 64 1
10 64 1
11 64 1
14 64 1
15 64 1
16 64 1
17 64 1
18 64 1
19 64 1
20 64 1
21 64 1
22 64 1
23 64 1
24 64 1
25 64 1
26 64 1
27 64 1
28 64 1
29 64 1
30 64 1
31 64 1
32 64 1
33 64 1
34 64 1
35 64 1
36 64 1
37 64 1
38 64 1
39 64 1
40 64 1
41 64 1
42 64 1
43 64 1
44 64 1
45 64 1
46 64 1
47 64 1
48 64 1
49 64 1
50 64 1
51 64 1
52 64 1
53 64 1
54 64 1
55 64 1
56 64 1
57 64 1
58 64 1
59 64 1
60 64 1
61 64 1
62 64 1
63 64 1
64 64 1
65 64 1
66 64 1
67 64 1
68 64 1
69 64 1
70 64 1
71 64 1
72 64 1
73 64 1
74 64 1
75 64 1
76 64 1
77 64 1
78 64 1
79 64 1
80 64 1
81 64 1
82 64 1
83 64 1
84 64 1
85 64 1
86 64 1
87 64 1
88 64 1
89 64 1
90 64 1
91 64 1
92 64 1
93 64 1
94 64 1
95 64 1
96 64 1
1 65 1
2 65 1
3 65 1
4 65 1
5 65 1
6 65 1
7 65 1
8 65 1
9 65 1
10 65 1
11 65 1
12 65 1
13 65 1
14 65 1
15 65 1
16 65 1
17 65 1
18 65 1
19 65 1
20 65 1
21 65 1
22 65 1
23 65 1
24 65 1
25 65 1
26 65 1
27 65 1
28 65 1
29 65 1
30 65 1
31 65 1
32 65 1
33 65 1
34 65 1
35 65 1
36 65 1
37 65 1
38 65 1
39 65 1
40 65 1
41 65 1
42 65 1
43 65 1
44 65 1
45 65 1
46 65 1
47 65 1
48 65 1
49 65 1
50 65 1
51 65 1
52 65 1
53 65 1
54 65 1
55 65 1
58 65 1
59 65 1
60 65 1
61 65 1
62 65 1
63 65 1
64 65 1
65 65 1
66 65 1
67 65 1
68 65 1
69 65 1
70 65 1
71 65 1
72 65 1
73 65 1
74 65 1
75 65 1
76 65 1
77 65 1
78 65 1
79 65 1
80 65 1
81 65 1
82 65 1
83 65 1
84 65 1
85 65 1
86 65 1
87 65 1
88 65 1
89 65 1
90 65 1
91 65 1
92 65 1
93 65 1
94 65 1
95 65 1
96 65 1
1 66 1
2 66 1
3 66 1
4 66 1
5 66 1
6 66 1
7 66 1
8 66 1
9 66 1
10 66 1
11 66 1
12 66 1
13 66 1
14 66 1
15 66 1
16 66 1
17 66 1
18 66 1
19 66 1
20 66 1
21 66 1
22 66 1
23 66 1
24 66 1
25 66 1
26 66 1
27 66 1
28 66 1
29 66 1
30 66 1
31 66 1
32 66 1
33 66 1
34 66 1
35 66 1
36 66 1
37 66 1
38 66 1
39 66 1
40 66 1
41 66 1
42 66 1
43 66 1
44 66 1
45 66 1
46 66 1
47 66 1
48 66 1
49 66 1
50 66 1
51 66 1
52 66 1
53 66 1
54 66 1
55 66 1
58 66 1
59 66 1
60 66 1
61 66 1
62 66 1
63 66 1
64 66 1
65 66 1
66 66 1
67 66 1
68 66 1
69 66 1
70 66 1
71 66 1
72 66 1
73 66 1
74 66 1
75 66 1
76 66 1
77 66 1
78 66 1
79 66 1
80 66 1
81 66 1
82 66 1
83 66 1
84 66 1
85 66 1
86 66 1
87 66 1
88 66 1
89 66 1
90 66 1
91 66 1
92 66 1
93 66 1
94 66 1
95 66 1
96 66 1
1 67 1
2 67 1
3 67 1
4 67 1
5 67 1
6 67 1
7 67 1
8 67 1
9 67 1
10 67 1
11 67 1
12 67 1
13 67 1
14 67 1
15 67 1
16 67 1
17 67 1
18 67 1
19 67 1
20 67 1
21 67 1
22 67 1
23 67 1
24 67 1
25 67 1
26 67 1
27 67 1
28 67 1
29 67 1
30 67 1
31 67 1
32 67 1
33 67 1
34 67 1
35 67 1
36 67 1
37 67 1
38 67 1
39 67 1
40 67 1
41 67 1
42 67 1
43 67 1
44 67 1
45 67 1
46 67 1
47 67 1
48 67 1
49 67 1
50 67 1
51 67 1
52 67 1
53 67 1
54 67 1
55 67 1
56 67 1
57 67 1
58 67 1
59 67 1
60 67 1
61 67 1
62 67 1
63 67 1
64 67 1
65 67 1
66 67 1
67 67 1
68 67 1
69 67 1
70 67 1
71 67 1
72 67 1
73 67 1
74 67 1
75 67 1
76 67 1
77 67 1
78 67 1
79 67 1
80 67 1
81 67 1
82 67 1
83 67 1
84 67 1
85 67 1
86 67 1
87 67 1
88 67 1
89 67 1
90 67 1
91 67 1
92 67 1
93 67 1
94 67 1
95 67 1
96 67 1
1 68 1
2 68 1
3 68 1
4 68 1
5 68 1
6 68 1
7 68 1
8 68 1
9 68 1
10 68 1
11 68 1
12 68 1
13 68 1
14 68 1
15 68 1
16 68 1
17 68 1
18 68 1
19 68 1
20 68 1
21 68 1
22 68 1
23 68 1
24 68 1
25 68 1
26 68 1
27 68 1
28 68 1
29 68 1
30 68 1
31 68 1
32 68 1
33 68 1
34 68 1
35 68 1
36 68 1
37 68 1
38 68 1
39 68 1
40 68 1
41 68 1
42 68 1
43 68 1
44 68 1
45 68 1
46 68 1
47 68 1
48 68 1
49 68 1
50 68 1
51 68 1
52 68 1
53 68 1
54 68 1
55 68 1
56 68 1
57 68 1
58 68 1
59 68 1
60 68 1
61 68 1
62 68 1
63 68 1
64 68 1
65 68 1
66 68 1
67 68 1
68 68 1
69 68 1
70 68 1
71 68 1
72 68 1
73 68 1
74 68 1
75 68 1
76 68 1
77 68 1
78 68 1
79 68 1
80 68 1
81 68 1
82 68 1
83 68 1
84 68 1
85 68 1
86 68 1
87 68 1
88 68 1
89 68 1
90 68 1
91 68 1
92 68 1
93 68 1
94 68 1
95 68 1
96 68 1
1 69 1
2 69 1
3 69 1
4 69 1
5 69 1
6 69 1
7 69 1
8 69 1
9 69 1
10 69 1
11 69 1
12 69 1
13 69 1
14 69 1
15 69 1
16 69 1
17 69 1
18 69 1
19 69 1
20 69 1
21 69 1
22 69 1
23 69 1
24 69 1
25 69 1
26 69 1
27 69 1
28 69 1
29 69 1
30 69 1
31 69 1
32 69 1
33 69 1
34 69 1
35 69 1
36 69 1
37 69 1
38 69 1
39 69 1
40 69 1
41 69 1
42 69 1
43 69 1
44 69 1
45 69 1
46 69 1
47 69 1
48 69 1
49 69 1
50 69 1
51 69 1
52 69 1
53 69 1
54 69 1
55 69 1
56 69 1
57 69 1
58 69 1
59 69 1
60 69 1
61 69 1
62 69 1
63 69 1
64 69 1
65 69 1
66 69 1
67 69 1
68 69 1
69 69 1
70 69 1
71 69 1
72 69 1
73 69 1
74 69 1
75 69 1
76 69 1
77 69 1
78 69 1
79 69 1
80 69 1
81 69 1
82 69 1
83 69 1
84 69 1
85 69 1
86 69 1
87 69 1
88 69 1
89 69 1
90 69 1
91 69 1
92 69 1
93 69 1
94 69 1
95 69 1
96 69 1
1 70 1
2 70 1
3 70 1
4 70 1
5 70 1
6 70 1
7 70 1
8 70 1
9 70 1
10 70 1
11 70 1
12 70 1
13 70 1
14 70 1
15 70 1
16 70 1
17 70 1
18 70 1
19 70 1
20 70 1
21 70 1
22 70 1
23 70 1
24 70 1
25 70 1
26 70 1
27 70 1
28 70 1
29 70 1
30 70 1
31 70 1
32 70 1
33 70 1
34 70 1
35 70 1
36 70 1
37 70 1
38 70 1
39 70 1
40 70 1
41 70 1
42 70 1
43 70 1
44 70 1
45 70 1
46 70 1
47 70 1
48 70 1
49 70 1
50 70 1
51 70 1
52 70 1
53 70 1
54 70 1
55 70 1
56 70 1
57 70 1
58 70 1
59 70 1
60 70 1
61 70 1
62 70 1
63 70 1
64 70 1
65 70 1
66 70 1
67 70 1
68 70 1
69 70 1
70 70 1
71 70 1
72 70 1
73 70 1
74 70 1
75 70 1
76 70 1
77 70 1
78 70 1
79 70 1
80 70 1
81 70 1
82 70 1
83 70 1
84 70 1
85 70 1
86 70 1
87 70 1
88 70 1
89 70 1
90 70 1
91 70 1
92 70 1
93 70 1
94 70 1
95 70 1
96 70 1
1 71 1
2 71 1
3 71 1
4 71 1
5 71 1
6 71 1
7 71 1
8 71 1
9 71 1
10 71 1
11 71 1
12 71 1
13 71 1
14 71 1
15 71 1
16 71 1
17 71 1
18 71 1
19 71 1
20 71 1
21 71 1
22 71 1
23 71 1
24 71 1
25 71 1
26 71 1
27 71 1
28 71 1
29 71 1
30 71 1
31 71 1
32 71 1
33 71 1
34 71 1
35 71 1
36 71 1
37 71 1
38 71 1
39 71 1
40 71 1
41 71 1
42 71 1
43 71 1
44 71 1
45 71 1
46 71 1
47 71 1
48 71 1
49 71 1
50 71 1
51 71 1
52 71 1
53 71 1
54 71 1
55 71 1
56 71 1
57 71 1
58 71 1
59 71 1
60 71 1
61 71 1
62 71 1
63 71 1
64 71 1
65 71 1
66 71 1
67 71 1
68 71 1
69 71 1
70 71 1
71 71 1
72 71 1
73 71 1
74 71 1
75 71 1
76 71 1
77 71 1
78 71 1
79 71 1
80 71 1
81 71 1
82 71 1
83 71 1
84 71 1
85 71 1
86 71 1
87 71 1
88 71 1
89 71 1
90 71 1
91 71 1
92 71 1
93 71 1
94 71 1
95 71 1
96 71 1
1 72 1
2 72 1
3 72 1
4 72 1
5 72 1
6 72 1
7 72 1
8 72 1
9 72 1
10 72 1
11 72 1
12 72 1
13 72 1
14 72 1
15 72 1
16 72 1
17 72 1
18 72 1
19 72 1
20 72 1
21 72 1
22 72 1
23 72 1
24 72 1
25 72 1
26 72 1
27 72 1
28 72 1
29 72 1
30 72 1
31 72 1
32 72 1
33 72 1
34 72 1
35 72 1
36 72 1
37 72 1
38 72 1
39 72 1
40 72 1
41 72 1
42 72 1
43 72 1
44 72 1
45 72 1
46 72 1
47 72 1
48 72 1
49 72 1
50 72 1
51 72 1
52 72 1
53 72 1
54 72 1
55 72 1
56 72 1
57 72 1
58 72 1
59 72 1
60 72 1
61 72 1
62 72 1
63 72 1
64 72 1
65 72 1
66 72 1
67 72 1
68 72 1
69 72 1
70 72 1
71 72 1
72 72 1
73 72 1
74 72 1
75 72 1
76 72 1
77 72 1
78 72 1
79 72 1
80 72 1
81 72 1
82 72 1
83 72 1
84 72 1
85 72 1
86 72 1
87 72 1
88 72 1
89 72 1
90 72 1
91 72 1
92 72 1
93 72 1
94 72 1
95 72 1
96 72 1
1 73 1
2 73 1
3 73 1
4 73 1
5 73 1
6 73 1
7 73 1
8 73 1
9 73 1
10 73 1
11 73 1
12 73 1
13 73 1
14 73 1
15 73 1
16 73 1
17 73 1
18 73 1
19 73 1
20 73 1
21 73 1
22 73 1
23 73 1
24 73 1
25 73 1
26 73 1
27 73 1
28 73 1
29 73 1
30 73 1
31 73 1
32 73 1
33 73 1
34 73 1
35 73 1
36 73 1
37 73 1
38 73 1
39 73 1
40 73 1
43 73 1
44 73 1
45 73 1
46 73 1
47 73 1
48 73 1
49 73 1
50 73 1
51 73 1
52 73 1
53 73 1
54 73 1
55 73 1
56 73 1
57 73 1
58 73 1
59 73 1
60 73 1
61 73 1
62 73 1
63 73 1
64 73 1
65 73 1
66 73 1
67 73 1
68 73 1
69 73 1
70 73 1
71 73 1
72 73 1
73 73 1
74 73 1
75 73 1
76 73 1
77 73 1
78 73 1
79 73 1
80 73 1
81 73 1
82 73 1
83 73 1
84 73 1
85 73 1
86 73 1
87 73 1
88 73 1
89 73 1
90 73 1
91 73 1
92 73 1
93 73 1
94 73 1
95 73 1
96 73 1
1 74 1
2 74 1
3 74 1
4 74 1
5 74 1
6 74 1
7 74 1
8 74 1
9 74 1
10 74 1
11 74 1
12 74 1
13 74 1
14 74 1
15 74 1
16 74 1
17 74 1
18 74 1
19 74 1
20 74 1
21 74 1
22 74 1
23 74 1
24 74 1
25 74 1
26 74 1
27 74 1
28 74 1
29 74 1
30 74 1
31 74 1
32 74 1
33 74 1
34 74 1
35 74 1
36 74 1
37 74 1
38 74 1
39 74 1
40 74 1
43 74 1
44 74 1
45 74 1
46 74 1
47 74 1
48 74 1
49 74 1
50 74 1
51 74 1
52 74 1
53 74 1
54 74 1
55 74 1
56 74 1
57 74 1
58 74 1
59 74 1
60 74 1
61 74 1
62 74 1
63 74 1
64 74 1
65 74 1
66 74 1
67 74 1
68 74 1
69 74 1
70 74 1
71 74 1
72 74 1
73 74 1
74 74 1
75 74 1
76 74 1
77 74 1
78 74 1
79 74 1
80 74 1
81 74 1
82 74 1
83 74 1
84 74 1
85 74 1
86 74 1
87 74 1
88 74 1
89 74 1
90 74 1
91 74 1
92 74 1
93 74 1
94 74 1
95 74 1
96 74 1
1 75 1
2 75 1
3 75 1
4 75 1
5 75 1
6 75 1
7 75 1
8 75 1
9 75 1
10 75 1
11 75 1
12 75 1
13 75 1
14 75 1
15 75 1
16 75 1
17 75 1
18 75 1
19 75 1
20 75 1
21 75 1
22 75 1
23 75 1
24 75 1
25 75 1
26 75 1
27 75 1
28 75 1
29 75 1
30 75 1
31 75 1
32 75 1
33 75 1
34 75 1
35 75 1
36 75 1
37 75 1
38 75 1
39 75 1
40 75 1
41 75 1
42 75 1
43 75 1
44 75 1
45 75 1
46 75 1
47 75 1
48 75 1
49 75 1
50 75 1
51 75 1
52 75 1
53 75 1
54 75 1
55 75 1
56 75 1
57 75 1
58 75 1
59 75 1
60 75 1
61 75 1
62 75 1
63 75 1
64 75 1
65 75 1
66 75 1
67 75 1
68 75 1
69 75 1
70 75 1
71 75 1
72 75 1
73 75 1
74 75 1
75 75 1
76 75 1
77 75 1
78 75 1
79 75 1
80 75 1
81 75 1
82 75 1
83 75 1
84 75 1
85 75 1
86 75 1
87 75 1
88 75 1
89 75 1
90 75 1
91 75 1
92 75 1
93 75 1
94 75 1
95 75 1
96 75 1
1 76 1
2 76 1
3 76 1
4 76 1
5 76 1
6 76 1
7 76 1
8 76 1
11 76 1
12 76 1
13 76 1
14 76 1
15 76 1
16 76 1
17 76 1
18 76 1
19 76 1
20 76 1
21 76 1
22 76 1
23 76 1
24 76 1
25 76 1
26 76 1
27 76 1
28 76 1
29 76 1
30 76 1
31 76 1
32 76 1
33 76 1
34 76 1
35 76 1
36 76 1
37 76 1
38 76 1
39 76 1
40 76 1
41 76 1
42 76 1
43 76 1
44 76 1
45 76 1
46 76 1
47 76 1
48 76 1
49 76 1
50 76 1
51 76 1
52 76 1
53 76 1
54 76 1
55 76 1
56 76 1
57 76 1
58 76 1
59 76 1
60 76 1
61 76 1
62 76 1
63 76 1
64 76 1
65 76 1
66 76 1
67 76 1
68 76 1
69 76 1
70 76 1
71 76 1
72 76 1
73 76 1
74 76 1
75 76 1
76 76 1
77 76 1
78 76 1
79 76 1
82 76 1
83 76 1
84 76 1
85 76 1
86 76 1
87 76 1
88 76 1
89 76 1
90 76 1
91 76 1
92 76 1
93 76 1
94 76 1
95 76 1
96 76 1
1 77 1
2 77 1
3 77 1
4 77 1
5 77 1
6 77 1
7 77 1
8 77 1
11 77 1
12 77 1
13 77 1
14 77 1
15 77 1
16 77 1
17 77 1
18 77 1
19 77 1
20 77 1
21 77 1
22 77 1
23 77 1
24 77 1
25 77 1
26 77 1
27 77 1
28 77 1
29 77 1
30 77 1
31 77 1
32 77 1
33 77 1
34 77 1
35 77 1
36 77 1
37 77 1
38 77 1
39 77 1
40 77 1
41 77 1
42 77 1
43 77 1
44 77 1
45 77 1
46 77 1
47 77 1
48 77 1
49 77 1
50 77 1
51 77 1
52 77 1
53 77 1
54 77 1
55 77 1
56 77 1
57 77 1
58 77 1
61 77 1
62 77 1
63 77 1
64 77 1
65 77 1
66 77 1
67 77 1
68 77 1
69 77 1
70 77 1
71 77 1
72 77 1
73 77 1
74 77 1
75 77 1
76 77 1
77 77 1
78 77 1
79 77 1
82 77 1
83 77 1
84 77 1
85 77 1
86 77 1
87 77 1
88 77 1
89 77 1
90 77 1
91 77 1
92 77 1
93 77 1
94 77 1
95 77 1
96 77 1
1 78 1
2 78 1
3 78 1
4 78 1
5 78 1
6 78 1
7 78 1
8 78 1
9 78 1
10 78 1
11 78 1
12 78 1
13 78 1
14 78 1
15 78 1
16 78 1
17 78 1
18 78 1
19 78 1
20 78 1
21 78 1
22 78 1
23 78 1
24 78 1
25 78 1
26 78 1
27 78 1
28 78 1
29 78 1
30 78 1
31 78 1
32 78 1
33 78 1
34 78 1
35 78 1
36 78 1
37 78 1
38 78 1
39 78 1
40 78 1
41 78 1
42 78 1
43 78 1
44 78 1
45 78 1
46 78 1
47 78 1
48 78 1
49 78 1
50 78 1
51 78 1
52 78 1
53 78 1
54 78 1
55 78 1
56 78 1
57 78 1
58 78 1
61 78 1
62 78 1
63 78 1
64 78 1
65 78 1
66 78 1
67 78 1
68 78 1
69 78 1
70 78 1
71 78 1
72 78 1
73 78 1
74 78 1
75 78 1
76 78 1
77 78 1
78 78 1
79 78 1
80 78 1
81 78 1
82 78 1
83 78 1
84 78 1
85 78 1
86 78 1
87 78 1
88 78 1
89 78 1
90 78 1
91 78 1
92 78 1
93 78 1
94 78 1
95 78 1
96 78 1
1 79 1
2 79 1
3 79 1
4 79 1
5 79 1
6 79 1
7 79 1
8 79 1
9 79 1
10 79 1
11 79 1
12 79 1
13 79 1
14 79 1
15 79 1
16 79 1
17 79 1
18 79 1
19 79 1
20 79 1
21 79 1
22 79 1
23 79 1
24 79 1
25 79 1
26 79 1
27 79 1
28 79 1
29 79 1
30 79 1
31 79 1
32 79 1
33 79 1
34 79 1
35 79 1
36 79 1
37 79 1
38 79 1
39 79 1
40 79 1
41 79 1
42 79 1
43 79 1
44 79 1
45 79 1
46 79 1
47 79 1
48 79 1
49 79 1
50 79 1
51 79 1
52 79 1
53 79 1
54 79 1
55 79 1
56 79 1
57 79 1
58 79 1
59 79 1
60 79 1
61 79 1
62 79 1
63 79 1
64 79 1
65 79 1
66 79 1
67 79 1
68 79 1
69 79 1
70 79 1
71 79 1
72 79 1
73 79 1
74 79 1
75 79 1
76 79 1
77 79 1
78 79 1
79 79 1
80 79 1
81 79 1
82 79 1
83 79 1
84 79 1
85 79 1
86 79 1
87 79 1
88 79 1
89 79 1
90 79 1
91 79 1
92 79 1
93 79 1
94 79 1
95 79 1
96 79 1
1 80 1
2 80 1
3 80 1
4 80 1
5 80 1
6 80 1
7 80 1
8 80 1
9 80 1
10 80 1
11 80 1
12 80 1
13 80 1
14 80 1
15 80 1
16 80 1
17 80 1
18 80 1
19 80 1
20 80 1
21 80 1
22 80 1
23 80 1
24 80 1
25 80 1
26 80 1
27 80 1
28 80 1
29 80 1
30 80 1
31 80 1
32 80 1
33 80 1
34 80 1
35 80 1
36 80 1
37 80 1
38 80 1
39 80 1
40 80 1
41 80 1
42 80 1
43 80 1
44 80 1
45 80 1
46 80 1
47 80 1
48 80 1
49 80 1
50 80 1
51 80 1
52 80 1
53 80 1
54 80 1
55 80 1
56 80 1
57 80 1
58 80 1
59 80 1
60 80 1
61 80 1
62 80 1
63 80 1
64 80 1
65 80 1
66 80 1
67 80 1
68 80 1
69 80 1
70 80 1
71 80 1
72 80 1
73 80 1
74 80 1
75 80 1
76 80 1
77 80 1
78 80 1
79 80 1
80 80 1
81 80 1
82 80 1
83 80 1
84 80 1
85 80 1
86 80 1
87 80 1
88 80 1
89 80 1
90 80 1
91 80 1
92 80 1
93 80 1
94 80 1
95 80 1
96 80 1
1 81 1
2 81 1
3 81 1
4 81 1
5 81 1
6 81 1
7 81 1
8 81 1
9 81 1
10 81 1
11 81 1
12 81 1
13 81 1
14 81 1
15 81 1
16 81 1
17 81 1
18 81 1
19 81 1
20 81 1
21 81 1
22 81 1
23 81 1
24 81 1
25 81 1
26 81 1
27 81 1
28 81 1
29 81 1
30 81 1
31 81 1
32 81 1
33 81 1
34 81 1
35 81 1
36 81 1
37 81 1
38 81 1
39 81 1
40 81 1
41 81 1
42 81 1
43 81 1
44 81 1
45 81 1
46 81 1
47 81 1
48 81 1
49 81 1
50 81 1
51 81 1
52 81 1
53 81 1
54 81 1
55 81 1
56 81 1
57 81 1
58 81 1
59 81 1
60 81 1
61 81 1
62 81 1
63 81 1
64 81 1
65 81 1
66 81 1
67 81 1
68 81 1
69 81 1
70 81 1
71 81 1
72 81 1
73 81 1
74 81 1
75 81 1
76 81 1
77 81 1
78 81 1
79 81 1
80 81 1
81 81 1
82 81 1
83 81 1
84 81 1
85 81 1
86 81 1
87 81 1
88 81 1
89 81 1
90 81 1
91 81 1
92 81 1
93 81 1
94 81 1
95 81 1
96 81 1
1 82 1
2 82 1
3 82 1
4 82 1
5 82 1
6 82 1
7 82 1
8 82 1
9 82 1
10 82 1
11 82 1
12 82 1
13 82 1
14 82 1
15 82 1
16 82 1
17 82 1
18 82 1
19 82 1
20 82 1
21 82 1
22 82 1
23 82 1
24 82 1
25 82 1
26 82 1
27 82 1
28 82 1
29 82 1
30 82 1
31 82 1
32 82 1
33 82 1
34 82 1
35 82 1
36 82 1
37 82 1
38 82 1
39 82 1
40 82 1
41 82 1
42 82 1
43 82 1
44 82 1
45 82 1
46 82 1
47 82 1
48 82 1
49 82 1
50 82 1
51 82 1
52 82 1
53 82 1
54 82 1
55 82 1
56 82 1
57 82 1
58 82 1
59 82 1
60 82 1
61 82 1
62 82 1
63 82 1
64 82 1
65 82 1
66 82 1
67 82 1
68 82 1
69 82 1
70 82 1
71 82 1
72 82 1
73 82 1
74 82 1
75 82 1
76 82 1
77 82 1
78 82 1
79 82 1
80 82 1
81 82 1
82 82 1
83 82 1
84 82 1
85 82 1
86 82 1
87 82 1
88 82 1
89 82 1
90 82 1
91 82 1
92 82 1
93 82 1
94 82 1
95 82 1
96 82 1
1 83 1
2 83 1
3 83 1
4 83 1
5 83 1
6 83 1
7 83 1
8 83 1
9 83 1
10 83 1
11 83 1
12 83 1
13 83 1
14 83 1
15 83 1
16 83 1
17 83 1
18 83 1
19 83 1
20 83 1
21 83 1
22 83 1
23 83 1
24 83 1
25 83 1
26 83 1
27 83 1
28 83 1
29 83 1
30 83 1
31 83 1
32 83 1
33 83 1
34 83 1
35 83 1
36 83 1
37 83 1
38 83 1
39 83 1
40 83 1
41 83 1
42 83 1
43 83 1
44 83 1
45 83 1
46 83 1
47 83 1
48 83 1
49 83 1
50 83 1
51 83 1
52 83 1
53 83 1
54 83 1
55 83 1
56 83 1
57 83 1
58 83 1
59 83 1
60 83 1
61 83 1
62 83 1
63 83 1
64 83 1
65 83 1
66 83 1
67 83 1
68 83 1
69 83 1
70 83 1
71 83 1
72 83 1
73 83 1
74 83 1
75 83 1
76 83 1
77 83 1
78 83 1
79 83 1
80 83 1
81 83 1
82 83 1
83 83 1
84 83 1
85 83 1
86 83 1
89 83 1
90 83 1
91 83 1
92 83 1
93 83 1
94 83 1
95 83 1
96 83 1
1 84 1
2 84 1
3 84 1
4 84 1
5 84 1
6 84 1
7 84 1
8 84 1
9 84 1
10 84 1
11 84 1
12 84 1
13 84 1
14 84 1
15 84 1
16 84 1
17 84 1
18 84 1
19 84 1
20 84 1
21 84 1
22 84 1
23 84 1
24 84 1
25 84 1
26 84 1
27 84 1
28 84 1
29 84 1
30 84 1
31 84 1
32 84 1
33 84 1
34 84 1
35 84 1
36 84 1
37 84 1
38 84 1
39 84 1
40 84 1
41 84 1
42 84 1
43 84 1
44 84 1
45 84 1
46 84 1
47 84 1
48 84 1
49 84 1
50 84 1
51 84 1
52 84 1
53 84 1
54 84 1
55 84 1
56 84 1
57 84 1
58 84 1
59 84 1
60 84 1
61 84 1
62 84 1
63 84 1
64 84 1
65 84 1
66 84 1
67 84 1
68 84 1
69 84 1
70 84 1
71 84 1
72 84 1
73 84 1
74 84 1
75 84 1
76 84 1
77 84 1
78 84 1
79 84 1
80 84 1
81 84 1
82 84 1
83 84 1
84 84 1
85 84 1
86 84 1
89 84 1
90 84 1
91 84 1
92 84 1
93 84 1
94 84 1
95 84 1
96 84 1
1 85 1
2 85 1
3 85 1
4 85 1
5 85 1
6 85 1
7 85 1
8 85 1
9 85 1
10 85 1
11 85 1
12 85 1
13 85 1
14 85 1
15 85 1
16 85 1
17 85 1
18 85 1
19 85 1
20 85 1
21 85 1
22 85 1
23 85 1
24 85 1
25 85 1
26 85 1
27 85 1
28 85 1
29 85 1
30 85 1
31 85 1
32 85 1
33 85 1
34 85 1
35 85 1
36 85 1
37 85 1
38 85 1
39 85 1
40 85 1
41 85 1
42 85 1
43 85 1
44 85 1
45 85 1
46 85 1
47 85 1
48 85 1
49 85 1
50 85 1
51 85 1
52 85 1
53 85 1
54 85 1
55 85 1
56 85 1
57 85 1
58 85 1
59 85 1
60 85 1
61 85 1
62 85 1
63 85 1
64 85 1
65 85 1
66 85 1
67 85 1
68 85 1
69 85 1
70 85 1
71 85 1
72 85 1
73 85 1
74 85 1
75 85 1
76 85 1
77 85 1
78 85 1
79 85 1
80 85 1
81 85 1
82 85 1
83 85 1
84 85 1
85 85 1
86 85 1
87 85 1
88 85 1
89 85 1
90 85 1
91 85 1
92 85 1
93 85 1
94 85 1
95 85 1
96 85 1
1 86 1
2 86 1
3 86 1
4 86 1
5 86 1
6 86 1
7 86 1
8 86 1
9 86 1
10 86 1
11 86 1
12 86 1
13 86 1
14 86 1
15 86 1
16 86 1
17 86 1
18 86 1
19 86 1
20 86 1
21 86 1
22 86 1
23 86 1
24 86 1
25 86 1
26 86 1
27 86 1
28 86 1
29 86 1
30 86 1
31 86 1
32 86 1
33 86 1
34 86 1
35 86 1
36 86 1
37 86 1
38 86 1
39 86 1
40 86 1
41 86 1
42 86 1
43 86 1
44 86 1
45 86 1
46 86 1
47 86 1
48 86 1
49 86 1
50 86 1
51 86 1
52 86 1
53 86 1
54 86 1
55 86 1
56 86 1
57 86 1
58 86 1
59 86 1
60 86 1
61 86 1
62 86 1
63 86 1
64 86 1
67 86 1
68 86 1
69 86 1
70 86 1
71 86 1
72 86 1
73 86 1
74 86 1
75 86 1
76 86 1
77 86 1
78 86 1
79 86 1
80 86 1
81 86 1
82 86 1
83 86 1
84 86 1
85 86 1
86 86 1
87 86 1
88 86 1
89 86 1
90 86 1
91 86 1
92 86 1
93 86 1
94 86 1
95 86 1
96 86 1
1 87 1
2 87 1
3 87 1
4 87 1
5 87 1
6 87 1
7 87 1
8 87 1
9 87 1
10 87 1
11 87 1
12 87 1
13 87 1
16 87 1
17 87 1
18 87 1
19 87 1
20 87 1
21 87 1
22 87 1
23 87 1
24 87 1
25 87 1
26 87 1
27 87 1
28 87 1
29 87 1
30 87 1
31 87 1
32 87 1
33 87 1
34 87 1
35 87 1
36 87 1
37 87 1
38 87 1
39 87 1
40 87 1
41 87 1
42 87 1
43 87 1
44 87 1
45 87 1
46 87 1
47 87 1
48 87 1
49 87 1
50 87 1
51 87 1
52 87 1
53 87 1
54 87 1
55 87 1
56 87 1
57 87 1
58 87 1
59 87 1
60 87 1
61 87 1
62 87 1
63 87 1
64 87 1
67 87 1
68 87 1
69 87 1
70 87 1
71 87 1
72 87 1
73 87 1
74 87 1
75 87 1
76 87 1
77 87 1
78 87 1
79 87 1
80 87 1
81 87 1
82 87 1
83 87 1
84 87 1
85 87 1
86 87 1
87 87 1
88 87 1
89 87 1
90 87 1
91 87 1
92 87 1
93 87 1
94 87 1
95 87 1
96 87 1
1 88 1
2 88 1
3 88 1
4 88 1
5 88 1
6 88 1
7 88 1
8 88 1
9 88 1
10 88 1
11 88 1
12 88 1
13 88 1
16 88 1
17 88 1
18 88 1
19 88 1
20 88 1
21 88 1
22 88 1
23 88 1
24 88 1
25 88 1
26 88 1
27 88 1
28 88 1
29 88 1
30 88 1
31 88 1
32 88 1
33 88 1
34 88 1
35 88 1
36 88 1
37 88 1
38 88 1
39 88 1
40 88 1
41 88 1
42 88 1
43 88 1
44 88 1
45 88 1
46 88 1
47 88 1
48 88 1
49 88 1
50 88 1
51 88 1
52 88 1
53 88 1
54 88 1
55 88 1
56 88 1
57 88 1
58 88 1
59 88 1
60 88 1
61 88 1
62 88 1
63 88 1
64 88 1
65 88 1
66 88 1
67 88 1
68 88 1
69 88 1
70 88 1
71 88 1
72 88 1
73 88 1
74 88 1
75 88 1
76 88 1
77 88 1
78 88 1
79 88 1
80 88 1
81 88 1
82 88 1
83 88 1
84 88 1
85 88 1
86 88 1
87 88 1
88 88 1
89 88 1
90 88 1
91 88 1
92 88 1
93 88 1
94 88 1
95 88 1
96 88 1
1 89 1
2 89 1
3 89 1
4 89 1
5 89 1
6 89 1
7 89 1
8 89 1
9 89 1
10 89 1
11 89 1
12 89 1
13 89 1
14 89 1
15 89 1
16 89 1
17 89 1
18 89 1
19 89 1
20 89 1
21 89 1
22 89 1
23 89 1
24 89 1
25 89 1
26 89 1
27 89 1
28 89 1
29 89 1
30 89 1
31 89 1
32 89 1
33 89 1
34 89 1
35 89 1
36 89 1
37 89 1
38 89 1
39 89 1
40 89 1
41 89 1
42 89 1
43 89 1
44 89 1
45 89 1
46 89 1
47 89 1
48 89 1
49 89 1
50 89 1
51 89 1
52 89 1
53 89 1
54 89 1
55 89 1
56 89 1
57 89 1
58 89 1
59 89 1
60 89 1
61 89 1
62 89 1
63 89 1
64 89 1
65 89 1
66 89 1
67 89 1
68 89 1
69 89 1
70 89 1
71 89 1
72 89 1
73 89 1
74 89 1
75 89 1
76 89 1
77 89 1
78 89 1
79 89 1
80 89 1
81 89 1
82 89 1
83 89 1
84 89 1
85 89 1
86 89 1
87 89 1
88 89 1
89 89 1
90 89 1
91 89 1
92 89 1
93 89 1
94 89 1
95 89 1
96 89 1
1 90 1
2 90 1
3 90 1
4 90 1
5 90 1
6 90 1
7 90 1
8 90 1
9 90 1
10 90 1
11 90 1
12 90 1
13 90 1
14 90 1
15 90 1
16 90 1
17 90 1
18 90 1
19 90 1
20 90 1
21 90 1
22 90 1
23 90 1
24 90 1
25 90 1
26 90 1
27 90 1
28 90 1
29 90 1
30 90 1
31 90 1
32 90 1
33 90 1
34 90 1
35 90 1
36 90 1
37 90 1
38 90 1
39 90 1
40 90 1
43 90 1
44 90 1
45 90 1
46 90 1
47 90 1
48 90 1
49 90 1
50 90 1
51 90 1
52 90 1
53 90 1
54 90 1
55 90 1
56 90 1
57 90 1
58 90 1
59 90 1
60 90 1
61 90 1
62 90 1
63 90 1
64 90 1
65 90 1
66 90 1
67 90 1
68 90 1
69 90 1
70 90 1
71 90 1
72 90 1
73 90 1
74 90 1
75 90 1
76 90 1
77 90 1
78 90 1
79 90 1
80 90 1
81 90 1
82 90 1
83 90 1
84 90 1
85 90 1
86 90 1
87 90 1
88 90 1
89 90 1
90 90 1
91 90 1
92 90 1
93 90 1
94 90 1
95 90 1
96 90 1
1 91 1
2 91 1
3 91 1
4 91 1
5 91 1
6 91 1
7 91 1
8 91 1
9 91 1
10 91 1
11 91 1
12 91 1
13 91 1
14 91 1
15 91 1
16 91 1
17 91 1
18 91 1
19 91 1
20 91 1
21 91 1
22 91 1
23 91 1
24 91 1
25 91 1
26 91 1
27 91 1
28 91 1
29 91 1
30 91 1
31 91 1
32 91 1
33 91 1
34 91 1
35 91 1
36 91 1
37 91 1
38 91 1
39 91 1
40 91 1
43 91 1
44 91 1
45 91 1
46 91 1
47 91 1
48 91 1
49 91 1
50 91 1
51 91 1
52 91 1
53 91 1
54 91 1
55 91 1
56 91 1
57 91 1
58 91 1
59 91 1
60 91 1
61 91 1
62 91 1
63 91 1
64 91 1
65 91 1
66 91 1
67 91 1
68 91 1
69 91 1
70 91 1
71 91 1
72 91 1
73 91 1
74 91 1
75 91 1
76 91 1
77 91 1
78 91 1
79 91 1
80 91 1
81 91 1
82 91 1
83 91 1
84 91 1
85 91 1
86 91 1
87 91 1
88 91 1
89 91 1
90 91 1
91 91 1
92 91 1
93 91 1
94 91 1
95 91 1
96 91 1
1 92 1
2 92 1
3 92 1
4 92 1
5 92 1
6 92 1
7 92 1
8 92 1
9 92 1
10 92 1
11 92 1
12 92 1
13 92 1
14 92 1
15 92 1
16 92 1
17 92 1
18 92 1
19 92 1
20 92 1
21 92 1
22 92 1
23 92 1
24 92 1
25 92 1
26 92 1
27 92 1
28 92 1
29 92 1
30 92 1
31 92 1
32 92 1
33 92 1
34 92 1
35 92 1
36 92 1
37 92 1
38 92 1
39 92 1
40 92 1
41 92 1
42 92 1
43 92 1
44 92 1
45 92 1
46 92 1
47 92 1
48 92 1
49 92 1
50 92 1
51 92 1
52 92 1
53 92 1
54 92 1
55 92 1
56 92 1
57 92 1
58 92 1
59 92 1
60 92 1
61 92 1
62 92 1
63 92 1
64 92 1
65 92 1
66 92 1
67 92 1
68 92 1
69 92 1
70 92 1
71 92 1
72 92 1
73 92 1
74 92 1
75 92 1
76 92 1
77 92 1
78 92 1
79 92 1
80 92 1
81 92 1
82 92 1
83 92 1
84 92 1
85 92 1
86 92 1
87 92 1
88 92 1
89 92 1
90 92 1
91 92 1
92 92 1
93 92 1
94 92 1
95 92 1
96 92 1
1 93 1
2 93 1
3 93 1
4 93 1
5 93 1
6 93 1
7 93 1
8 93 1
9 93 1
10 93 1
11 93 1
12 93 1
13 93 1
14 93 1
15 93 1
16 93 1
17 93 1
18 93 1
19 93 1
20 93 1
21 93 1
22 93 1
23 93 1
24 93 1
25 93 1
26 93 1
27 93 1
28 93 1
29 93 1
30 93 1
31 93 1
32 93 1
33 93 1
34 93 1
35 93 1
36 93 1
37 93 1
38 93 1
39 93 1
40 93 1
41 93 1
42 93 1
43 93 1
44 93 1
45 93 1
46 93 1
47 93 1
48 93 1
49 93 1
50 93 1
51 93 1
52 93 1
53 93 1
54 93 1
55 93 1
56 93 1
57 93 1
58 93 1
59 93 1
60 93 1
61 93 1
62 93 1
63 93 1
64 93 1
65 93 1
66 93 1
67 93 1
68 93 1
69 93 1
70 93 1
71 93 1
72 93 1
73 93 1
74 93 1
75 93 1
76 93 1
77 93 1
78 93 1
79 93 1
80 93 1
81 93 1
82 93 1
83 93 1
84 93 1
85 93 1
86 93 1
87 93 1
88 93 1
89 93 1
90 93 1
91 93 1
92 93 1
93 93 1
94 93 1
95 93 1
96 93 1
1 94 1
2 94 1
3 94 1
4 94 1
5 94 1
6 94 1
7 94 1
8 94 1
9 94 1
10 94 1
11 94 1
12 94 1
13 94 1
14 94 1
15 94 1
16 94 1
17 94 1
18 94 1
19 94 1
20 94 1
21 94 1
22 94 1
23 94 1
24 94 1
25 94 1
26 94 1
27 94 1
28 94 1
29 94 1
30 94 1
31 94 1
32 94 1
33 94 1
34 94 1
35 94 1
36 94 1
37 94 1
38 94 1
39 94 1
40 94 1
41 94 1
42 94 1
43 94 1
44 94 1
45 94 1
46 94 1
47 94 1
48 94 1
49 94 1
50 94 1
51 94 1
52 94 1
53 94 1
54 94 1
55 94 1
56 94 1
57 94 1
58 94 1
59 94 1
60 94 1
61 94 1
62 94 1
63 94 1
64 94 1
65 94 1
66 94 1
67 94 1
68 94 1
69 94 1
70 94 1
71 94 1
72 94 1
73 94 1
74 94 1
75 94 1
76 94 1
77 94 1
78 94 1
79 94 1
80 94 1
81 94 1
82 94 1
83 94 1
84 94 1
85 94 1
86 94 1
87 94 1
88 94 1
89 94 1
90 94 1
91 94 1
92 94 1
93 94 1
94 94 1
95 94 1
96 94 1
1 95 1
2 95 1
3 95 1
4 95 1
5 95 1
6 95 1
7 95 1
8 95 1
9 95 1
10 95 1
11 95 1
12 95 1
13 95 1
14 95 1
15 95 1
16 95 1
17 95 1
18 95 1
19 95 1
20 95 1
21 95 1
22 95 1
23 95 1
24 95 1
25 95 1
26 95 1
27 95 1
28 95 1
29 95 1
30 95 1
31 95 1
32 95 1
33 95 1
34 95 1
35 95 1
36 95 1
37 95 1
38 95 1
39 95 1
40 95 1
41 95 1
42 95 1
43 95 1
44 95 1
45 95 1
46 95 1
47 95 1
48 95 1
49 95 1
50 95 1
51 95 1
52 95 1
53 95 1
54 95 1
55 95 1
56 95 1
57 95 1
58 95 1
59 95 1
60 95 1
61 95 1
62 95 1
63 95 1
64 95 1
65 95 1
66 95 1
67 95 1
68 95 1
69 95 1
70 95 1
71 95 1
72 95 1
73 95 1
74 95 1
75 95 1
76 95 1
77 95 1
78 95 1
79 95 1
80 95 1
81 95 1
82 95 1
83 95 1
84 95 1
85 95 1
86 95 1
87 95 1
88 95 1
89 95 1
90 95 1
91 95 1
92 95 1
93 95 1
94 95 1
95 95 1
96 95 1
1 96 1
2 96 1
3 96 1
4 96 1
5 96 1
6 96 1
7 96 1
8 96 1
9 96 1
10 96 1
11 96 1
12 96 1
13 96 1
14 96 1
15 96 1
16 96 1
17 96 1
18 96 1
19 96 1
20 96 1
21 96 1
22 96 1
23 96 1
24 96 1
25 96 1
26 96 1
27 96 1
28 96 1
29 96 1
30 96 1
31 96 1
32 96 1
33 96 1
34 96 1
35 96 1
36 96 1
37 96 1
38 96 1
39 96 1
40 96 1
41 96 1
42 96 1
43 96 1
44 96 1
45 96 1
46 96 1
47 96 1
48 96 1
49 96 1
50 96 1
51 96 1
52 96 1
53 96 1
54 96 1
55 96 1
56 96 1
57 96 1
58 96 1
59 96 1
60 96 1
61 96 1
62 96 1
63 96 1
64 96 1
65 96 1
66 96 1
67 96 1
68 96 1
69 96 1
70 96 1
71 96 1
72 96 1
73 96 1
74 96 1
75 96 1
76 96 1
77 96 1
78 96 1
79 96 1
80 96 1
81 96 1
82 96 1
83 96 1
84 96 1
85 96 1
86 96 1
87 96 1
88 96 1
89 96 1
90 96 1
91 96 1
92 96 1
93 96 1
94 96 1
95 96 1
96 96 1
5 5 2
6 5 2
7 5 2
8 5 2
40 5 2
41 5 2
42 5 2
43 5 2
5 6 2
8 6 2
40 6 2
43 6 2
55 6 2
56 6 2
57 6 2
58 6 2
5 7 2
8 7 2
40 7 2
43 7 2
55 7 2
58 7 2
78 7 2
79 7 2
80 7 2
81 7 2
5 8 2
6 8 2
7 8 2
8 8 2
9 8 2
10 8 2
11 8 2
40 8 2
41 8 2
42 8 2
43 8 2
55 8 2
58 8 2
78 8 2
81 8 2
8 9 2
11 9 2
55 9 2
56 9 2
57 9 2
58 9 2
78 9 2
81 9 2
8 10 2
11 10 2
78 10 2
79 10 2
80 10 2
81 10 2
85 10 2
86 10 2
87 10 2
88 10 2
8 11 2
9 11 2
10 11 2
11 11 2
60 11 2
61 11 2
62 11 2
63 11 2
85 11 2
88 11 2
40 12 2
41 12 2
42 12 2
43 12 2
60 12 2
63 12 2
85 12 2
88 12 2
40 13 2
43 13 2
60 13 2
63 13 2
85 13 2
86 13 2
87 13 2
88 13 2
40 14 2
43 14 2
60 14 2
61 14 2
62 14 2
63 14 2
40 15 2
41 15 2
42 15 2
43 15 2
40 20 2
41 20 2
42 20 2
43 20 2
40 21 2
43 21 2
7 22 2
8 22 2
9 22 2
10 22 2
40 22 2
43 22 2
7 23 2
10 23 2
40 23 2
41 23 2
42 23 2
43 23 2
79 23 2
80 23 2
81 23 2
82 23 2
7 24 2
10 24 2
79 24 2
82 24 2
7 25 2
8 25 2
9 25 2
10 25 2
79 25 2
82 25 2
11 26 2
12 26 2
13 26 2
14 26 2
79 26 2
80 26 2
81 26 2
82 26 2
11 27 2
14 27 2
11 28 2
14 28 2
11 29 2
12 29 2
13 29 2
14 29 2
86 31 2
87 31 2
88 31 2
89 31 2
86 32 2
89 32 2
86 33 2
89 33 2
40 34 2
41 34 2
42 34 2
43 34 2
86 34 2
87 34 2
88 34 2
89 34 2
40 35 2
43 35 2
40 36 2
43 36 2
40 37 2
41 37 2
42 37 2
43 37 2
5 42 2
6 42 2
7 42 2
8 42 2
32 42 2
33 42 2
34 42 2
35 42 2
76 42 2
77 42 2
78 42 2
79 42 2
89 42 2
90 42 2
91 42 2
92 42 2
5 43 2
8 43 2
32 43 2
35 43 2
76 43 2
79 43 2
89 43 2
92 43 2
5 44 2
8 44 2
32 44 2
35 44 2
76 44 2
79 44 2
89 44 2
92 44 2
5 45 2
6 45 2
7 45 2
8 45 2
32 45 2
33 45 2
34 45 2
35 45 2
76 45 2
77 45 2
78 45 2
79 45 2
89 45 2
90 45 2
91 45 2
92 45 2
54 50 2
55 50 2
56 50 2
57 50 2
54 51 2
57 51 2
7 52 2
8 52 2
9 52 2
10 52 2
54 52 2
57 52 2
7 53 2
10 53 2
54 53 2
55 53 2
56 53 2
57 53 2
79 53 2
80 53 2
81 53 2
82 53 2
7 54 2
10 54 2
79 54 2
82 54 2
7 55 2
8 55 2
9 55 2
10 55 2
79 55 2
82 55 2
79 56 2
80 56 2
81 56 2
82 56 2
86 60 2
87 60 2
88 60 2
89 60 2
86 61 2
89 61 2
11 62 2
12 62 2
13 62 2
14 62 2
86 62 2
89 62 2
11 63 2
14 63 2
86 63 2
87 63 2
88 63 2
89 63 2
11 64 2
14 64 2
55 64 2
56 64 2
57 64 2
58 64 2
11 65 2
12 65 2
13 65 2
14 65 2
55 65 2
58 65 2
55 66 2
58 66 2
55 67 2
56 67 2
57 67 2
58 67 2
40 72 2
41 72 2
42 72 2
43 72 2
40 73 2
43 73 2
40 74 2
43 74 2
8 75 2
9 75 2
10 75 2
11 75 2
40 75 2
41 75 2
42 75 2
43 75 2
79 75 2
80 75 2
81 75 2
82 75 2
8 76 2
11 76 2
58 76 2
59 76 2
60 76 2
61 76 2
79 76 2
82 76 2
8 77 2
11 77 2
58 77 2
61 77 2
79 77 2
82 77 2
8 78 2
9 78 2
10 78 2
11 78 2
58 78 2
61 78 2
79 78 2
80 78 2
81 78 2
82 78 2
58 79 2
59 79 2
60 79 2
61 79 2
86 82 2
87 82 2
88 82 2
89 82 2
86 83 2
89 83 2
86 84 2
89 84 2
64 85 2
65 85 2
66 85 2
67 85 2
86 85 2
87 85 2
88 85 2
89 85 2
13 86 2
14 86 2
15 86 2
16 86 2
64 86 2
67 86 2
13 87 2
16 87 2
64 87 2
67 87 2
13 88 2
16 88 2
64 88 2
65 88 2
66 88 2
67 88 2
13 89 2
14 89 2
15 89 2
16 89 2
40 89 2
41 89 2
42 89 2
43 89 2
40 90 2
43 90 2
40 91 2
43 91 2
40 92 2
41 92 2
42 92 2
43 92 2
5 5 3
6 5 3
7 5 3
8 5 3
40 5 3
41 5 3
42 5 3
43 5 3
5 6 3
8 6 3
40 6 3
43 6 3
55 6 3
56 6 3
57 6 3
58 6 3
5 7 3
8 7 3
40 7 3
43 7 3
55 7 3
58 7 3
78 7 3
79 7 3
80 7 3
81 7 3
5 8 3
6 8 3
7 8 3
8 8 3
9 8 3
10 8 3
11 8 3
40 8 3
41 8 3
42 8 3
43 8 3
55 8 3
58 8 3
78 8 3
81 8 3
8 9 3
11 9 3
55 9 3
56 9 3
57 9 3
58 9 3
78 9 3
81 9 3
8 10 3
11 10 3
78 10 3
79 10 3
80 10 3
81 10 3
85 10 3
86 10 3
87 10 3
88 10 3
8 11 3
9 11 3
10 11 3
11 11 3
60 11 3
61 11 3
62 11 3
63 11 3
85 11 3
88 11 3
40 12 3
41 12 3
42 12 3
43 12 3
60 12 3
63 12 3
85 12 3
88 12 3
40 13 3
43 13 3
60 13 3
63 13 3
85 13 3
86 13 3
87 13 3
88 13 3
40 14 3
43 14 3
60 14 3
61 14 3
62 14 3
63 14 3
40 15 3
41 15 3
42 15 3
43 15 3
40 20 3
41 20 3
42 20 3
43 20 3
40 21 3
43 21 3
7 22 3
8 22 3
9 22 3
10 22 3
40 22 3
43 22 3
7 23 3
10 23 3
40 23 3
41 23 3
42 23 3
43 23 3
79 23 3
80 23 3
81 23 3
82 23 3
7 24 3
10 24 3
79 24 3
82 24 3
7 25 3
8 25 3
9 25 3
10 25 3
79 25 3
82 25 3
11 26 3
12 26 3
13 26 3
14 26 3
79 26 3
80 26 3
81 26 3
82 26 3
11 27 3
14 27 3
11 28 3
14 28 3
11 29 3
12 29 3
13 29 3
14 29 3
86 31 3
87 31 3
88 31 3
89 31 3
86 32 3
89 32 3
86 33 3
89 33 3
40 34 3
41 34 3
42 34 3
43 34 3
86 34 3
87 34 3
88 34 3
89 34 3
40 35 3
43 35 3
40 36 3
43 36 3
40 37 3
41 37 3
42 37 3
43 37 3
5 42 3
6 42 3
7 42 3
8 42 3
32 42 3
33 42 3
34 42 3
35 42 3
76 42 3
77 42 3
78 42 3
79 42 3
89 42 3
90 42 3
91 42 3
92 42 3
5 43 3
8 43 3
32 43 3
35 43 3
76 43 3
79 43 3
89 43 3
92 43 3
5 44 3
8 44 3
32 44 3
35 44 3
76 44 3
79 44 3
89 44 3
92 44 3
5 45 3
6 45 3
7 45 3
8 45 3
32 45 3
33 45 3
34 45 3
35 45 3
76 45 3
77 45 3
78 45 3
79 45 3
89 45 3
90 45 3
91 45 3
92 45 3
54 50 3
55 50 3
56 50 3
57 50 3
54 51 3
57 51 3
7 52 3
8 52 3
9 52 3
10 52 3
54 52 3
57 52 3
7 53 3
10 53 3
54 53 3
55 53 3
56 53 3
57 53 3
79 53 3
80 53 3
81 53 3
82 53 3
7 54 3
10 54 3
79 54 3
82 54 3
7 55 3
8 55 3
9 55 3
10 55 3
79 55 3
82 55 3
79 56 3
80 56 3
81 56 3
82 56 3
86 60 3
87 60 3
88 60 3
89 60 3
86 61 3
89 61 3
11 62 3
12 62 3
13 62 3
14 62 3
86 62 3
89 62 3
11 63 3
14 63 3
86 63 3
87 63 3
88 63 3
89 63 3
11 64 3
14 64 3
55 64 3
56 64 3
57 64 3
58 64 3
11 65 3
12 65 3
13 65 3
14 65 3
55 65 3
58 65 3
55 66 3
58 66 3
55 67 3
56 67 3
57 67 3
58 67 3
40 72 3
41 72 3
42 72 3
43 72 3
40 73 3
43 73 3
40 74 3
43 74 3
8 75 3
9 75 3
10 75 3
11 75 3
40 75 3
41 75 3
42 75 3
43 75 3
79 75 3
80 75 3
81 75 3
82 75 3
8 76 3
11 76 3
58 76 3
59 76 3
60 76 3
61 76 3
79 76 3
82 76 3
8 77 3
11 77 3
58 77 3
61 77 3
79 77 3
82 77 3
8 78 3
9 78 3
10 78 3
11 78 3
58 78 3
61 78 3
79 78 3
80 78 3
81 78 3
82 78 3
58 79 3
59 79 3
60 79 3
61 79 3
86 82 3
87 82 3
88 82 3
89 82 3
86 83 3
89 83 3
86 84 3
89 84 3
64 85 3
65 85 3
66 85 3
67 85 3
86 85 3
87 85 3
88 85 3
89 85 3
13 86 3
14 86 3
15 86 3
16 86 3
64 86 3
67 86 3
13 87 3
16 87 3
64 87 3
67 87 3
13 88 3
16 88 3
64 88 3
65 88 3
66 88 3
67 88 3
13 89 3
14 89 3
15 89 3
16 89 3
40 89 3
41 89 3
42 89 3
43 89 3
40 90 3
43 90 3
40 91 3
43 91 3
40 92 3
41 92 3
42 92 3
43 92 3
5 5 4
6 5 4
7 5 4
8 5 4
40 5 4
41 5 4
42 5 4
43 5 4
5 6 4
8 6 4
40 6 4
43 6 4
55 6 4
56 6 4
57 6 4
58 6 4
5 7 4
8 7 4
40 7 4
43 7 4
55 7 4
58 7 4
78 7 4
79 7 4
80 7 4
81 7 4
5 8 4
6 8 4
7 8 4
8 8 4
9 8 4
10 8 4
11 8 4
40 8 4
41 8 4
42 8 4
43 8 4
55 8 4
58 8 4
78 8 4
81 8 4
8 9 4
11 9 4
55 9 4
56 9 4
57 9 4
58 9 4
78 9 4
81 9 4
8 10 4
11 10 4
78 10 4
79 10 4
80 10 4
81 10 4
85 10 4
86 10 4
87 10 4
88 10 4
8 11 4
9 11 4
10 11 4
11 11 4
60 11 4
61 11 4
62 11 4
63 11 4
85 11 4
88 11 4
40 12 4
41 12 4
42 12 4
43 12 4
60 12 4
63 12 4
85 12 4
88 12 4
40 13 4
43 13 4
60 13 4
63 13 4
85 13 4
86 13 4
87 13 4
88 13 4
40 14 4
43 14 4
60 14 4
61 14 4
62 14 4
63 14 4
40 15 4
41 15 4
42 15 4
43 15 4
40 20 4
41 20 4
42 20 4
43 20 4
40 21 4
43 21 4
7 22 4
8 22 4
9 22 4
10 22 4
40 22 4
43 22 4
7 23 4
10 23 4
40 23 4
41 23 4
42 23 4
43 23 4
79 23 4
80 23 4
81 23 4
82 23 4
7 24 4
10 24 4
79 24 4
82 24 4
7 25 4
8 25 4
9 25 4
10 25 4
79 25 4
82 25 4
11 26 4
12 26 4
13 26 4
14 26 4
79 26 4
80 26 4
81 26 4
82 26 4
11 27 4
14 27 4
11 28 4
14 28 4
11 29 4
12 29 4
13 29 4
14 29 4
86 31 4
87 31 4
88 31 4
89 31 4
86 32 4
89 32 4
86 33 4
89 33 4
40 34 4
41 34 4
42 34 4
43 34 4
86 34 4
87 34 4
88 34 4
89 34 4
40 35 4
43 35 4
40 36 4
43 36 4
40 37 4
41 37 4
42 37 4
43 37 4
5 42 4
6 42 4
7 42 4
8 42 4
32 42 4
33 42 4
34 42 4
35 42 4
76 42 4
77 42 4
78 42 4
79 42 4
89 42 4
90 42 4
91 42 4
92 42 4
5 43 4
8 43 4
32 43 4
35 43 4
76 43 4
79 43 4
89 43 4
92 43 4
5 44 4
8 44 4
32 44 4
35 44 4
76 44 4
79 44 4
89 44 4
92 44 4
5 45 4
6 45 4
7 45 4
8 45 4
32 45 4
33 45 4
34 45 4
35 45 4
76 45 4
77 45 4
78 45 4
79 45 4
89 45 4
90 45 4
91 45 4
92 45 4
54 50 4
55 50 4
56 50 4
57 50 4
54 51 4
57 51 4
7 52 4
8 52 4
9 52 4
10 52 4
54 52 4
57 52 4
7 53 4
10 53 4
54 53 4
55 53 4
56 53 4
57 53 4
79 53 4
80 53 4
81 53 4
82 53 4
7 54 4
10 54 4
79 54 4
82 54 4
7 55 4
8 55 4
9 55 4
10 55 4
79 55 4
82 55 4
79 56 4
80 56 4
81 56 4
82 56 4
86 60 4
87 60 4
88 60 4
89 60 4
86 61 4
89 61 4
11 62 4
12 62 4
13 62 4
14 62 4
86 62 4
89 62 4
11 63 4
14 63 4
86 63 4
87 63 4
88 63 4
89 63 4
11 64 4
14 64 4
55 64 4
56 64 4
57 64 4
58 64 4
11 65 4
12 65 4
13 65 4
14 65 4
55 65 4
58 65 4
55 66 4
58 66 4
55 67 4
56 67 4
57 67 4
58 67 4
40 72 4
41 72 4
42 72 4
43 72 4
40 73 4
43 73 4
40 74 4
43 74 4
8 75 4
9 75 4
10 75 4
11 75 4
40 75 4
41 75 4
42 75 4
43 75 4
79 75 4
80 75 4
81 75 4
82 75 4
8 76 4
11 76 4
58 76 4
59 76 4
60 76 4
61 76 4
79 76 4
82 76 4
8 77 4
11 77 4
58 77 4
61 77 4
79 77 4
82 77 4
8 78 4
9 78 4
10 78 4
11 78 4
58 78 4
61 78 4
79 78 4
80 78 4
81 78 4
82 78 4
58 79 4
59 79 4
60 79 4
61 79 4
86 82 4
87 82 4
88 82 4
89 82 4
86 83 4
89 83 4
86 84 4
89 84 4
64 85 4
65 85 4
66 85 4
67 85 4
86 85 4
87 85 4
88 85 4
89 85 4
13 86 4
14 86 4
15 86 4
16 86 4
64 86 4
67 86 4
13 87 4
16 87 4
64 87 4
67 87 4
13 88 4
16 88 4
64 88 4
65 88 4
66 88 4
67 88 4
13 89 4
14 89 4
15 89 4
16 89 4
40 89 4
41 89 4
42 89 4
43 89 4
40 90 4
43 90 4
40 91 4
43 91 4
40 92 4
41 92 4
42 92 4
43 92 4
5 5 5
6 5 5
7 5 5
8 5 5
40 5 5
41 5 5
42 5 5
43 5 5
5 6 5
8 6 5
40 6 5
43 6 5
55 6 5
56 6 5
57 6 5
58 6 5
5 7 5
8 7 5
40 7 5
43 7 5
55 7 5
58 7 5
78 7 5
79 7 5
80 7 5
81 7 5
5 8 5
6 8 5
7 8 5
8 8 5
9 8 5
10 8 5
11 8 5
40 8 5
41 8 5
42 8 5
43 8 5
55 8 5
58 8 5
78 8 5
81 8 5
8 9 5
11 9 5
55 9 5
56 9 5
57 9 5
58 9 5
78 9 5
81 9 5
8 10 5
11 10 5
78 10 5
79 10 5
80 10 5
81 10 5
85 10 5
86 10 5
87 10 5
88 10 5
8 11 5
9 11 5
10 11 5
11 11 5
60 11 5
61 11 5
62 11 5
63 11 5
85 11 5
88 11 5
40 12 5
41 12 5
42 12 5
43 12 5
60 12 5
63 12 5
85 12 5
88 12 5
40 13 5
43 13 5
60 13 5
63 13 5
85 13 5
86 13 5
87 13 5
88 13 5
40 14 5
43 14 5
60 14 5
61 14 5
62 14 5
63 14 5
40 15 5
41 15 5
42 15 5
43 15 5
40 20 5
41 20 5
42 20 5
43 20 5
40 21 5
43 21 5
7 22 5
8 22 5
9 22 5
10 22 5
40 22 5
43 22 5
7 23 5
10 23 5
40 23 5
41 23 5
42 23 5
43 23 5
79 23 5
80 23 5
81 23 5
82 23 5
7 24 5
10 24 5
79 24 5
82 24 5
7 25 5
8 25 5
9 25 5
10 25 5
79 25 5
82 25 5
11 26 5
12 26 5
13 26 5
14 26 5
79 26 5
80 26 5
81 26 5
82 26 5
11 27 5
14 27 5
11 28 5
14 28 5
11 29 5
12 29 5
13 29 5
14 29 5
86 31 5
87 31 5
88 31 5
89 31 5
86 32 5
89 32 5
86 33 5
89 33 5
40 34 5
41 34 5
42 34 5
43 34 5
86 34 5
87 34 5
88 34 5
89 34 5
40 35 5
43 35 5
40 36 5
43 36 5
40 37 5
41 37 5
42 37 5
43 37 5
5 42 5
6 42 5
7 42 5
8 42 5
32 42 5
33 42 5
34 42 5
35 42 5
76 42 5
77 42 5
78 42 5
79 42 5
89 42 5
90 42 5
91 42 5
92 42 5
5 43 5
8 43 5
32 43 5
35 43 5
76 43 5
79 43 5
89 43 5
92 43 5
5 44 5
8 44 5
32 44 5
35 44 5
76 44 5
79 44 5
89 44 5
92 44 5
5 45 5
6 45 5
7 45 5
8 45 5
32 45 5
33 45 5
34 45 5
35 45 5
76 45 5
77 45 5
78 45 5
79 45 5
89 45 5
90 45 5
91 45 5
92 45 5
54 50 5
55 50 5
56 50 5
57 50 5
54 51 5
57 51 5
7 52 5
8 52 5
9 52 5
10 52 5
54 52 5
57 52 5
7 53 5
10 53 5
54 53 5
55 53 5
56 53 5
57 53 5
79 53 5
80 53 5
81 53 5
82 53 5
7 54 5
10 54 5
79 54 5
82 54 5
7 55 5
8 55 5
9 55 5
10 55 5
79 55 5
82 55 5
79 56 5
80 56 5
81 56 5
82 56 5
86 60 5
87 60 5
88 60 5
89 60 5
86 61 5
89 61 5
11 62 5
12 62 5
13 62 5
14 62 5
86 62 5
89 62 5
11 63 5
14 63 5
86 63 5
87 63 5
88 63 5
89 63 5
11 64 5
14 64 5
55 64 5
56 64 5
57 64 5
58 64 5
11 65 5
12 65 5
13 65 5
14 65 5
55 65 5
58 65 5
55 66 5
58 66 5
55 67 5
56 67 5
57 67 5
58 67 5
40 72 5
41 72 5
42 72 5
43 72 5
40 73 5
43 73 5
40 74 5
43 74 5
8 75 5
9 75 5
10 75 5
11 75 5
40 75 5
41 75 5
42 75 5
43 75 5
79 75 5
80 75 5
81 75 5
82 75 5
8 76 5
11 76 5
58 76 5
59 76 5
60 76 5
61 76 5
79 76 5
82 76 5
8 77 5
11 77 5
58 77 5
61 77 5
79 77 5
82 77 5
8 78 5
9 78 5
10 78 5
11 78 5
58 78 5
61 78 5
79 78 5
80 78 5
81 78 5
82 78 5
58 79 5
59 79 5
60 79 5
61 79 5
86 82 5
87 82 5
88 82 5
89 82 5
86 83 5
89 83 5
86 84 5
89 84 5
64 85 5
65 85 5
66 85 5
67 85 5
86 85 5
87 85 5
88 85 5
89 85 5
13 86 5
14 86 5
15 86 5
16 86 5
64 86 5
67 86 5
13 87 5
16 87 5
64 87 5
67 87 5
13 88 5
16 88 5
64 88 5
65 88 5
66 88 5
67 88 5
13 89 5
14 89 5
15 89 5
16 89 5
40 89 5
41 89 5
42 89 5
43 89 5
40 90 5
43 90 5
40 91 5
43 91 5
40 92 5
41 92 5
42 92 5
43 92 5
5 5 6
6 5 6
7 5 6
8 5 6
40 5 6
41 5 6
42 5 6
43 5 6
5 6 6
8 6 6
40 6 6
43 6 6
55 6 6
56 6 6
57 6 6
58 6 6
5 7 6
8 7 6
40 7 6
43 7 6
55 7 6
58 7 6
78 7 6
79 7 6
80 7 6
81 7 6
5 8 6
6 8 6
7 8 6
8 8 6
9 8 6
10 8 6
11 8 6
40 8 6
41 8 6
42 8 6
43 8 6
55 8 6
58 8 6
78 8 6
81 8 6
8 9 6
11 9 6
55 9 6
56 9 6
57 9 6
58 9 6
78 9 6
81 9 6
8 10 6
11 10 6
78 10 6
79 10 6
80 10 6
81 10 6
85 10 6
86 10 6
87 10 6
88 10 6
8 11 6
9 11 6
10 11 6
11 11 6
60 11 6
61 11 6
62 11 6
63 11 6
85 11 6
88 11 6
40 12 6
41 12 6
42 12 6
43 12 6
60 12 6
63 12 6
85 12 6
88 12 6
40 13 6
43 13 6
60 13 6
63 13 6
85 13 6
86 13 6
87 13 6
88 13 6
40 14 6
43 14 6
60 14 6
61 14 6
62 14 6
63 14 6
40 15 6
41 15 6
42 15 6
43 15 6
40 20 6
41 20 6
42 20 6
43 20 6
40 21 6
43 21 6
7 22 6
8 22 6
9 22 6
10 22 6
40 22 6
43 22 6
7 23 6
10 23 6
40 23 6
41 23 6
42 23 6
43 23 6
79 23 6
80 23 6
81 23 6
82 23 6
7 24 6
10 24 6
79 24 6
82 24 6
7 25 6
8 25 6
9 25 6
10 25 6
79 25 6
82 25 6
11 26 6
12 26 6
13 26 6
14 26 6
79 26 6
80 26 6
81 26 6
82 26 6
11 27 6
14 27 6
11 28 6
14 28 6
11 29 6
12 29 6
13 29 6
14 29 6
86 31 6
87 31 6
88 31 6
89 31 6
86 32 6
89 32 6
86 33 6
89 33 6
40 34 6
41 34 6
42 34 6
43 34 6
86 34 6
87 34 6
88 34 6
89 34 6
40 35 6
43 35 6
40 36 6
43 36 6
40 37 6
41 37 6
42 37 6
43 37 6
5 42 6
6 42 6
7 42 6
8 42 6
32 42 6
33 42 6
34 42 6
35 42 6
76 42 6
77 42 6
78 42 6
79 42 6
89 42 6
90 42 6
91 42 6
92 42 6
5 43 6
8 43 6
32 43 6
35 43 6
76 43 6
79 43 6
89 43 6
92 43 6
5 44 6
8 44 6
32 44 6
35 44 6
76 44 6
79 44 6
89 44 6
92 44 6
5 45 6
6 45 6
7 45 6
8 45 6
32 45 6
33 45 6
34 45 6
35 45 6
76 45 6
77 45 6
78 45 6
79 45 6
89 45 6
90 45 6
91 45 6
92 45 6
54 50 6
55 50 6
56 50 6
57 50 6
54 51 6
57 51 6
7 52 6
8 52 6
9 52 6
10 52 6
54 52 6
57 52 6
7 53 6
10 53 6
54 53 6
55 53 6
56 53 6
57 53 6
79 53 6
80 53 6
81 53 6
82 53 6
7 54 6
10 54 6
79 54 6
82 54 6
7 55 6
8 55 6
9 55 6
10 55 6
79 55 6
82 55 6
79 56 6
80 56 6
81 56 6
82 56 6
86 60 6
87 60 6
88 60 6
89 60 6
86 61 6
89 61 6
11 62 6
12 62 6
13 62 6
14 62 6
86 62 6
89 62 6
11 63 6
14 63 6
86 63 6
87 63 6
88 63 6
89 63 6
11 64 6
14 64 6
55 64 6
56 64 6
57 64 6
58 64 6
11 65 6
12 65 6
13 65 6
14 65 6
55 65 6
58 65 6
55 66 6
58 66 6
55 67 6
56 67 6
57 67 6
58 67 6
40 72 6
41 72 6
42 72 6
43 72 6
40 73 6
43 73 6
40 74 6
43 74 6
8 75 6
9 75 6
10 75 6
11 75 6
40 75 6
41 75 6
42 75 6
43 75 6
79 75 6
80 75 6
81 75 6
82 75 6
8 76 6
11 76 6
58 76 6
59 76 6
60 76 6
61 76 6
79 76 6
82 76 6
8 77 6
11 77 6
58 77 6
61 77 6
79 77 6
82 77 6
8 78 6
9 78 6
10 78 6
11 78 6
58 78 6
61 78 6
79 78 6
80 78 6
81 78 6
82 78 6
58 79 6
59 79 6
60 79 6
61 79 6
86 82 6
87 82 6
88 82 6
89 82 6
86 83 6
89 83 6
86 84 6
89 84 6
64 85 6
65 85 6
66 85 6
67 85 6
86 85 6
87 85 6
88 85 6
89 85 6
13 86 6
14 86 6
15 86 6
16 86 6
64 86 6
67 86 6
13 87 6
16 87 6
64 87 6
67 87 6
13 88 6
16 88 6
64 88 6
65 88 6
66 88 6
67 88 6
13 89 6
14 89 6
15 89 6
16 89 6
40 89 6
41 89 6
42 89 6
43 89 6
40 90 6
43 90 6
40 91 6
43 91 6
40 92 6
41 92 6
42 92 6
43 92 6
5 5 7
6 5 7
7 5 7
8 5 7
40 5 7
41 5 7
42 5 7
43 5 7
5 6 7
8 6 7
40 6 7
43 6 7
55 6 7
56 6 7
57 6 7
58 6 7
5 7 7
8 7 7
40 7 7
43 7 7
55 7 7
58 7 7
78 7 7
79 7 7
80 7 7
81 7 7
5 8 7
6 8 7
7 8 7
8 8 7
9 8 7
10 8 7
11 8 7
40 8 7
41 8 7
42 8 7
43 8 7
55 8 7
58 8 7
78 8 7
81 8 7
8 9 7
11 9 7
55 9 7
56 9 7
57 9 7
58 9 7
78 9 7
81 9 7
8 10 7
11 10 7
78 10 7
79 10 7
80 10 7
81 10 7
85 10 7
86 10 7
87 10 7
88 10 7
8 11 7
9 11 7
10 11 7
11 11 7
60 11 7
61 11 7
62 11 7
63 11 7
85 11 7
88 11 7
40 12 7
41 12 7
42 12 7
43 12 7
60 12 7
63 12 7
85 12 7
88 12 7
40 13 7
43 13 7
60 13 7
63 13 7
85 13 7
86 13 7
87 13 7
88 13 7
40 14 7
43 14 7
60 14 7
61 14 7
62 14 7
63 14 7
40 15 7
41 15 7
42 15 7
43 15 7
40 20 7
41 20 7
42 20 7
43 20 7
40 21 7
43 21 7
7 22 7
8 22 7
9 22 7
10 22 7
40 22 7
43 22 7
7 23 7
10 23 7
40 23 7
41 23 7
42 23 7
43 23 7
79 23 7
80 23 7
81 23 7
82 23 7
7 24 7
10 24 7
79 24 7
82 24 7
7 25 7
8 25 7
9 25 7
10 25 7
79 25 7
82 25 7
11 26 7
12 26 7
13 26 7
14 26 7
79 26 7
80 26 7
81 26 7
82 26 7
11 27 7
14 27 7
11 28 7
14 28 7
11 29 7
12 29 7
13 29 7
14 29 7
86 31 7
87 31 7
88 31 7
89 31 7
86 32 7
89 32 7
86 33 7
89 33 7
40 34 7
41 34 7
42 34 7
43 34 7
86 34 7
87 34 7
88 34 7
89 34 7
40 35 7
43 35 7
40 36 7
43 36 7
40 37 7
41 37 7
42 37 7
43 37 7
5 42 7
6 42 7
7 42 7
8 42 7
32 42 7
33 42 7
34 42 7
35 42 7
76 42 7
77 42 7
78 42 7
79 42 7
89 42 7
90 42 7
91 42 7
92 42 7
5 43 7
8 43 7
32 43 7
35 43 7
76 43 7
79 43 7
89 43 7
92 43 7
5 44 7
8 44 7
32 44 7
35 44 7
76 44 7
79 44 7
89 44 7
92 44 7
5 45 7
6 45 7
7 45 7
8 45 7
32 45 7
33 45 7
34 45 7
35 45 7
76 45 7
77 45 7
78 45 7
79 45 7
89 45 7
90 45 7
91 45 7
92 45 7
54 50 7
55 50 7
56 50 7
57 50 7
54 51 7
57 51 7
7 52 7
8 52 7
9 52 7
10 52 7
54 52 7
57 52 7
7 53 7
10 53 7
54 53 7
55 53 7
56 53 7
57 53 7
79 53 7
80 53 7
81 53 7
82 53 7
7 54 7
10 54 7
79 54 7
82 54 7
7 55 7
8 55 7
9 55 7
10 55 7
79 55 7
82 55 7
79 56 7
80 56 7
81 56 7
82 56 7
86 60 7
87 60 7
88 60 7
89 60 7
86 61 7
89 61 7
11 62 7
12 62 7
13 62 7
14 62 7
86 62 7
89 62 7
11 63 7
14 63 7
86 63 7
87 63 7
88 63 7
89 63 7
11 64 7
14 64 7
55 64 7
56 64 7
57 64 7
58 64 7
11 65 7
12 65 7
13 65 7
14 65 7
55 65 7
58 65 7
55 66 7
58 66 7
55 67 7
56 67 7
57 67 7
58 67 7
40 72 7
41 72 7
42 72 7
43 72 7
40 73 7
43 73 7
40 74 7
43 74 7
8 75 7
9 75 7
10 75 7
11 75 7
40 75 7
41 75 7
42 75 7
43 75 7
79 75 7
80 75 7
81 75 7
82 75 7
8 76 7
11 76 7
58 76 7
59 76 7
60 76 7
61 76 7
79 76 7
82 76 7
8 77 7
11 77 7
58 77 7
61 77 7
79 77 7
82 77 7
8 78 7
9 78 7
10 78 7
11 78 7
58 78 7
61 78 7
79 78 7
80 78 7
81 78 7
82 78 7
58 79 7
59 79 7
60 79 7
61 79 7
86 82 7
87 82 7
88 82 7
89 82 7
86 83 7
89 83 7
86 84 7
89 84 7
64 85 7
65 85 7
66 85 7
67 85 7
86 85 7
87 85 7
88 85 7
89 85 7
13 86 7
14 86 7
15 86 7
16 86 7
64 86 7
67 86 7
13 87 7
16 87 7
64 87 7
67 87 7
13 88 7
16 88 7
64 88 7
65 88 7
66 88 7
67 88 7
13 89 7
14 89 7
15 89 7
16 89 7
40 89 7
41 89 7
42 89 7
43 89 7
40 90 7
43 90 7
40 91 7
43 91 7
40 92 7
41 92 7
42 92 7
43 92 7
5 5 8
6 5 8
7 5 8
8 5 8
40 5 8
41 5 8
42 5 8
43 5 8
5 6 8
8 6 8
40 6 8
43 6 8
55 6 8
56 6 8
57 6 8
58 6 8
5 7 8
8 7 8
40 7 8
43 7 8
55 7 8
58 7 8
78 7 8
79 7 8
80 7 8
81 7 8
5 8 8
6 8 8
7 8 8
8 8 8
9 8 8
10 8 8
11 8 8
40 8 8
41 8 8
42 8 8
43 8 8
55 8 8
58 8 8
78 8 8
81 8 8
8 9 8
11 9 8
55 9 8
56 9 8
57 9 8
58 9 8
78 9 8
81 9 8
8 10 8
11 10 8
78 10 8
79 10 8
80 10 8
81 10 8
85 10 8
86 10 8
87 10 8
88 10 8
8 11 8
9 11 8
10 11 8
11 11 8
60 11 8
61 11 8
62 11 8
63 11 8
85 11 8
88 11 8
40 12 8
41 12 8
42 12 8
43 12 8
60 12 8
63 12 8
85 12 8
88 12 8
40 13 8
43 13 8
60 13 8
63 13 8
85 13 8
86 13 8
87 13 8
88 13 8
40 14 8
43 14 8
60 14 8
61 14 8
62 14 8
63 14 8
40 15 8
41 15 8
42 15 8
43 15 8
40 20 8
41 20 8
42 20 8
43 20 8
40 21 8
43 21 8
7 22 8
8 22 8
9 22 8
10 22 8
40 22 8
43 22 8
7 23 8
10 23 8
40 23 8
41 23 8
42 23 8
43 23 8
79 23 8
80 23 8
81 23 8
82 23 8
7 24 8
10 24 8
79 24 8
82 24 8
7 25 8
8 25 8
9 25 8
10 25 8
79 25 8
82 25 8
11 26 8
12 26 8
13 26 8
14 26 8
79 26 8
80 26 8
81 26 8
82 26 8
11 27 8
14 27 8
11 28 8
14 28 8
11 29 8
12 29 8
13 29 8
14 29 8
86 31 8
87 31 8
88 31 8
89 31 8
86 32 8
89 32 8
86 33 8
89 33 8
40 34 8
41 34 8
42 34 8
43 34 8
86 34 8
87 34 8
88 34 8
89 34 8
40 35 8
43 35 8
40 36 8
43 36 8
40 37 8
41 37 8
42 37 8
43 37 8
5 42 8
6 42 8
7 42 8
8 42 8
32 42 8
33 42 8
34 42 8
35 42 8
76 42 8
77 42 8
78 42 8
79 42 8
89 42 8
90 42 8
91 42 8
92 42 8
5 43 8
8 43 8
32 43 8
35 43 8
76 43 8
79 43 8
89 43 8
92 43 8
5 44 8
8 44 8
32 44 8
35 44 8
76 44 8
79 44 8
89 44 8
92 44 8
5 45 8
6 45 8
7 45 8
8 45 8
32 45 8
33 45 8
34 45 8
35 45 8
76 45 8
77 45 8
78 45 8
79 45 8
89 45 8
90 45 8
91 45 8
92 45 8
54 50 8
55 50 8
56 50 8
57 50 8
54 51 8
57 51 8
7 52 8
8 52 8
9 52 8
10 52 8
54 52 8
57 52 8
7 53 8
10 53 8
54 53 8
55 53 8
56 53 8
57 53 8
79 53 8
80 53 8
81 53 8
82 53 8
7 54 8
10 54 8
79 54 8
82 54 8
7 55 8
8 55 8
9 55 8
10 55 8
79 55 8
82 55 8
79 56 8
80 56 8
81 56 8
82 56 8
86 60 8
87 60 8
88 60 8
89 60 8
86 61 8
89 61 8
11 62 8
12 62 8
13 62 8
14 62 8
86 62 8
89 62 8
11 63 8
14 63 8
86 63 8
87 63 8
88 63 8
89 63 8
11 64 8
14 64 8
55 64 8
56 64 8
57 64 8
58 64 8
11 65 8
12 65 8
13 65 8
14 65 8
55 65 8
58 65 8
55 66 8
58 66 8
55 67 8
56 67 8
57 67 8
58 67 8
40 72 8
41 72 8
42 72 8
43 72 8
40 73 8
43 73 8
40 74 8
43 74 8
8 75 8
9 75 8
10 75 8
11 75 8
40 75 8
41 75 8
42 75 8
43 75 8
79 75 8
80 75 8
81 75 8
82 75 8
8 76 8
11 76 8
58 76 8
59 76 8
60 76 8
61 76 8
79 76 8
82 76 8
8 77 8
11 77 8
58 77 8
61 77 8
79 77 8
82 77 8
8 78 8
9 78 8
10 78 8
11 78 8
58 78 8
61 78 8
79 78 8
80 78 8
81 78 8
82 78 8
58 79 8
59 79 8
60 79 8
61 79 8
86 82 8
87 82 8
88 82 8
89 82 8
86 83 8
89 83 8
86 84 8
89 84 8
64 85 8
65 85 8
66 85 8
67 85 8
86 85 8
87 85 8
88 85 8
89 85 8
13 86 8
14 86 8
15 86 8
16 86 8
64 86 8
67 86 8
13 87 8
16 87 8
64 87 8
67 87 8
13 88 8
16 88 8
64 88 8
65 88 8
66 88 8
67 88 8
13 89 8
14 89 8
15 89 8
16 89 8
40 89 8
41 89 8
42 89 8
43 89 8
40 90 8
43 90 8
40 91 8
43 91 8
40 92 8
41 92 8
42 92 8
43 92 8
5 5 9
6 5 9
7 5 9
8 5 9
40 5 9
41 5 9
42 5 9
43 5 9
5 6 9
6 6 9
7 6 9
8 6 9
40 6 9
43 6 9
55 6 9
56 6 9
57 6 9
58 6 9
5 7 9
6 7 9
7 7 9
8 7 9
40 7 9
43 7 9
55 7 9
56 7 9
57 7 9
58 7 9
78 7 9
79 7 9
80 7 9
81 7 9
5 8 9
6 8 9
7 8 9
8 8 9
9 8 9
10 8 9
11 8 9
40 8 9
41 8 9
42 8 9
43 8 9
55 8 9
56 8 9
57 8 9
58 8 9
78 8 9
79 8 9
80 8 9
81 8 9
8 9 9
9 9 9
10 9 9
11 9 9
55 9 9
56 9 9
57 9 9
58 9 9
78 9 9
79 9 9
80 9 9
81 9 9
8 10 9
9 10 9
10 10 9
11 10 9
78 10 9
79 10 9
80 10 9
81 10 9
85 10 9
86 10 9
87 10 9
88 10 9
8 11 9
9 11 9
10 11 9
11 11 9
60 11 9
61 11 9
62 11 9
63 11 9
85 11 9
86 11 9
87 11 9
88 11 9
40 12 9
41 12 9
42 12 9
43 12 9
60 12 9
61 12 9
62 12 9
63 12 9
85 12 9
86 12 9
87 12 9
88 12 9
40 13 9
43 13 9
60 13 9
61 13 9
62 13 9
63 13 9
85 13 9
86 13 9
87 13 9
88 13 9
40 14 9
43 14 9
60 14 9
61 14 9
62 14 9
63 14 9
40 15 9
41 15 9
42 15 9
43 15 9
40 20 9
41 20 9
42 20 9
43 20 9
40 21 9
41 21 9
42 21 9
43 21 9
7 22 9
8 22 9
9 22 9
10 22 9
40 22 9
41 22 9
42 22 9
43 22 9
7 23 9
8 23 9
9 23 9
10 23 9
40 23 9
41 23 9
42 23 9
43 23 9
79 23 9
80 23 9
81 23 9
82 23 9
7 24 9
8 24 9
9 24 9
10 24 9
79 24 9
80 24 9
81 24 9
82 24 9
7 25 9
8 25 9
9 25 9
10 25 9
79 25 9
80 25 9
81 25 9
82 25 9
11 26 9
12 26 9
13 26 9
14 26 9
79 26 9
80 26 9
81 26 9
82 26 9
11 27 9
12 27 9
13 27 9
14 27 9
11 28 9
12 28 9
13 28 9
14 28 9
11 29 9
12 29 9
13 29 9
14 29 9
86 31 9
87 31 9
88 31 9
89 31 9
86 32 9
87 32 9
88 32 9
89 32 9
86 33 9
87 33 9
88 33 9
89 33 9
40 34 9
41 34 9
42 34 9
43 34 9
86 34 9
87 34 9
88 34 9
89 34 9
40 35 9
41 35 9
42 35 9
43 35 9
40 36 9
41 36 9
42 36 9
43 36 9
40 37 9
41 37 9
42 37 9
43 37 9
5 42 9
6 42 9
7 42 9
8 42 9
32 42 9
33 42 9
34 42 9
35 42 9
76 42 9
77 42 9
78 42 9
79 42 9
89 42 9
90 42 9
91 42 9
92 42 9
5 43 9
6 43 9
7 43 9
8 43 9
32 43 9
33 43 9
34 43 9
35 43 9
76 43 9
77 43 9
78 43 9
79 43 9
89 43 9
90 43 9
91 43 9
92 43 9
5 44 9
6 44 9
7 44 9
8 44 9
32 44 9
33 44 9
34 44 9
35 44 9
76 44 9
77 44 9
78 44 9
79 44 9
89 44 9
90 44 9
91 44 9
92 44 9
5 45 9
6 45 9
7 45 9
8 45 9
32 45 9
33 45 9
34 45 9
35 45 9
76 45 9
77 45 9
78 45 9
79 45 9
89 45 9
90 45 9
91 45 9
92 45 9
54 50 9
55 50 9
56 50 9
57 50 9
54 51 9
55 51 9
56 51 9
57 51 9
7 52 9
8 52 9
9 52 9
10 52 9
54 52 9
55 52 9
56 52 9
57 52 9
7 53 9
8 53 9
9 53 9
10 53 9
54 53 9
55 53 9
56 53 9
57 53 9
79 53 9
80 53 9
81 53 9
82 53 9
7 54 9
8 54 9
9 54 9
10 54 9
79 54 9
80 54 9
81 54 9
82 54 9
7 55 9
8 55 9
9 55 9
10 55 9
79 55 9
80 55 9
81 55 9
82 55 9
79 56 9
80 56 9
81 56 9
82 56 9
86 60 9
87 60 9
88 60 9
89 60 9
86 61 9
87 61 9
88 61 9
89 61 9
11 62 9
12 62 9
13 62 9
14 62 9
86 62 9
87 62 9
88 62 9
89 62 9
11 63 9
12 63 9
13 63 9
14 63 9
86 63 9
87 63 9
88 63 9
89 63 9
11 64 9
12 64 9
13 64 9
14 64 9
55 64 9
56 64 9
57 64 9
58 64 9
11 65 9
12 65 9
13 65 9
14 65 9
55 65 9
56 65 9
57 65 9
58 65 9
55 66 9
56 66 9
57 66 9
58 66 9
55 67 9
56 67 9
57 67 9
58 67 9
40 72 9
41 72 9
42 72 9
43 72 9
40 73 9
41 73 9
42 73 9
43 73 9
40 74 9
41 74 9
42 74 9
43 74 9
8 75 9
9 75 9
10 75 9
11 75 9
40 75 9
41 75 9
42 75 9
43 75 9
79 75 9
80 75 9
81 75 9
82 75 9
8 76 9
9 76 9
10 76 9
11 76 9
58 76 9
59 76 9
60 76 9
61 76 9
79 76 9
80 76 9
81 76 9
82 76 9
8 77 9
9 77 9
10 77 9
11 77 9
58 77 9
59 77 9
60 77 9
61 77 9
79 77 9
80 77 9
81 77 9
82 77 9
8 78 9
9 78 9
10 78 9
11 78 9
58 78 9
59 78 9
60 78 9
61 78 9
79 78 9
80 78 9
81 78 9
82 78 9
58 79 9
59 79 9
60 79 9
61 79 9
86 82 9
87 82 9
88 82 9
89 82 9
86 83 9
87 83 9
88 83 9
89 83 9
86 84 9
87 84 9
88 84 9
89 84 9
64 85 9
65 85 9
66 85 9
67 85 9
86 85 9
87 85 9
88 85 9
89 85 9
13 86 9
14 86 9
15 86 9
16 86 9
64 86 9
65 86 9
66 86 9
67 86 9
13 87 9
14 87 9
15 87 9
16 87 9
64 87 9
65 87 9
66 87 9
67 87 9
13 88 9
14 88 9
15 88 9
16 88 9
64 88 9
65 88 9
66 88 9
67 88 9
13 89 9
14 89 9
15 89 9
16 89 9
40 89 9
41 89 9
42 89 9
43 89 9
40 90 9
41 90 9
42 90 9
43 90 9
40 91 9
41 91 9
42 91 9
43 91 9
40 92 9
41 92 9
42 92 9
43 92 9
40 5 10
41 5 10
42 5 10
43 5 10
40 6 10
41 6 10
42 6 10
43 6 10
40 7 10
41 7 10
42 7 10
43 7 10
40 8 10
41 8 10
42 8 10
43 8 10
40 12 10
41 12 10
42 12 10
43 12 10
40 13 10
41 13 10
42 13 10
43 13 10
40 14 10
41 14 10
42 14 10
43 14 10
40 15 10
41 15 10
42 15 10
43 15 10
