# position (i,j,k)
1 1 2
2 1 2
3 1 2
4 1 2
5 1 2
6 1 2
7 1 2
8 1 2
9 1 2
10 1 2
11 1 2
12 1 2
13 1 2
14 1 2
15 1 2
16 1 2
17 1 2
18 1 2
19 1 2
20 1 2
21 1 2
22 1 2
23 1 2
24 1 2
25 1 2
26 1 2
27 1 2
28 1 2
29 1 2
30 1 2
31 1 2
32 1 2
33 1 2
34 1 2
35 1 2
36 1 2
37 1 2
38 1 2
39 1 2
40 1 2
41 1 2
42 1 2
43 1 2
44 1 2
45 1 2
46 1 2
47 1 2
48 1 2
49 1 2
50 1 2
51 1 2
52 1 2
53 1 2
54 1 2
55 1 2
56 1 2
57 1 2
58 1 2
59 1 2
60 1 2
61 1 2
62 1 2
63 1 2
64 1 2
65 1 2
66 1 2
67 1 2
68 1 2
69 1 2
70 1 2
71 1 2
72 1 2
73 1 2
74 1 2
75 1 2
76 1 2
77 1 2
78 1 2
79 1 2
80 1 2
81 1 2
82 1 2
83 1 2
84 1 2
85 1 2
86 1 2
87 1 2
88 1 2
89 1 2
90 1 2
91 1 2
92 1 2
93 1 2
94 1 2
95 1 2
96 1 2
1 2 2
2 2 2
3 2 2
4 2 2
5 2 2
6 2 2
7 2 2
8 2 2
9 2 2
10 2 2
11 2 2
12 2 2
13 2 2
14 2 2
15 2 2
16 2 2
17 2 2
18 2 2
19 2 2
20 2 2
21 2 2
22 2 2
23 2 2
24 2 2
25 2 2
26 2 2
27 2 2
28 2 2
29 2 2
30 2 2
31 2 2
32 2 2
33 2 2
34 2 2
35 2 2
36 2 2
37 2 2
38 2 2
39 2 2
40 2 2
41 2 2
42 2 2
43 2 2
44 2 2
45 2 2
46 2 2
47 2 2
48 2 2
49 2 2
50 2 2
51 2 2
52 2 2
53 2 2
54 2 2
55 2 2
56 2 2
57 2 2
58 2 2
59 2 2
60 2 2
61 2 2
62 2 2
63 2 2
64 2 2
65 2 2
66 2 2
67 2 2
68 2 2
69 2 2
70 2 2
71 2 2
72 2 2
73 2 2
74 2 2
75 2 2
76 2 2
77 2 2
78 2 2
79 2 2
80 2 2
81 2 2
82 2 2
83 2 2
84 2 2
85 2 2
86 2 2
87 2 2
88 2 2
89 2 2
90 2 2
91 2 2
92 2 2
93 2 2
94 2 2
95 2 2
96 2 2
1 3 2
2 3 2
3 3 2
4 3 2
5 3 2
6 3 2
7 3 2
8 3 2
9 3 2
10 3 2
11 3 2
12 3 2
13 3 2
14 3 2
15 3 2
16 3 2
17 3 2
18 3 2
19 3 2
20 3 2
21 3 2
22 3 2
23 3 2
24 3 2
25 3 2
26 3 2
27 3 2
28 3 2
29 3 2
30 3 2
31 3 2
32 3 2
33 3 2
34 3 2
35 3 2
36 3 2
37 3 2
38 3 2
39 3 2
40 3 2
41 3 2
42 3 2
43 3 2
44 3 2
45 3 2
46 3 2
47 3 2
48 3 2
49 3 2
50 3 2
51 3 2
52 3 2
53 3 2
54 3 2
55 3 2
56 3 2
57 3 2
58 3 2
59 3 2
60 3 2
61 3 2
62 3 2
63 3 2
64 3 2
65 3 2
66 3 2
67 3 2
68 3 2
69 3 2
70 3 2
71 3 2
72 3 2
73 3 2
74 3 2
75 3 2
76 3 2
77 3 2
78 3 2
79 3 2
80 3 2
81 3 2
82 3 2
83 3 2
84 3 2
85 3 2
86 3 2
87 3 2
88 3 2
89 3 2
90 3 2
91 3 2
92 3 2
93 3 2
94 3 2
95 3 2
96 3 2
1 4 2
2 4 2
3 4 2
4 4 2
5 4 2
6 4 2
7 4 2
8 4 2
9 4 2
10 4 2
11 4 2
12 4 2
13 4 2
14 4 2
15 4 2
16 4 2
17 4 2
18 4 2
19 4 2
20 4 2
21 4 2
22 4 2
23 4 2
24 4 2
25 4 2
26 4 2
27 4 2
28 4 2
29 4 2
30 4 2
31 4 2
32 4 2
33 4 2
34 4 2
35 4 2
36 4 2
37 4 2
38 4 2
39 4 2
40 4 2
41 4 2
42 4 2
43 4 2
44 4 2
45 4 2
46 4 2
47 4 2
48 4 2
49 4 2
50 4 2
51 4 2
52 4 2
53 4 2
54 4 2
55 4 2
56 4 2
57 4 2
58 4 2
59 4 2
60 4 2
61 4 2
62 4 2
63 4 2
64 4 2
65 4 2
66 4 2
67 4 2
68 4 2
69 4 2
70 4 2
71 4 2
72 4 2
73 4 2
74 4 2
75 4 2
76 4 2
77 4 2
78 4 2
79 4 2
80 4 2
81 4 2
82 4 2
83 4 2
84 4 2
85 4 2
86 4 2
87 4 2
88 4 2
89 4 2
90 4 2
91 4 2
92 4 2
93 4 2
94 4 2
95 4 2
96 4 2
1 5 2
2 5 2
3 5 2
4 5 2
5 5 2
6 5 2
7 5 2
8 5 2
9 5 2
10 5 2
11 5 2
12 5 2
13 5 2
14 5 2
15 5 2
16 5 2
17 5 2
18 5 2
19 5 2
20 5 2
21 5 2
22 5 2
23 5 2
24 5 2
25 5 2
26 5 2
27 5 2
28 5 2
29 5 2
30 5 2
31 5 2
32 5 2
33 5 2
34 5 2
35 5 2
36 5 2
37 5 2
38 5 2
39 5 2
40 5 2
41 5 2
42 5 2
43 5 2
44 5 2
45 5 2
46 5 2
47 5 2
48 5 2
49 5 2
50 5 2
51 5 2
52 5 2
53 5 2
54 5 2
55 5 2
56 5 2
57 5 2
58 5 2
59 5 2
60 5 2
61 5 2
62 5 2
63 5 2
64 5 2
65 5 2
66 5 2
67 5 2
68 5 2
69 5 2
70 5 2
71 5 2
72 5 2
73 5 2
74 5 2
75 5 2
76 5 2
77 5 2
78 5 2
79 5 2
80 5 2
81 5 2
82 5 2
83 5 2
84 5 2
85 5 2
86 5 2
87 5 2
88 5 2
89 5 2
90 5 2
91 5 2
92 5 2
93 5 2
94 5 2
95 5 2
96 5 2
1 6 2
2 6 2
3 6 2
4 6 2
5 6 2
8 6 2
9 6 2
10 6 2
11 6 2
12 6 2
13 6 2
14 6 2
15 6 2
16 6 2
17 6 2
18 6 2
19 6 2
20 6 2
21 6 2
22 6 2
23 6 2
24 6 2
25 6 2
26 6 2
27 6 2
28 6 2
29 6 2
30 6 2
31 6 2
32 6 2
33 6 2
34 6 2
35 6 2
36 6 2
37 6 2
38 6 2
39 6 2
40 6 2
43 6 2
44 6 2
45 6 2
46 6 2
47 6 2
48 6 2
49 6 2
50 6 2
51 6 2
52 6 2
53 6 2
54 6 2
55 6 2
56 6 2
57 6 2
58 6 2
59 6 2
60 6 2
61 6 2
62 6 2
63 6 2
64 6 2
65 6 2
66 6 2
67 6 2
68 6 2
69 6 2
70 6 2
71 6 2
72 6 2
73 6 2
74 6 2
75 6 2
76 6 2
77 6 2
78 6 2
79 6 2
80 6 2
81 6 2
82 6 2
83 6 2
84 6 2
85 6 2
86 6 2
87 6 2
88 6 2
89 6 2
90 6 2
91 6 2
92 6 2
93 6 2
94 6 2
95 6 2
96 6 2
1 7 2
2 7 2
3 7 2
4 7 2
5 7 2
8 7 2
9 7 2
10 7 2
11 7 2
12 7 2
13 7 2
14 7 2
15 7 2
16 7 2
17 7 2
18 7 2
19 7 2
20 7 2
21 7 2
22 7 2
23 7 2
24 7 2
25 7 2
26 7 2
27 7 2
28 7 2
29 7 2
30 7 2
31 7 2
32 7 2
33 7 2
34 7 2
35 7 2
36 7 2
37 7 2
38 7 2
39 7 2
40 7 2
43 7 2
44 7 2
45 7 2
46 7 2
47 7 2
48 7 2
49 7 2
50 7 2
51 7 2
52 7 2
53 7 2
54 7 2
55 7 2
58 7 2
59 7 2
60 7 2
61 7 2
62 7 2
63 7 2
64 7 2
65 7 2
66 7 2
67 7 2
68 7 2
69 7 2
70 7 2
71 7 2
72 7 2
73 7 2
74 7 2
75 7 2
76 7 2
77 7 2
78 7 2
79 7 2
80 7 2
81 7 2
82 7 2
83 7 2
84 7 2
85 7 2
86 7 2
87 7 2
88 7 2
89 7 2
90 7 2
91 7 2
92 7 2
93 7 2
94 7 2
95 7 2
96 7 2
1 8 2
2 8 2
3 8 2
4 8 2
5 8 2
6 8 2
7 8 2
8 8 2
9 8 2
10 8 2
11 8 2
12 8 2
13 8 2
14 8 2
15 8 2
16 8 2
17 8 2
18 8 2
19 8 2
20 8 2
21 8 2
22 8 2
23 8 2
24 8 2
25 8 2
26 8 2
27 8 2
28 8 2
29 8 2
30 8 2
31 8 2
32 8 2
33 8 2
34 8 2
35 8 2
36 8 2
37 8 2
38 8 2
39 8 2
40 8 2
41 8 2
42 8 2
43 8 2
44 8 2
45 8 2
46 8 2
47 8 2
48 8 2
49 8 2
50 8 2
51 8 2
52 8 2
53 8 2
54 8 2
55 8 2
58 8 2
59 8 2
60 8 2
61 8 2
62 8 2
63 8 2
64 8 2
65 8 2
66 8 2
67 8 2
68 8 2
69 8 2
70 8 2
71 8 2
72 8 2
73 8 2
74 8 2
75 8 2
76 8 2
77 8 2
78 8 2
81 8 2
82 8 2
83 8 2
84 8 2
85 8 2
86 8 2
87 8 2
88 8 2
89 8 2
90 8 2
91 8 2
92 8 2
93 8 2
94 8 2
95 8 2
96 8 2
1 9 2
2 9 2
3 9 2
4 9 2
5 9 2
6 9 2
7 9 2
8 9 2
11 9 2
12 9 2
13 9 2
14 9 2
15 9 2
16 9 2
17 9 2
18 9 2
19 9 2
20 9 2
21 9 2
22 9 2
23 9 2
24 9 2
25 9 2
26 9 2
27 9 2
28 9 2
29 9 2
30 9 2
31 9 2
32 9 2
33 9 2
34 9 2
35 9 2
36 9 2
37 9 2
38 9 2
39 9 2
40 9 2
41 9 2
42 9 2
43 9 2
44 9 2
45 9 2
46 9 2
47 9 2
48 9 2
49 9 2
50 9 2
51 9 2
52 9 2
53 9 2
54 9 2
55 9 2
56 9 2
57 9 2
58 9 2
59 9 2
60 9 2
61 9 2
62 9 2
63 9 2
64 9 2
65 9 2
66 9 2
67 9 2
68 9 2
69 9 2
70 9 2
71 9 2
72 9 2
73 9 2
74 9 2
75 9 2
76 9 2
77 9 2
78 9 2
81 9 2
82 9 2
83 9 2
84 9 2
85 9 2
86 9 2
87 9 2
88 9 2
89 9 2
90 9 2
91 9 2
92 9 2
93 9 2
94 9 2
95 9 2
96 9 2
1 10 2
2 10 2
3 10 2
4 10 2
5 10 2
6 10 2
7 10 2
8 10 2
11 10 2
12 10 2
13 10 2
14 10 2
15 10 2
16 10 2
17 10 2
18 10 2
19 10 2
20 10 2
21 10 2
22 10 2
23 10 2
24 10 2
25 10 2
26 10 2
27 10 2
28 10 2
29 10 2
30 10 2
31 10 2
32 10 2
33 10 2
34 10 2
35 10 2
36 10 2
37 10 2
38 10 2
39 10 2
40 10 2
41 10 2
42 10 2
43 10 2
44 10 2
45 10 2
46 10 2
47 10 2
48 10 2
49 10 2
50 10 2
51 10 2
52 10 2
53 10 2
54 10 2
55 10 2
56 10 2
57 10 2
58 10 2
59 10 2
60 10 2
61 10 2
62 10 2
63 10 2
64 10 2
65 10 2
66 10 2
67 10 2
68 10 2
69 10 2
70 10 2
71 10 2
72 10 2
73 10 2
74 10 2
75 10 2
76 10 2
77 10 2
78 10 2
79 10 2
80 10 2
81 10 2
82 10 2
83 10 2
84 10 2
85 10 2
86 10 2
87 10 2
88 10 2
89 10 2
90 10 2
91 10 2
92 10 2
93 10 2
94 10 2
95 10 2
96 10 2
1 11 2
2 11 2
3 11 2
4 11 2
5 11 2
6 11 2
7 11 2
8 11 2
9 11 2
10 11 2
11 11 2
12 11 2
13 11 2
14 11 2
15 11 2
16 11 2
17 11 2
18 11 2
19 11 2
20 11 2
21 11 2
22 11 2
23 11 2
24 11 2
25 11 2
26 11 2
27 11 2
28 11 2
29 11 2
30 11 2
31 11 2
32 11 2
33 11 2
34 11 2
35 11 2
36 11 2
37 11 2
38 11 2
39 11 2
40 11 2
41 11 2
42 11 2
43 11 2
44 11 2
45 11 2
46 11 2
47 11 2
48 11 2
49 11 2
50 11 2
51 11 2
52 11 2
53 11 2
54 11 2
55 11 2
56 11 2
57 11 2
58 11 2
59 11 2
60 11 2
61 11 2
62 11 2
63 11 2
64 11 2
65 11 2
66 11 2
67 11 2
68 11 2
69 11 2
70 11 2
71 11 2
72 11 2
73 11 2
74 11 2
75 11 2
76 11 2
77 11 2
78 11 2
79 11 2
80 11 2
81 11 2
82 11 2
83 11 2
84 11 2
85 11 2
88 11 2
89 11 2
90 11 2
91 11 2
92 11 2
93 11 2
94 11 2
95 11 2
96 11 2
1 12 2
2 12 2
3 12 2
4 12 2
5 12 2
6 12 2
7 12 2
8 12 2
9 12 2
10 12 2
11 12 2
12 12 2
13 12 2
14 12 2
15 12 2
16 12 2
17 12 2
18 12 2
19 12 2
20 12 2
21 12 2
22 12 2
23 12 2
24 12 2
25 12 2
26 12 2
27 12 2
28 12 2
29 12 2
30 12 2
31 12 2
32 12 2
33 12 2
34 12 2
35 12 2
36 12 2
37 12 2
38 12 2
39 12 2
40 12 2
41 12 2
42 12 2
43 12 2
44 12 2
45 12 2
46 12 2
47 12 2
48 12 2
49 12 2
50 12 2
51 12 2
52 12 2
53 12 2
54 12 2
55 12 2
56 12 2
57 12 2
58 12 2
59 12 2
60 12 2
63 12 2
64 12 2
65 12 2
66 12 2
67 12 2
68 12 2
69 12 2
70 12 2
71 12 2
72 12 2
73 12 2
74 12 2
75 12 2
76 12 2
77 12 2
78 12 2
79 12 2
80 12 2
81 12 2
82 12 2
83 12 2
84 12 2
85 12 2
88 12 2
89 12 2
90 12 2
91 12 2
92 12 2
93 12 2
94 12 2
95 12 2
96 12 2
1 13 2
2 13 2
3 13 2
4 13 2
5 13 2
6 13 2
7 13 2
8 13 2
9 13 2
10 13 2
11 13 2
12 13 2
13 13 2
14 13 2
15 13 2
16 13 2
17 13 2
18 13 2
19 13 2
20 13 2
21 13 2
22 13 2
23 13 2
24 13 2
25 13 2
26 13 2
27 13 2
28 13 2
29 13 2
30 13 2
31 13 2
32 13 2
33 13 2
34 13 2
35 13 2
36 13 2
37 13 2
38 13 2
39 13 2
40 13 2
43 13 2
44 13 2
45 13 2
46 13 2
47 13 2
48 13 2
49 13 2
50 13 2
51 13 2
52 13 2
53 13 2
54 13 2
55 13 2
56 13 2
57 13 2
58 13 2
59 13 2
60 13 2
63 13 2
64 13 2
65 13 2
66 13 2
67 13 2
68 13 2
69 13 2
70 13 2
71 13 2
72 13 2
73 13 2
74 13 2
75 13 2
76 13 2
77 13 2
78 13 2
79 13 2
80 13 2
81 13 2
82 13 2
83 13 2
84 13 2
85 13 2
86 13 2
87 13 2
88 13 2
89 13 2
90 13 2
91 13 2
92 13 2
93 13 2
94 13 2
95 13 2
96 13 2
1 14 2
2 14 2
3 14 2
4 14 2
5 14 2
6 14 2
7 14 2
8 14 2
9 14 2
10 14 2
11 14 2
12 14 2
13 14 2
14 14 2
15 14 2
16 14 2
17 14 2
18 14 2
19 14 2
20 14 2
21 14 2
22 14 2
23 14 2
24 14 2
25 14 2
26 14 2
27 14 2
28 14 2
29 14 2
30 14 2
31 14 2
32 14 2
33 14 2
34 14 2
35 14 2
36 14 2
37 14 2
38 14 2
39 14 2
40 14 2
43 14 2
44 14 2
45 14 2
46 14 2
47 14 2
48 14 2
49 14 2
50 14 2
51 14 2
52 14 2
53 14 2
54 14 2
55 14 2
56 14 2
57 14 2
58 14 2
59 14 2
60 14 2
61 14 2
62 14 2
63 14 2
64 14 2
65 14 2
66 14 2
67 14 2
68 14 2
69 14 2
70 14 2
71 14 2
72 14 2
73 14 2
74 14 2
75 14 2
76 14 2
77 14 2
78 14 2
79 14 2
80 14 2
81 14 2
82 14 2
83 14 2
84 14 2
85 14 2
86 14 2
87 14 2
88 14 2
89 14 2
90 14 2
91 14 2
92 14 2
93 14 2
94 14 2
95 14 2
96 14 2
1 15 2
2 15 2
3 15 2
4 15 2
5 15 2
6 15 2
7 15 2
8 15 2
9 15 2
10 15 2
11 15 2
12 15 2
13 15 2
14 15 2
15 15 2
16 15 2
17 15 2
18 15 2
19 15 2
20 15 2
21 15 2
22 15 2
23 15 2
24 15 2
25 15 2
26 15 2
27 15 2
28 15 2
29 15 2
30 15 2
31 15 2
32 15 2
33 15 2
34 15 2
35 15 2
36 15 2
37 15 2
38 15 2
39 15 2
40 15 2
41 15 2
42 15 2
43 15 2
44 15 2
45 15 2
46 15 2
47 15 2
48 15 2
49 15 2
50 15 2
51 15 2
52 15 2
53 15 2
54 15 2
55 15 2
56 15 2
57 15 2
58 15 2
59 15 2
60 15 2
61 15 2
62 15 2
63 15 2
64 15 2
65 15 2
66 15 2
67 15 2
68 15 2
69 15 2
70 15 2
71 15 2
72 15 2
73 15 2
74 15 2
75 15 2
76 15 2
77 15 2
78 15 2
79 15 2
80 15 2
81 15 2
82 15 2
83 15 2
84 15 2
85 15 2
86 15 2
87 15 2
88 15 2
89 15 2
90 15 2
91 15 2
92 15 2
93 15 2
94 15 2
95 15 2
96 15 2
1 16 2
2 16 2
3 16 2
4 16 2
5 16 2
6 16 2
7 16 2
8 16 2
9 16 2
10 16 2
11 16 2
12 16 2
13 16 2
14 16 2
15 16 2
16 16 2
17 16 2
18 16 2
19 16 2
20 16 2
21 16 2
22 16 2
23 16 2
24 16 2
25 16 2
26 16 2
27 16 2
28 16 2
29 16 2
30 16 2
31 16 2
32 16 2
33 16 2
34 16 2
35 16 2
36 16 2
37 16 2
38 16 2
39 16 2
40 16 2
41 16 2
42 16 2
43 16 2
44 16 2
45 16 2
46 16 2
47 16 2
48 16 2
49 16 2
50 16 2
51 16 2
52 16 2
53 16 2
54 16 2
55 16 2
56 16 2
57 16 2
58 16 2
59 16 2
60 16 2
61 16 2
62 16 2
63 16 2
64 16 2
65 16 2
66 16 2
67 16 2
68 16 2
69 16 2
70 16 2
71 16 2
72 16 2
73 16 2
74 16 2
75 16 2
76 16 2
77 16 2
78 16 2
79 16 2
80 16 2
81 16 2
82 16 2
83 16 2
84 16 2
85 16 2
86 16 2
87 16 2
88 16 2
89 16 2
90 16 2
91 16 2
92 16 2
93 16 2
94 16 2
95 16 2
96 16 2
1 17 2
2 17 2
3 17 2
4 17 2
5 17 2
6 17 2
7 17 2
8 17 2
9 17 2
10 17 2
11 17 2
12 17 2
13 17 2
14 17 2
15 17 2
16 17 2
17 17 2
18 17 2
19 17 2
20 17 2
21 17 2
22 17 2
23 17 2
24 17 2
25 17 2
26 17 2
27 17 2
28 17 2
29 17 2
30 17 2
31 17 2
32 17 2
33 17 2
34 17 2
35 17 2
36 17 2
37 17 2
38 17 2
39 17 2
40 17 2
41 17 2
42 17 2
43 17 2
44 17 2
45 17 2
46 17 2
47 17 2
48 17 2
49 17 2
50 17 2
51 17 2
52 17 2
53 17 2
54 17 2
55 17 2
56 17 2
57 17 2
58 17 2
59 17 2
60 17 2
61 17 2
62 17 2
63 17 2
64 17 2
65 17 2
66 17 2
67 17 2
68 17 2
69 17 2
70 17 2
71 17 2
72 17 2
73 17 2
74 17 2
75 17 2
76 17 2
77 17 2
78 17 2
79 17 2
80 17 2
81 17 2
82 17 2
83 17 2
84 17 2
85 17 2
86 17 2
87 17 2
88 17 2
89 17 2
90 17 2
91 17 2
92 17 2
93 17 2
94 17 2
95 17 2
96 17 2
1 18 2
2 18 2
3 18 2
4 18 2
5 18 2
6 18 2
7 18 2
8 18 2
9 18 2
10 18 2
11 18 2
12 18 2
13 18 2
14 18 2
15 18 2
16 18 2
17 18 2
18 18 2
19 18 2
20 18 2
21 18 2
22 18 2
23 18 2
24 18 2
25 18 2
26 18 2
27 18 2
28 18 2
29 18 2
30 18 2
31 18 2
32 18 2
33 18 2
34 18 2
35 18 2
36 18 2
37 18 2
38 18 2
39 18 2
40 18 2
41 18 2
42 18 2
43 18 2
44 18 2
45 18 2
46 18 2
47 18 2
48 18 2
49 18 2
50 18 2
51 18 2
52 18 2
53 18 2
54 18 2
55 18 2
56 18 2
57 18 2
58 18 2
59 18 2
60 18 2
61 18 2
62 18 2
63 18 2
64 18 2
65 18 2
66 18 2
67 18 2
68 18 2
69 18 2
70 18 2
71 18 2
72 18 2
73 18 2
74 18 2
75 18 2
76 18 2
77 18 2
78 18 2
79 18 2
80 18 2
81 18 2
82 18 2
83 18 2
84 18 2
85 18 2
86 18 2
87 18 2
88 18 2
89 18 2
90 18 2
91 18 2
92 18 2
93 18 2
94 18 2
95 18 2
96 18 2
1 19 2
2 19 2
3 19 2
4 19 2
5 19 2
6 19 2
7 19 2
8 19 2
9 19 2
10 19 2
11 19 2
12 19 2
13 19 2
14 19 2
15 19 2
16 19 2
17 19 2
18 19 2
19 19 2
20 19 2
21 19 2
22 19 2
23 19 2
24 19 2
25 19 2
26 19 2
27 19 2
28 19 2
29 19 2
30 19 2
31 19 2
32 19 2
33 19 2
34 19 2
35 19 2
36 19 2
37 19 2
38 19 2
39 19 2
40 19 2
41 19 2
42 19 2
43 19 2
44 19 2
45 19 2
46 19 2
47 19 2
48 19 2
49 19 2
50 19 2
51 19 2
52 19 2
53 19 2
54 19 2
55 19 2
56 19 2
57 19 2
58 19 2
59 19 2
60 19 2
61 19 2
62 19 2
63 19 2
64 19 2
65 19 2
66 19 2
67 19 2
68 19 2
69 19 2
70 19 2
71 19 2
72 19 2
73 19 2
74 19 2
75 19 2
76 19 2
77 19 2
78 19 2
79 19 2
80 19 2
81 19 2
82 19 2
83 19 2
84 19 2
85 19 2
86 19 2
87 19 2
88 19 2
89 19 2
90 19 2
91 19 2
92 19 2
93 19 2
94 19 2
95 19 2
96 19 2
1 20 2
2 20 2
3 20 2
4 20 2
5 20 2
6 20 2
7 20 2
8 20 2
9 20 2
10 20 2
11 20 2
12 20 2
13 20 2
14 20 2
15 20 2
16 20 2
17 20 2
18 20 2
19 20 2
20 20 2
21 20 2
22 20 2
23 20 2
24 20 2
25 20 2
26 20 2
27 20 2
28 20 2
29 20 2
30 20 2
31 20 2
32 20 2
33 20 2
34 20 2
35 20 2
36 20 2
37 20 2
38 20 2
39 20 2
40 20 2
41 20 2
42 20 2
43 20 2
44 20 2
45 20 2
46 20 2
47 20 2
48 20 2
49 20 2
50 20 2
51 20 2
52 20 2
53 20 2
54 20 2
55 20 2
56 20 2
57 20 2
58 20 2
59 20 2
60 20 2
61 20 2
62 20 2
63 20 2
64 20 2
65 20 2
66 20 2
67 20 2
68 20 2
69 20 2
70 20 2
71 20 2
72 20 2
73 20 2
74 20 2
75 20 2
76 20 2
77 20 2
78 20 2
79 20 2
80 20 2
81 20 2
82 20 2
83 20 2
84 20 2
85 20 2
86 20 2
87 20 2
88 20 2
89 20 2
90 20 2
91 20 2
92 20 2
93 20 2
94 20 2
95 20 2
96 20 2
1 21 2
2 21 2
3 21 2
4 21 2
5 21 2
6 21 2
7 21 2
8 21 2
9 21 2
10 21 2
11 21 2
12 21 2
13 21 2
14 21 2
15 21 2
16 21 2
17 21 2
18 21 2
19 21 2
20 21 2
21 21 2
22 21 2
23 21 2
24 21 2
25 21 2
26 21 2
27 21 2
28 21 2
29 21 2
30 21 2
31 21 2
32 21 2
33 21 2
34 21 2
35 21 2
36 21 2
37 21 2
38 21 2
39 21 2
40 21 2
43 21 2
44 21 2
45 21 2
46 21 2
47 21 2
48 21 2
49 21 2
50 21 2
51 21 2
52 21 2
53 21 2
54 21 2
55 21 2
56 21 2
57 21 2
58 21 2
59 21 2
60 21 2
61 21 2
62 21 2
63 21 2
64 21 2
65 21 2
66 21 2
67 21 2
68 21 2
69 21 2
70 21 2
71 21 2
72 21 2
73 21 2
74 21 2
75 21 2
76 21 2
77 21 2
78 21 2
79 21 2
80 21 2
81 21 2
82 21 2
83 21 2
84 21 2
85 21 2
86 21 2
87 21 2
88 21 2
89 21 2
90 21 2
91 21 2
92 21 2
93 21 2
94 21 2
95 21 2
96 21 2
1 22 2
2 22 2
3 22 2
4 22 2
5 22 2
6 22 2
7 22 2
8 22 2
9 22 2
10 22 2
11 22 2
12 22 2
13 22 2
14 22 2
15 22 2
16 22 2
17 22 2
18 22 2
19 22 2
20 22 2
21 22 2
22 22 2
23 22 2
24 22 2
25 22 2
26 22 2
27 22 2
28 22 2
29 22 2
30 22 2
31 22 2
32 22 2
33 22 2
34 22 2
35 22 2
36 22 2
37 22 2
38 22 2
39 22 2
40 22 2
43 22 2
44 22 2
45 22 2
46 22 2
47 22 2
48 22 2
49 22 2
50 22 2
51 22 2
52 22 2
53 22 2
54 22 2
55 22 2
56 22 2
57 22 2
58 22 2
59 22 2
60 22 2
61 22 2
62 22 2
63 22 2
64 22 2
65 22 2
66 22 2
67 22 2
68 22 2
69 22 2
70 22 2
71 22 2
72 22 2
73 22 2
74 22 2
75 22 2
76 22 2
77 22 2
78 22 2
79 22 2
80 22 2
81 22 2
82 22 2
83 22 2
84 22 2
85 22 2
86 22 2
87 22 2
88 22 2
89 22 2
90 22 2
91 22 2
92 22 2
93 22 2
94 22 2
95 22 2
96 22 2
1 23 2
2 23 2
3 23 2
4 23 2
5 23 2
6 23 2
7 23 2
10 23 2
11 23 2
12 23 2
13 23 2
14 23 2
15 23 2
16 23 2
17 23 2
18 23 2
19 23 2
20 23 2
21 23 2
22 23 2
23 23 2
24 23 2
25 23 2
26 23 2
27 23 2
28 23 2
29 23 2
30 23 2
31 23 2
32 23 2
33 23 2
34 23 2
35 23 2
36 23 2
37 23 2
38 23 2
39 23 2
40 23 2
41 23 2
42 23 2
43 23 2
44 23 2
45 23 2
46 23 2
47 23 2
48 23 2
49 23 2
50 23 2
51 23 2
52 23 2
53 23 2
54 23 2
55 23 2
56 23 2
57 23 2
58 23 2
59 23 2
60 23 2
61 23 2
62 23 2
63 23 2
64 23 2
65 23 2
66 23 2
67 23 2
68 23 2
69 23 2
70 23 2
71 23 2
72 23 2
73 23 2
74 23 2
75 23 2
76 23 2
77 23 2
78 23 2
79 23 2
80 23 2
81 23 2
82 23 2
83 23 2
84 23 2
85 23 2
86 23 2
87 23 2
88 23 2
89 23 2
90 23 2
91 23 2
92 23 2
93 23 2
94 23 2
95 23 2
96 23 2
1 24 2
2 24 2
3 24 2
4 24 2
5 24 2
6 24 2
7 24 2
10 24 2
11 24 2
12 24 2
13 24 2
14 24 2
15 24 2
16 24 2
17 24 2
18 24 2
19 24 2
20 24 2
21 24 2
22 24 2
23 24 2
24 24 2
25 24 2
26 24 2
27 24 2
28 24 2
29 24 2
30 24 2
31 24 2
32 24 2
33 24 2
34 24 2
35 24 2
36 24 2
37 24 2
38 24 2
39 24 2
40 24 2
41 24 2
42 24 2
43 24 2
44 24 2
45 24 2
46 24 2
47 24 2
48 24 2
49 24 2
50 24 2
51 24 2
52 24 2
53 24 2
54 24 2
55 24 2
56 24 2
57 24 2
58 24 2
59 24 2
60 24 2
61 24 2
62 24 2
63 24 2
64 24 2
65 24 2
66 24 2
67 24 2
68 24 2
69 24 2
70 24 2
71 24 2
72 24 2
73 24 2
74 24 2
75 24 2
76 24 2
77 24 2
78 24 2
79 24 2
82 24 2
83 24 2
84 24 2
85 24 2
86 24 2
87 24 2
88 24 2
89 24 2
90 24 2
91 24 2
92 24 2
93 24 2
94 24 2
95 24 2
96 24 2
1 25 2
2 25 2
3 25 2
4 25 2
5 25 2
6 25 2
7 25 2
8 25 2
9 25 2
10 25 2
11 25 2
12 25 2
13 25 2
14 25 2
15 25 2
16 25 2
17 25 2
18 25 2
19 25 2
20 25 2
21 25 2
22 25 2
23 25 2
24 25 2
25 25 2
26 25 2
27 25 2
28 25 2
29 25 2
30 25 2
31 25 2
32 25 2
33 25 2
34 25 2
35 25 2
36 25 2
37 25 2
38 25 2
39 25 2
40 25 2
41 25 2
42 25 2
43 25 2
44 25 2
45 25 2
46 25 2
47 25 2
48 25 2
49 25 2
50 25 2
51 25 2
52 25 2
53 25 2
54 25 2
55 25 2
56 25 2
57 25 2
58 25 2
59 25 2
60 25 2
61 25 2
62 25 2
63 25 2
64 25 2
65 25 2
66 25 2
67 25 2
68 25 2
69 25 2
70 25 2
71 25 2
72 25 2
73 25 2
74 25 2
75 25 2
76 25 2
77 25 2
78 25 2
79 25 2
82 25 2
83 25 2
84 25 2
85 25 2
86 25 2
87 25 2
88 25 2
89 25 2
90 25 2
91 25 2
92 25 2
93 25 2
94 25 2
95 25 2
96 25 2
1 26 2
2 26 2
3 26 2
4 26 2
5 26 2
6 26 2
7 26 2
8 26 2
9 26 2
10 26 2
11 26 2
12 26 2
13 26 2
14 26 2
15 26 2
16 26 2
17 26 2
18 26 2
19 26 2
20 26 2
21 26 2
22 26 2
23 26 2
24 26 2
25 26 2
26 26 2
27 26 2
28 26 2
29 26 2
30 26 2
31 26 2
32 26 2
33 26 2
34 26 2
35 26 2
36 26 2
37 26 2
38 26 2
39 26 2
40 26 2
41 26 2
42 26 2
43 26 2
44 26 2
45 26 2
46 26 2
47 26 2
48 26 2
49 26 2
50 26 2
51 26 2
52 26 2
53 26 2
54 26 2
55 26 2
56 26 2
57 26 2
58 26 2
59 26 2
60 26 2
61 26 2
62 26 2
63 26 2
64 26 2
65 26 2
66 26 2
67 26 2
68 26 2
69 26 2
70 26 2
71 26 2
72 26 2
73 26 2
74 26 2
75 26 2
76 26 2
77 26 2
78 26 2
79 26 2
80 26 2
81 26 2
82 26 2
83 26 2
84 26 2
85 26 2
86 26 2
87 26 2
88 26 2
89 26 2
90 26 2
91 26 2
92 26 2
93 26 2
94 26 2
95 26 2
96 26 2
1 27 2
2 27 2
3 27 2
4 27 2
5 27 2
6 27 2
7 27 2
8 27 2
9 27 2
10 27 2
11 27 2
14 27 2
15 27 2
16 27 2
17 27 2
18 27 2
19 27 2
20 27 2
21 27 2
22 27 2
23 27 2
24 27 2
25 27 2
26 27 2
27 27 2
28 27 2
29 27 2
30 27 2
31 27 2
32 27 2
33 27 2
34 27 2
35 27 2
36 27 2
37 27 2
38 27 2
39 27 2
40 27 2
41 27 2
42 27 2
43 27 2
44 27 2
45 27 2
46 27 2
47 27 2
48 27 2
49 27 2
50 27 2
51 27 2
52 27 2
53 27 2
54 27 2
55 27 2
56 27 2
57 27 2
58 27 2
59 27 2
60 27 2
61 27 2
62 27 2
63 27 2
64 27 2
65 27 2
66 27 2
67 27 2
68 27 2
69 27 2
70 27 2
71 27 2
72 27 2
73 27 2
74 27 2
75 27 2
76 27 2
77 27 2
78 27 2
79 27 2
80 27 2
81 27 2
82 27 2
83 27 2
84 27 2
85 27 2
86 27 2
87 27 2
88 27 2
89 27 2
90 27 2
91 27 2
92 27 2
93 27 2
94 27 2
95 27 2
96 27 2
1 28 2
2 28 2
3 28 2
4 28 2
5 28 2
6 28 2
7 28 2
8 28 2
9 28 2
10 28 2
11 28 2
14 28 2
15 28 2
16 28 2
17 28 2
18 28 2
19 28 2
20 28 2
21 28 2
22 28 2
23 28 2
24 28 2
25 28 2
26 28 2
27 28 2
28 28 2
29 28 2
30 28 2
31 28 2
32 28 2
33 28 2
34 28 2
35 28 2
36 28 2
37 28 2
38 28 2
39 28 2
40 28 2
41 28 2
42 28 2
43 28 2
44 28 2
45 28 2
46 28 2
47 28 2
48 28 2
49 28 2
50 28 2
51 28 2
52 28 2
53 28 2
54 28 2
55 28 2
56 28 2
57 28 2
58 28 2
59 28 2
60 28 2
61 28 2
62 28 2
63 28 2
64 28 2
65 28 2
66 28 2
67 28 2
68 28 2
69 28 2
70 28 2
71 28 2
72 28 2
73 28 2
74 28 2
75 28 2
76 28 2
77 28 2
78 28 2
79 28 2
80 28 2
81 28 2
82 28 2
83 28 2
84 28 2
85 28 2
86 28 2
87 28 2
88 28 2
89 28 2
90 28 2
91 28 2
92 28 2
93 28 2
94 28 2
95 28 2
96 28 2
1 29 2
2 29 2
3 29 2
4 29 2
5 29 2
6 29 2
7 29 2
8 29 2
9 29 2
10 29 2
11 29 2
12 29 2
13 29 2
14 29 2
15 29 2
16 29 2
17 29 2
18 29 2
19 29 2
20 29 2
21 29 2
22 29 2
23 29 2
24 29 2
25 29 2
26 29 2
27 29 2
28 29 2
29 29 2
30 29 2
31 29 2
32 29 2
33 29 2
34 29 2
35 29 2
36 29 2
37 29 2
38 29 2
39 29 2
40 29 2
41 29 2
42 29 2
43 29 2
44 29 2
45 29 2
46 29 2
47 29 2
48 29 2
49 29 2
50 29 2
51 29 2
52 29 2
53 29 2
54 29 2
55 29 2
56 29 2
57 29 2
58 29 2
59 29 2
60 29 2
61 29 2
62 29 2
63 29 2
64 29 2
65 29 2
66 29 2
67 29 2
68 29 2
69 29 2
70 29 2
71 29 2
72 29 2
73 29 2
74 29 2
75 29 2
76 29 2
77 29 2
78 29 2
79 29 2
80 29 2
81 29 2
82 29 2
83 29 2
84 29 2
85 29 2
86 29 2
87 29 2
88 29 2
89 29 2
90 29 2
91 29 2
92 29 2
93 29 2
94 29 2
95 29 2
96 29 2
1 30 2
2 30 2
3 30 2
4 30 2
5 30 2
6 30 2
7 30 2
8 30 2
9 30 2
10 30 2
11 30 2
12 30 2
13 30 2
14 30 2
15 30 2
16 30 2
17 30 2
18 30 2
19 30 2
20 30 2
21 30 2
22 30 2
23 30 2
24 30 2
25 30 2
26 30 2
27 30 2
28 30 2
29 30 2
30 30 2
31 30 2
32 30 2
33 30 2
34 30 2
35 30 2
36 30 2
37 30 2
38 30 2
39 30 2
40 30 2
41 30 2
42 30 2
43 30 2
44 30 2
45 30 2
46 30 2
47 30 2
48 30 2
49 30 2
50 30 2
51 30 2
52 30 2
53 30 2
54 30 2
55 30 2
56 30 2
57 30 2
58 30 2
59 30 2
60 30 2
61 30 2
62 30 2
63 30 2
64 30 2
65 30 2
66 30 2
67 30 2
68 30 2
69 30 2
70 30 2
71 30 2
72 30 2
73 30 2
74 30 2
75 30 2
76 30 2
77 30 2
78 30 2
79 30 2
80 30 2
81 30 2
82 30 2
83 30 2
84 30 2
85 30 2
86 30 2
87 30 2
88 30 2
89 30 2
90 30 2
91 30 2
92 30 2
93 30 2
94 30 2
95 30 2
96 30 2
1 31 2
2 31 2
3 31 2
4 31 2
5 31 2
6 31 2
7 31 2
8 31 2
9 31 2
10 31 2
11 31 2
12 31 2
13 31 2
14 31 2
15 31 2
16 31 2
17 31 2
18 31 2
19 31 2
20 31 2
21 31 2
22 31 2
23 31 2
24 31 2
25 31 2
26 31 2
27 31 2
28 31 2
29 31 2
30 31 2
31 31 2
32 31 2
33 31 2
34 31 2
35 31 2
36 31 2
37 31 2
38 31 2
39 31 2
40 31 2
41 31 2
42 31 2
43 31 2
44 31 2
45 31 2
46 31 2
47 31 2
48 31 2
49 31 2
50 31 2
51 31 2
52 31 2
53 31 2
54 31 2
55 31 2
56 31 2
57 31 2
58 31 2
59 31 2
60 31 2
61 31 2
62 31 2
63 31 2
64 31 2
65 31 2
66 31 2
67 31 2
68 31 2
69 31 2
70 31 2
71 31 2
72 31 2
73 31 2
74 31 2
75 31 2
76 31 2
77 31 2
78 31 2
79 31 2
80 31 2
81 31 2
82 31 2
83 31 2
84 31 2
85 31 2
86 31 2
87 31 2
88 31 2
89 31 2
90 31 2
91 31 2
92 31 2
93 31 2
94 31 2
95 31 2
96 31 2
1 32 2
2 32 2
3 32 2
4 32 2
5 32 2
6 32 2
7 32 2
8 32 2
9 32 2
10 32 2
11 32 2
12 32 2
13 32 2
14 32 2
15 32 2
16 32 2
17 32 2
18 32 2
19 32 2
20 32 2
21 32 2
22 32 2
23 32 2
24 32 2
25 32 2
26 32 2
27 32 2
28 32 2
29 32 2
30 32 2
31 32 2
32 32 2
33 32 2
34 32 2
35 32 2
36 32 2
37 32 2
38 32 2
39 32 2
40 32 2
41 32 2
42 32 2
43 32 2
44 32 2
45 32 2
46 32 2
47 32 2
48 32 2
49 32 2
50 32 2
51 32 2
52 32 2
53 32 2
54 32 2
55 32 2
56 32 2
57 32 2
58 32 2
59 32 2
60 32 2
61 32 2
62 32 2
63 32 2
64 32 2
65 32 2
66 32 2
67 32 2
68 32 2
69 32 2
70 32 2
71 32 2
72 32 2
73 32 2
74 32 2
75 32 2
76 32 2
77 32 2
78 32 2
79 32 2
80 32 2
81 32 2
82 32 2
83 32 2
84 32 2
85 32 2
86 32 2
89 32 2
90 32 2
91 32 2
92 32 2
93 32 2
94 32 2
95 32 2
96 32 2
1 33 2
2 33 2
3 33 2
4 33 2
5 33 2
6 33 2
7 33 2
8 33 2
9 33 2
10 33 2
11 33 2
12 33 2
13 33 2
14 33 2
15 33 2
16 33 2
17 33 2
18 33 2
19 33 2
20 33 2
21 33 2
22 33 2
23 33 2
24 33 2
25 33 2
26 33 2
27 33 2
28 33 2
29 33 2
30 33 2
31 33 2
32 33 2
33 33 2
34 33 2
35 33 2
36 33 2
37 33 2
38 33 2
39 33 2
40 33 2
41 33 2
42 33 2
43 33 2
44 33 2
45 33 2
46 33 2
47 33 2
48 33 2
49 33 2
50 33 2
51 33 2
52 33 2
53 33 2
54 33 2
55 33 2
56 33 2
57 33 2
58 33 2
59 33 2
60 33 2
61 33 2
62 33 2
63 33 2
64 33 2
65 33 2
66 33 2
67 33 2
68 33 2
69 33 2
70 33 2
71 33 2
72 33 2
73 33 2
74 33 2
75 33 2
76 33 2
77 33 2
78 33 2
79 33 2
80 33 2
81 33 2
82 33 2
83 33 2
84 33 2
85 33 2
86 33 2
89 33 2
90 33 2
91 33 2
92 33 2
93 33 2
94 33 2
95 33 2
96 33 2
1 34 2
2 34 2
3 34 2
4 34 2
5 34 2
6 34 2
7 34 2
8 34 2
9 34 2
10 34 2
11 34 2
12 34 2
13 34 2
14 34 2
15 34 2
16 34 2
17 34 2
18 34 2
19 34 2
20 34 2
21 34 2
22 34 2
23 34 2
24 34 2
25 34 2
26 34 2
27 34 2
28 34 2
29 34 2
30 34 2
31 34 2
32 34 2
33 34 2
34 34 2
35 34 2
36 34 2
37 34 2
38 34 2
39 34 2
40 34 2
41 34 2
42 34 2
43 34 2
44 34 2
45 34 2
46 34 2
47 34 2
48 34 2
49 34 2
50 34 2
51 34 2
52 34 2
53 34 2
54 34 2
55 34 2
56 34 2
57 34 2
58 34 2
59 34 2
60 34 2
61 34 2
62 34 2
63 34 2
64 34 2
65 34 2
66 34 2
67 34 2
68 34 2
69 34 2
70 34 2
71 34 2
72 34 2
73 34 2
74 34 2
75 34 2
76 34 2
77 34 2
78 34 2
79 34 2
80 34 2
81 34 2
82 34 2
83 34 2
84 34 2
85 34 2
86 34 2
87 34 2
88 34 2
89 34 2
90 34 2
91 34 2
92 34 2
93 34 2
94 34 2
95 34 2
96 34 2
1 35 2
2 35 2
3 35 2
4 35 2
5 35 2
6 35 2
7 35 2
8 35 2
9 35 2
10 35 2
11 35 2
12 35 2
13 35 2
14 35 2
15 35 2
16 35 2
17 35 2
18 35 2
19 35 2
20 35 2
21 35 2
22 35 2
23 35 2
24 35 2
25 35 2
26 35 2
27 35 2
28 35 2
29 35 2
30 35 2
31 35 2
32 35 2
33 35 2
34 35 2
35 35 2
36 35 2
37 35 2
38 35 2
39 35 2
40 35 2
43 35 2
44 35 2
45 35 2
46 35 2
47 35 2
48 35 2
49 35 2
50 35 2
51 35 2
52 35 2
53 35 2
54 35 2
55 35 2
56 35 2
57 35 2
58 35 2
59 35 2
60 35 2
61 35 2
62 35 2
63 35 2
64 35 2
65 35 2
66 35 2
67 35 2
68 35 2
69 35 2
70 35 2
71 35 2
72 35 2
73 35 2
74 35 2
75 35 2
76 35 2
77 35 2
78 35 2
79 35 2
80 35 2
81 35 2
82 35 2
83 35 2
84 35 2
85 35 2
86 35 2
87 35 2
88 35 2
89 35 2
90 35 2
91 35 2
92 35 2
93 35 2
94 35 2
95 35 2
96 35 2
1 36 2
2 36 2
3 36 2
4 36 2
5 36 2
6 36 2
7 36 2
8 36 2
9 36 2
10 36 2
11 36 2
12 36 2
13 36 2
14 36 2
15 36 2
16 36 2
17 36 2
18 36 2
19 36 2
20 36 2
21 36 2
22 36 2
23 36 2
24 36 2
25 36 2
26 36 2
27 36 2
28 36 2
29 36 2
30 36 2
31 36 2
32 36 2
33 36 2
34 36 2
35 36 2
36 36 2
37 36 2
38 36 2
39 36 2
40 36 2
43 36 2
44 36 2
45 36 2
46 36 2
47 36 2
48 36 2
49 36 2
50 36 2
51 36 2
52 36 2
53 36 2
54 36 2
55 36 2
56 36 2
57 36 2
58 36 2
59 36 2
60 36 2
61 36 2
62 36 2
63 36 2
64 36 2
65 36 2
66 36 2
67 36 2
68 36 2
69 36 2
70 36 2
71 36 2
72 36 2
73 36 2
74 36 2
75 36 2
76 36 2
77 36 2
78 36 2
79 36 2
80 36 2
81 36 2
82 36 2
83 36 2
84 36 2
85 36 2
86 36 2
87 36 2
88 36 2
89 36 2
90 36 2
91 36 2
92 36 2
93 36 2
94 36 2
95 36 2
96 36 2
1 37 2
2 37 2
3 37 2
4 37 2
5 37 2
6 37 2
7 37 2
8 37 2
9 37 2
10 37 2
11 37 2
12 37 2
13 37 2
14 37 2
15 37 2
16 37 2
17 37 2
18 37 2
19 37 2
20 37 2
21 37 2
22 37 2
23 37 2
24 37 2
25 37 2
26 37 2
27 37 2
28 37 2
29 37 2
30 37 2
31 37 2
32 37 2
33 37 2
34 37 2
35 37 2
36 37 2
37 37 2
38 37 2
39 37 2
40 37 2
41 37 2
42 37 2
43 37 2
44 37 2
45 37 2
46 37 2
47 37 2
48 37 2
49 37 2
50 37 2
51 37 2
52 37 2
53 37 2
54 37 2
55 37 2
56 37 2
57 37 2
58 37 2
59 37 2
60 37 2
61 37 2
62 37 2
63 37 2
64 37 2
65 37 2
66 37 2
67 37 2
68 37 2
69 37 2
70 37 2
71 37 2
72 37 2
73 37 2
74 37 2
75 37 2
76 37 2
77 37 2
78 37 2
79 37 2
80 37 2
81 37 2
82 37 2
83 37 2
84 37 2
85 37 2
86 37 2
87 37 2
88 37 2
89 37 2
90 37 2
91 37 2
92 37 2
93 37 2
94 37 2
95 37 2
96 37 2
1 38 2
2 38 2
3 38 2
4 38 2
5 38 2
6 38 2
7 38 2
8 38 2
9 38 2
10 38 2
11 38 2
12 38 2
13 38 2
14 38 2
15 38 2
16 38 2
17 38 2
18 38 2
19 38 2
20 38 2
21 38 2
22 38 2
23 38 2
24 38 2
25 38 2
26 38 2
27 38 2
28 38 2
29 38 2
30 38 2
31 38 2
32 38 2
33 38 2
34 38 2
35 38 2
36 38 2
37 38 2
38 38 2
39 38 2
40 38 2
41 38 2
42 38 2
43 38 2
44 38 2
45 38 2
46 38 2
47 38 2
48 38 2
49 38 2
50 38 2
51 38 2
52 38 2
53 38 2
54 38 2
55 38 2
56 38 2
57 38 2
58 38 2
59 38 2
60 38 2
61 38 2
62 38 2
63 38 2
64 38 2
65 38 2
66 38 2
67 38 2
68 38 2
69 38 2
70 38 2
71 38 2
72 38 2
73 38 2
74 38 2
75 38 2
76 38 2
77 38 2
78 38 2
79 38 2
80 38 2
81 38 2
82 38 2
83 38 2
84 38 2
85 38 2
86 38 2
87 38 2
88 38 2
89 38 2
90 38 2
91 38 2
92 38 2
93 38 2
94 38 2
95 38 2
96 38 2
1 39 2
2 39 2
3 39 2
4 39 2
5 39 2
6 39 2
7 39 2
8 39 2
9 39 2
10 39 2
11 39 2
12 39 2
13 39 2
14 39 2
15 39 2
16 39 2
17 39 2
18 39 2
19 39 2
20 39 2
21 39 2
22 39 2
23 39 2
24 39 2
25 39 2
26 39 2
27 39 2
28 39 2
29 39 2
30 39 2
31 39 2
32 39 2
33 39 2
34 39 2
35 39 2
36 39 2
37 39 2
38 39 2
39 39 2
40 39 2
41 39 2
42 39 2
43 39 2
44 39 2
45 39 2
46 39 2
47 39 2
48 39 2
49 39 2
50 39 2
51 39 2
52 39 2
53 39 2
54 39 2
55 39 2
56 39 2
57 39 2
58 39 2
59 39 2
60 39 2
61 39 2
62 39 2
63 39 2
64 39 2
65 39 2
66 39 2
67 39 2
68 39 2
69 39 2
70 39 2
71 39 2
72 39 2
73 39 2
74 39 2
75 39 2
76 39 2
77 39 2
78 39 2
79 39 2
80 39 2
81 39 2
82 39 2
83 39 2
84 39 2
85 39 2
86 39 2
87 39 2
88 39 2
89 39 2
90 39 2
91 39 2
92 39 2
93 39 2
94 39 2
95 39 2
96 39 2
1 40 2
2 40 2
3 40 2
4 40 2
5 40 2
6 40 2
7 40 2
8 40 2
9 40 2
10 40 2
11 40 2
12 40 2
13 40 2
14 40 2
15 40 2
16 40 2
17 40 2
18 40 2
19 40 2
20 40 2
21 40 2
22 40 2
23 40 2
24 40 2
25 40 2
26 40 2
27 40 2
28 40 2
29 40 2
30 40 2
31 40 2
32 40 2
33 40 2
34 40 2
35 40 2
36 40 2
37 40 2
38 40 2
39 40 2
40 40 2
41 40 2
42 40 2
43 40 2
44 40 2
45 40 2
46 40 2
47 40 2
48 40 2
49 40 2
50 40 2
51 40 2
52 40 2
53 40 2
54 40 2
55 40 2
56 40 2
57 40 2
58 40 2
59 40 2
60 40 2
61 40 2
62 40 2
63 40 2
64 40 2
65 40 2
66 40 2
67 40 2
68 40 2
69 40 2
70 40 2
71 40 2
72 40 2
73 40 2
74 40 2
75 40 2
76 40 2
77 40 2
78 40 2
79 40 2
80 40 2
81 40 2
82 40 2
83 40 2
84 40 2
85 40 2
86 40 2
87 40 2
88 40 2
89 40 2
90 40 2
91 40 2
92 40 2
93 40 2
94 40 2
95 40 2
96 40 2
1 41 2
2 41 2
3 41 2
4 41 2
5 41 2
6 41 2
7 41 2
8 41 2
9 41 2
10 41 2
11 41 2
12 41 2
13 41 2
14 41 2
15 41 2
16 41 2
17 41 2
18 41 2
19 41 2
20 41 2
21 41 2
22 41 2
23 41 2
24 41 2
25 41 2
26 41 2
27 41 2
28 41 2
29 41 2
30 41 2
31 41 2
32 41 2
33 41 2
34 41 2
35 41 2
36 41 2
37 41 2
38 41 2
39 41 2
40 41 2
41 41 2
42 41 2
43 41 2
44 41 2
45 41 2
46 41 2
47 41 2
48 41 2
49 41 2
50 41 2
51 41 2
52 41 2
53 41 2
54 41 2
55 41 2
56 41 2
57 41 2
58 41 2
59 41 2
60 41 2
61 41 2
62 41 2
63 41 2
64 41 2
65 41 2
66 41 2
67 41 2
68 41 2
69 41 2
70 41 2
71 41 2
72 41 2
73 41 2
74 41 2
75 41 2
76 41 2
77 41 2
78 41 2
79 41 2
80 41 2
81 41 2
82 41 2
83 41 2
84 41 2
85 41 2
86 41 2
87 41 2
88 41 2
89 41 2
90 41 2
91 41 2
92 41 2
93 41 2
94 41 2
95 41 2
96 41 2
1 42 2
2 42 2
3 42 2
4 42 2
5 42 2
6 42 2
7 42 2
8 42 2
9 42 2
10 42 2
11 42 2
12 42 2
13 42 2
14 42 2
15 42 2
16 42 2
17 42 2
18 42 2
19 42 2
20 42 2
21 42 2
22 42 2
23 42 2
24 42 2
25 42 2
26 42 2
27 42 2
28 42 2
29 42 2
30 42 2
31 42 2
32 42 2
33 42 2
34 42 2
35 42 2
36 42 2
37 42 2
38 42 2
39 42 2
40 42 2
41 42 2
42 42 2
43 42 2
44 42 2
45 42 2
46 42 2
47 42 2
48 42 2
49 42 2
50 42 2
51 42 2
52 42 2
53 42 2
54 42 2
55 42 2
56 42 2
57 42 2
58 42 2
59 42 2
60 42 2
61 42 2
62 42 2
63 42 2
64 42 2
65 42 2
66 42 2
67 42 2
68 42 2
69 42 2
70 42 2
71 42 2
72 42 2
73 42 2
74 42 2
75 42 2
76 42 2
77 42 2
78 42 2
79 42 2
80 42 2
81 42 2
82 42 2
83 42 2
84 42 2
85 42 2
86 42 2
87 42 2
88 42 2
89 42 2
90 42 2
91 42 2
92 42 2
93 42 2
94 42 2
95 42 2
96 42 2
1 43 2
2 43 2
3 43 2
4 43 2
5 43 2
8 43 2
9 43 2
10 43 2
11 43 2
12 43 2
13 43 2
14 43 2
15 43 2
16 43 2
17 43 2
18 43 2
19 43 2
20 43 2
21 43 2
22 43 2
23 43 2
24 43 2
25 43 2
26 43 2
27 43 2
28 43 2
29 43 2
30 43 2
31 43 2
32 43 2
35 43 2
36 43 2
37 43 2
38 43 2
39 43 2
40 43 2
41 43 2
42 43 2
43 43 2
44 43 2
45 43 2
46 43 2
47 43 2
48 43 2
49 43 2
50 43 2
51 43 2
52 43 2
53 43 2
54 43 2
55 43 2
56 43 2
57 43 2
58 43 2
59 43 2
60 43 2
61 43 2
62 43 2
63 43 2
64 43 2
65 43 2
66 43 2
67 43 2
68 43 2
69 43 2
70 43 2
71 43 2
72 43 2
73 43 2
74 43 2
75 43 2
76 43 2
79 43 2
80 43 2
81 43 2
82 43 2
83 43 2
84 43 2
85 43 2
86 43 2
87 43 2
88 43 2
89 43 2
92 43 2
93 43 2
94 43 2
95 43 2
96 43 2
1 44 2
2 44 2
3 44 2
4 44 2
5 44 2
8 44 2
9 44 2
10 44 2
11 44 2
12 44 2
13 44 2
14 44 2
15 44 2
16 44 2
17 44 2
18 44 2
19 44 2
20 44 2
21 44 2
22 44 2
23 44 2
24 44 2
25 44 2
26 44 2
27 44 2
28 44 2
29 44 2
30 44 2
31 44 2
32 44 2
35 44 2
36 44 2
37 44 2
38 44 2
39 44 2
40 44 2
41 44 2
42 44 2
43 44 2
44 44 2
45 44 2
46 44 2
47 44 2
48 44 2
49 44 2
50 44 2
51 44 2
52 44 2
53 44 2
54 44 2
55 44 2
56 44 2
57 44 2
58 44 2
59 44 2
60 44 2
61 44 2
62 44 2
63 44 2
64 44 2
65 44 2
66 44 2
67 44 2
68 44 2
69 44 2
70 44 2
71 44 2
72 44 2
73 44 2
74 44 2
75 44 2
76 44 2
79 44 2
80 44 2
81 44 2
82 44 2
83 44 2
84 44 2
85 44 2
86 44 2
87 44 2
88 44 2
89 44 2
92 44 2
93 44 2
94 44 2
95 44 2
96 44 2
1 45 2
2 45 2
3 45 2
4 45 2
5 45 2
6 45 2
7 45 2
8 45 2
9 45 2
10 45 2
11 45 2
12 45 2
13 45 2
14 45 2
15 45 2
16 45 2
17 45 2
18 45 2
19 45 2
20 45 2
21 45 2
22 45 2
23 45 2
24 45 2
25 45 2
26 45 2
27 45 2
28 45 2
29 45 2
30 45 2
31 45 2
32 45 2
33 45 2
34 45 2
35 45 2
36 45 2
37 45 2
38 45 2
39 45 2
40 45 2
41 45 2
42 45 2
43 45 2
44 45 2
45 45 2
46 45 2
47 45 2
48 45 2
49 45 2
50 45 2
51 45 2
52 45 2
53 45 2
54 45 2
55 45 2
56 45 2
57 45 2
58 45 2
59 45 2
60 45 2
61 45 2
62 45 2
63 45 2
64 45 2
65 45 2
66 45 2
67 45 2
68 45 2
69 45 2
70 45 2
71 45 2
72 45 2
73 45 2
74 45 2
75 45 2
76 45 2
77 45 2
78 45 2
79 45 2
80 45 2
81 45 2
82 45 2
83 45 2
84 45 2
85 45 2
86 45 2
87 45 2
88 45 2
89 45 2
90 45 2
91 45 2
92 45 2
93 45 2
94 45 2
95 45 2
96 45 2
1 46 2
2 46 2
3 46 2
4 46 2
5 46 2
6 46 2
7 46 2
8 46 2
9 46 2
10 46 2
11 46 2
12 46 2
13 46 2
14 46 2
15 46 2
16 46 2
17 46 2
18 46 2
19 46 2
20 46 2
21 46 2
22 46 2
23 46 2
24 46 2
25 46 2
26 46 2
27 46 2
28 46 2
29 46 2
30 46 2
31 46 2
32 46 2
33 46 2
34 46 2
35 46 2
36 46 2
37 46 2
38 46 2
39 46 2
40 46 2
41 46 2
42 46 2
43 46 2
44 46 2
45 46 2
46 46 2
47 46 2
48 46 2
49 46 2
50 46 2
51 46 2
52 46 2
53 46 2
54 46 2
55 46 2
56 46 2
57 46 2
58 46 2
59 46 2
60 46 2
61 46 2
62 46 2
63 46 2
64 46 2
65 46 2
66 46 2
67 46 2
68 46 2
69 46 2
70 46 2
71 46 2
72 46 2
73 46 2
74 46 2
75 46 2
76 46 2
77 46 2
78 46 2
79 46 2
80 46 2
81 46 2
82 46 2
83 46 2
84 46 2
85 46 2
86 46 2
87 46 2
88 46 2
89 46 2
90 46 2
91 46 2
92 46 2
93 46 2
94 46 2
95 46 2
96 46 2
1 47 2
2 47 2
3 47 2
4 47 2
5 47 2
6 47 2
7 47 2
8 47 2
9 47 2
10 47 2
11 47 2
12 47 2
13 47 2
14 47 2
15 47 2
16 47 2
17 47 2
18 47 2
19 47 2
20 47 2
21 47 2
22 47 2
23 47 2
24 47 2
25 47 2
26 47 2
27 47 2
28 47 2
29 47 2
30 47 2
31 47 2
32 47 2
33 47 2
34 47 2
35 47 2
36 47 2
37 47 2
38 47 2
39 47 2
40 47 2
41 47 2
42 47 2
43 47 2
44 47 2
45 47 2
46 47 2
47 47 2
48 47 2
49 47 2
50 47 2
51 47 2
52 47 2
53 47 2
54 47 2
55 47 2
56 47 2
57 47 2
58 47 2
59 47 2
60 47 2
61 47 2
62 47 2
63 47 2
64 47 2
65 47 2
66 47 2
67 47 2
68 47 2
69 47 2
70 47 2
71 47 2
72 47 2
73 47 2
74 47 2
75 47 2
76 47 2
77 47 2
78 47 2
79 47 2
80 47 2
81 47 2
82 47 2
83 47 2
84 47 2
85 47 2
86 47 2
87 47 2
88 47 2
89 47 2
90 47 2
91 47 2
92 47 2
93 47 2
94 47 2
95 47 2
96 47 2
1 48 2
2 48 2
3 48 2
4 48 2
5 48 2
6 48 2
7 48 2
8 48 2
9 48 2
10 48 2
11 48 2
12 48 2
13 48 2
14 48 2
15 48 2
16 48 2
17 48 2
18 48 2
19 48 2
20 48 2
21 48 2
22 48 2
23 48 2
24 48 2
25 48 2
26 48 2
27 48 2
28 48 2
29 48 2
30 48 2
31 48 2
32 48 2
33 48 2
34 48 2
35 48 2
36 48 2
37 48 2
38 48 2
39 48 2
40 48 2
41 48 2
42 48 2
43 48 2
44 48 2
45 48 2
46 48 2
47 48 2
48 48 2
49 48 2
50 48 2
51 48 2
52 48 2
53 48 2
54 48 2
55 48 2
56 48 2
57 48 2
58 48 2
59 48 2
60 48 2
61 48 2
62 48 2
63 48 2
64 48 2
65 48 2
66 48 2
67 48 2
68 48 2
69 48 2
70 48 2
71 48 2
72 48 2
73 48 2
74 48 2
75 48 2
76 48 2
77 48 2
78 48 2
79 48 2
80 48 2
81 48 2
82 48 2
83 48 2
84 48 2
85 48 2
86 48 2
87 48 2
88 48 2
89 48 2
90 48 2
91 48 2
92 48 2
93 48 2
94 48 2
95 48 2
96 48 2
1 49 2
2 49 2
3 49 2
4 49 2
5 49 2
6 49 2
7 49 2
8 49 2
9 49 2
10 49 2
11 49 2
12 49 2
13 49 2
14 49 2
15 49 2
16 49 2
17 49 2
18 49 2
19 49 2
20 49 2
21 49 2
22 49 2
23 49 2
24 49 2
25 49 2
26 49 2
27 49 2
28 49 2
29 49 2
30 49 2
31 49 2
32 49 2
33 49 2
34 49 2
35 49 2
36 49 2
37 49 2
38 49 2
39 49 2
40 49 2
41 49 2
42 49 2
43 49 2
44 49 2
45 49 2
46 49 2
47 49 2
48 49 2
49 49 2
50 49 2
51 49 2
52 49 2
53 49 2
54 49 2
55 49 2
56 49 2
57 49 2
58 49 2
59 49 2
60 49 2
61 49 2
62 49 2
63 49 2
64 49 2
65 49 2
66 49 2
67 49 2
68 49 2
69 49 2
70 49 2
71 49 2
72 49 2
73 49 2
74 49 2
75 49 2
76 49 2
77 49 2
78 49 2
79 49 2
80 49 2
81 49 2
82 49 2
83 49 2
84 49 2
85 49 2
86 49 2
87 49 2
88 49 2
89 49 2
90 49 2
91 49 2
92 49 2
93 49 2
94 49 2
95 49 2
96 49 2
1 50 2
2 50 2
3 50 2
4 50 2
5 50 2
6 50 2
7 50 2
8 50 2
9 50 2
10 50 2
11 50 2
12 50 2
13 50 2
14 50 2
15 50 2
16 50 2
17 50 2
18 50 2
19 50 2
20 50 2
21 50 2
22 50 2
23 50 2
24 50 2
25 50 2
26 50 2
27 50 2
28 50 2
29 50 2
30 50 2
31 50 2
32 50 2
33 50 2
34 50 2
35 50 2
36 50 2
37 50 2
38 50 2
39 50 2
40 50 2
41 50 2
42 50 2
43 50 2
44 50 2
45 50 2
46 50 2
47 50 2
48 50 2
49 50 2
50 50 2
51 50 2
52 50 2
53 50 2
54 50 2
55 50 2
56 50 2
57 50 2
58 50 2
59 50 2
60 50 2
61 50 2
62 50 2
63 50 2
64 50 2
65 50 2
66 50 2
67 50 2
68 50 2
69 50 2
70 50 2
71 50 2
72 50 2
73 50 2
74 50 2
75 50 2
76 50 2
77 50 2
78 50 2
79 50 2
80 50 2
81 50 2
82 50 2
83 50 2
84 50 2
85 50 2
86 50 2
87 50 2
88 50 2
89 50 2
90 50 2
91 50 2
92 50 2
93 50 2
94 50 2
95 50 2
96 50 2
1 51 2
2 51 2
3 51 2
4 51 2
5 51 2
6 51 2
7 51 2
8 51 2
9 51 2
10 51 2
11 51 2
12 51 2
13 51 2
14 51 2
15 51 2
16 51 2
17 51 2
18 51 2
19 51 2
20 51 2
21 51 2
22 51 2
23 51 2
24 51 2
25 51 2
26 51 2
27 51 2
28 51 2
29 51 2
30 51 2
31 51 2
32 51 2
33 51 2
34 51 2
35 51 2
36 51 2
37 51 2
38 51 2
39 51 2
40 51 2
41 51 2
42 51 2
43 51 2
44 51 2
45 51 2
46 51 2
47 51 2
48 51 2
49 51 2
50 51 2
51 51 2
52 51 2
53 51 2
54 51 2
57 51 2
58 51 2
59 51 2
60 51 2
61 51 2
62 51 2
63 51 2
64 51 2
65 51 2
66 51 2
67 51 2
68 51 2
69 51 2
70 51 2
71 51 2
72 51 2
73 51 2
74 51 2
75 51 2
76 51 2
77 51 2
78 51 2
79 51 2
80 51 2
81 51 2
82 51 2
83 51 2
84 51 2
85 51 2
86 51 2
87 51 2
88 51 2
89 51 2
90 51 2
91 51 2
92 51 2
93 51 2
94 51 2
95 51 2
96 51 2
1 52 2
2 52 2
3 52 2
4 52 2
5 52 2
6 52 2
7 52 2
8 52 2
9 52 2
10 52 2
11 52 2
12 52 2
13 52 2
14 52 2
15 52 2
16 52 2
17 52 2
18 52 2
19 52 2
20 52 2
21 52 2
22 52 2
23 52 2
24 52 2
25 52 2
26 52 2
27 52 2
28 52 2
29 52 2
30 52 2
31 52 2
32 52 2
33 52 2
34 52 2
35 52 2
36 52 2
37 52 2
38 52 2
39 52 2
40 52 2
41 52 2
42 52 2
43 52 2
44 52 2
45 52 2
46 52 2
47 52 2
48 52 2
49 52 2
50 52 2
51 52 2
52 52 2
53 52 2
54 52 2
57 52 2
58 52 2
59 52 2
60 52 2
61 52 2
62 52 2
63 52 2
64 52 2
65 52 2
66 52 2
67 52 2
68 52 2
69 52 2
70 52 2
71 52 2
72 52 2
73 52 2
74 52 2
75 52 2
76 52 2
77 52 2
78 52 2
79 52 2
80 52 2
81 52 2
82 52 2
83 52 2
84 52 2
85 52 2
86 52 2
87 52 2
88 52 2
89 52 2
90 52 2
91 52 2
92 52 2
93 52 2
94 52 2
95 52 2
96 52 2
1 53 2
2 53 2
3 53 2
4 53 2
5 53 2
6 53 2
7 53 2
10 53 2
11 53 2
12 53 2
13 53 2
14 53 2
15 53 2
16 53 2
17 53 2
18 53 2
19 53 2
20 53 2
21 53 2
22 53 2
23 53 2
24 53 2
25 53 2
26 53 2
27 53 2
28 53 2
29 53 2
30 53 2
31 53 2
32 53 2
33 53 2
34 53 2
35 53 2
36 53 2
37 53 2
38 53 2
39 53 2
40 53 2
41 53 2
42 53 2
43 53 2
44 53 2
45 53 2
46 53 2
47 53 2
48 53 2
49 53 2
50 53 2
51 53 2
52 53 2
53 53 2
54 53 2
55 53 2
56 53 2
57 53 2
58 53 2
59 53 2
60 53 2
61 53 2
62 53 2
63 53 2
64 53 2
65 53 2
66 53 2
67 53 2
68 53 2
69 53 2
70 53 2
71 53 2
72 53 2
73 53 2
74 53 2
75 53 2
76 53 2
77 53 2
78 53 2
79 53 2
80 53 2
81 53 2
82 53 2
83 53 2
84 53 2
85 53 2
86 53 2
87 53 2
88 53 2
89 53 2
90 53 2
91 53 2
92 53 2
93 53 2
94 53 2
95 53 2
96 53 2
1 54 2
2 54 2
3 54 2
4 54 2
5 54 2
6 54 2
7 54 2
10 54 2
11 54 2
12 54 2
13 54 2
14 54 2
15 54 2
16 54 2
17 54 2
18 54 2
19 54 2
20 54 2
21 54 2
22 54 2
23 54 2
24 54 2
25 54 2
26 54 2
27 54 2
28 54 2
29 54 2
30 54 2
31 54 2
32 54 2
33 54 2
34 54 2
35 54 2
36 54 2
37 54 2
38 54 2
39 54 2
40 54 2
41 54 2
42 54 2
43 54 2
44 54 2
45 54 2
46 54 2
47 54 2
48 54 2
49 54 2
50 54 2
51 54 2
52 54 2
53 54 2
54 54 2
55 54 2
56 54 2
57 54 2
58 54 2
59 54 2
60 54 2
61 54 2
62 54 2
63 54 2
64 54 2
65 54 2
66 54 2
67 54 2
68 54 2
69 54 2
70 54 2
71 54 2
72 54 2
73 54 2
74 54 2
75 54 2
76 54 2
77 54 2
78 54 2
79 54 2
82 54 2
83 54 2
84 54 2
85 54 2
86 54 2
87 54 2
88 54 2
89 54 2
90 54 2
91 54 2
92 54 2
93 54 2
94 54 2
95 54 2
96 54 2
1 55 2
2 55 2
3 55 2
4 55 2
5 55 2
6 55 2
7 55 2
8 55 2
9 55 2
10 55 2
11 55 2
12 55 2
13 55 2
14 55 2
15 55 2
16 55 2
17 55 2
18 55 2
19 55 2
20 55 2
21 55 2
22 55 2
23 55 2
24 55 2
25 55 2
26 55 2
27 55 2
28 55 2
29 55 2
30 55 2
31 55 2
32 55 2
33 55 2
34 55 2
35 55 2
36 55 2
37 55 2
38 55 2
39 55 2
40 55 2
41 55 2
42 55 2
43 55 2
44 55 2
45 55 2
46 55 2
47 55 2
48 55 2
49 55 2
50 55 2
51 55 2
52 55 2
53 55 2
54 55 2
55 55 2
56 55 2
57 55 2
58 55 2
59 55 2
60 55 2
61 55 2
62 55 2
63 55 2
64 55 2
65 55 2
66 55 2
67 55 2
68 55 2
69 55 2
70 55 2
71 55 2
72 55 2
73 55 2
74 55 2
75 55 2
76 55 2
77 55 2
78 55 2
79 55 2
82 55 2
83 55 2
84 55 2
85 55 2
86 55 2
87 55 2
88 55 2
89 55 2
90 55 2
91 55 2
92 55 2
93 55 2
94 55 2
95 55 2
96 55 2
1 56 2
2 56 2
3 56 2
4 56 2
5 56 2
6 56 2
7 56 2
8 56 2
9 56 2
10 56 2
11 56 2
12 56 2
13 56 2
14 56 2
15 56 2
16 56 2
17 56 2
18 56 2
19 56 2
20 56 2
21 56 2
22 56 2
23 56 2
24 56 2
25 56 2
26 56 2
27 56 2
28 56 2
29 56 2
30 56 2
31 56 2
32 56 2
33 56 2
34 56 2
35 56 2
36 56 2
37 56 2
38 56 2
39 56 2
40 56 2
41 56 2
42 56 2
43 56 2
44 56 2
45 56 2
46 56 2
47 56 2
48 56 2
49 56 2
50 56 2
51 56 2
52 56 2
53 56 2
54 56 2
55 56 2
56 56 2
57 56 2
58 56 2
59 56 2
60 56 2
61 56 2
62 56 2
63 56 2
64 56 2
65 56 2
66 56 2
67 56 2
68 56 2
69 56 2
70 56 2
71 56 2
72 56 2
73 56 2
74 56 2
75 56 2
76 56 2
77 56 2
78 56 2
79 56 2
80 56 2
81 56 2
82 56 2
83 56 2
84 56 2
85 56 2
86 56 2
87 56 2
88 56 2
89 56 2
90 56 2
91 56 2
92 56 2
93 56 2
94 56 2
95 56 2
96 56 2
1 57 2
2 57 2
3 57 2
4 57 2
5 57 2
6 57 2
7 57 2
8 57 2
9 57 2
10 57 2
11 57 2
12 57 2
13 57 2
14 57 2
15 57 2
16 57 2
17 57 2
18 57 2
19 57 2
20 57 2
21 57 2
22 57 2
23 57 2
24 57 2
25 57 2
26 57 2
27 57 2
28 57 2
29 57 2
30 57 2
31 57 2
32 57 2
33 57 2
34 57 2
35 57 2
36 57 2
37 57 2
38 57 2
39 57 2
40 57 2
41 57 2
42 57 2
43 57 2
44 57 2
45 57 2
46 57 2
47 57 2
48 57 2
49 57 2
50 57 2
51 57 2
52 57 2
53 57 2
54 57 2
55 57 2
56 57 2
57 57 2
58 57 2
59 57 2
60 57 2
61 57 2
62 57 2
63 57 2
64 57 2
65 57 2
66 57 2
67 57 2
68 57 2
69 57 2
70 57 2
71 57 2
72 57 2
73 57 2
74 57 2
75 57 2
76 57 2
77 57 2
78 57 2
79 57 2
80 57 2
81 57 2
82 57 2
83 57 2
84 57 2
85 57 2
86 57 2
87 57 2
88 57 2
89 57 2
90 57 2
91 57 2
92 57 2
93 57 2
94 57 2
95 57 2
96 57 2
1 58 2
2 58 2
3 58 2
4 58 2
5 58 2
6 58 2
7 58 2
8 58 2
9 58 2
10 58 2
11 58 2
12 58 2
13 58 2
14 58 2
15 58 2
16 58 2
17 58 2
18 58 2
19 58 2
20 58 2
21 58 2
22 58 2
23 58 2
24 58 2
25 58 2
26 58 2
27 58 2
28 58 2
29 58 2
30 58 2
31 58 2
32 58 2
33 58 2
34 58 2
35 58 2
36 58 2
37 58 2
38 58 2
39 58 2
40 58 2
41 58 2
42 58 2
43 58 2
44 58 2
45 58 2
46 58 2
47 58 2
48 58 2
49 58 2
50 58 2
51 58 2
52 58 2
53 58 2
54 58 2
55 58 2
56 58 2
57 58 2
58 58 2
59 58 2
60 58 2
61 58 2
62 58 2
63 58 2
64 58 2
65 58 2
66 58 2
67 58 2
68 58 2
69 58 2
70 58 2
71 58 2
72 58 2
73 58 2
74 58 2
75 58 2
76 58 2
77 58 2
78 58 2
79 58 2
80 58 2
81 58 2
82 58 2
83 58 2
84 58 2
85 58 2
86 58 2
87 58 2
88 58 2
89 58 2
90 58 2
91 58 2
92 58 2
93 58 2
94 58 2
95 58 2
96 58 2
1 59 2
2 59 2
3 59 2
4 59 2
5 59 2
6 59 2
7 59 2
8 59 2
9 59 2
10 59 2
11 59 2
12 59 2
13 59 2
14 59 2
15 59 2
16 59 2
17 59 2
18 59 2
19 59 2
20 59 2
21 59 2
22 59 2
23 59 2
24 59 2
25 59 2
26 59 2
27 59 2
28 59 2
29 59 2
30 59 2
31 59 2
32 59 2
33 59 2
34 59 2
35 59 2
36 59 2
37 59 2
38 59 2
39 59 2
40 59 2
41 59 2
42 59 2
43 59 2
44 59 2
45 59 2
46 59 2
47 59 2
48 59 2
49 59 2
50 59 2
51 59 2
52 59 2
53 59 2
54 59 2
55 59 2
56 59 2
57 59 2
58 59 2
59 59 2
60 59 2
61 59 2
62 59 2
63 59 2
64 59 2
65 59 2
66 59 2
67 59 2
68 59 2
69 59 2
70 59 2
71 59 2
72 59 2
73 59 2
74 59 2
75 59 2
76 59 2
77 59 2
78 59 2
79 59 2
80 59 2
81 59 2
82 59 2
83 59 2
84 59 2
85 59 2
86 59 2
87 59 2
88 59 2
89 59 2
90 59 2
91 59 2
92 59 2
93 59 2
94 59 2
95 59 2
96 59 2
1 60 2
2 60 2
3 60 2
4 60 2
5 60 2
6 60 2
7 60 2
8 60 2
9 60 2
10 60 2
11 60 2
12 60 2
13 60 2
14 60 2
15 60 2
16 60 2
17 60 2
18 60 2
19 60 2
20 60 2
21 60 2
22 60 2
23 60 2
24 60 2
25 60 2
26 60 2
27 60 2
28 60 2
29 60 2
30 60 2
31 60 2
32 60 2
33 60 2
34 60 2
35 60 2
36 60 2
37 60 2
38 60 2
39 60 2
40 60 2
41 60 2
42 60 2
43 60 2
44 60 2
45 60 2
46 60 2
47 60 2
48 60 2
49 60 2
50 60 2
51 60 2
52 60 2
53 60 2
54 60 2
55 60 2
56 60 2
57 60 2
58 60 2
59 60 2
60 60 2
61 60 2
62 60 2
63 60 2
64 60 2
65 60 2
66 60 2
67 60 2
68 60 2
69 60 2
70 60 2
71 60 2
72 60 2
73 60 2
74 60 2
75 60 2
76 60 2
77 60 2
78 60 2
79 60 2
80 60 2
81 60 2
82 60 2
83 60 2
84 60 2
85 60 2
86 60 2
87 60 2
88 60 2
89 60 2
90 60 2
91 60 2
92 60 2
93 60 2
94 60 2
95 60 2
96 60 2
1 61 2
2 61 2
3 61 2
4 61 2
5 61 2
6 61 2
7 61 2
8 61 2
9 61 2
10 61 2
11 61 2
12 61 2
13 61 2
14 61 2
15 61 2
16 61 2
17 61 2
18 61 2
19 61 2
20 61 2
21 61 2
22 61 2
23 61 2
24 61 2
25 61 2
26 61 2
27 61 2
28 61 2
29 61 2
30 61 2
31 61 2
32 61 2
33 61 2
34 61 2
35 61 2
36 61 2
37 61 2
38 61 2
39 61 2
40 61 2
41 61 2
42 61 2
43 61 2
44 61 2
45 61 2
46 61 2
47 61 2
48 61 2
49 61 2
50 61 2
51 61 2
52 61 2
53 61 2
54 61 2
55 61 2
56 61 2
57 61 2
58 61 2
59 61 2
60 61 2
61 61 2
62 61 2
63 61 2
64 61 2
65 61 2
66 61 2
67 61 2
68 61 2
69 61 2
70 61 2
71 61 2
72 61 2
73 61 2
74 61 2
75 61 2
76 61 2
77 61 2
78 61 2
79 61 2
80 61 2
81 61 2
82 61 2
83 61 2
84 61 2
85 61 2
86 61 2
89 61 2
90 61 2
91 61 2
92 61 2
93 61 2
94 61 2
95 61 2
96 61 2
1 62 2
2 62 2
3 62 2
4 62 2
5 62 2
6 62 2
7 62 2
8 62 2
9 62 2
10 62 2
11 62 2
12 62 2
13 62 2
14 62 2
15 62 2
16 62 2
17 62 2
18 62 2
19 62 2
20 62 2
21 62 2
22 62 2
23 62 2
24 62 2
25 62 2
26 62 2
27 62 2
28 62 2
29 62 2
30 62 2
31 62 2
32 62 2
33 62 2
34 62 2
35 62 2
36 62 2
37 62 2
38 62 2
39 62 2
40 62 2
41 62 2
42 62 2
43 62 2
44 62 2
45 62 2
46 62 2
47 62 2
48 62 2
49 62 2
50 62 2
51 62 2
52 62 2
53 62 2
54 62 2
55 62 2
56 62 2
57 62 2
58 62 2
59 62 2
60 62 2
61 62 2
62 62 2
63 62 2
64 62 2
65 62 2
66 62 2
67 62 2
68 62 2
69 62 2
70 62 2
71 62 2
72 62 2
73 62 2
74 62 2
75 62 2
76 62 2
77 62 2
78 62 2
79 62 2
80 62 2
81 62 2
82 62 2
83 62 2
84 62 2
85 62 2
86 62 2
89 62 2
90 62 2
91 62 2
92 62 2
93 62 2
94 62 2
95 62 2
96 62 2
1 63 2
2 63 2
3 63 2
4 63 2
5 63 2
6 63 2
7 63 2
8 63 2
9 63 2
10 63 2
11 63 2
14 63 2
15 63 2
16 63 2
17 63 2
18 63 2
19 63 2
20 63 2
21 63 2
22 63 2
23 63 2
24 63 2
25 63 2
26 63 2
27 63 2
28 63 2
29 63 2
30 63 2
31 63 2
32 63 2
33 63 2
34 63 2
35 63 2
36 63 2
37 63 2
38 63 2
39 63 2
40 63 2
41 63 2
42 63 2
43 63 2
44 63 2
45 63 2
46 63 2
47 63 2
48 63 2
49 63 2
50 63 2
51 63 2
52 63 2
53 63 2
54 63 2
55 63 2
56 63 2
57 63 2
58 63 2
59 63 2
60 63 2
61 63 2
62 63 2
63 63 2
64 63 2
65 63 2
66 63 2
67 63 2
68 63 2
69 63 2
70 63 2
71 63 2
72 63 2
73 63 2
74 63 2
75 63 2
76 63 2
77 63 2
78 63 2
79 63 2
80 63 2
81 63 2
82 63 2
83 63 2
84 63 2
85 63 2
86 63 2
87 63 2
88 63 2
89 63 2
90 63 2
91 63 2
92 63 2
93 63 2
94 63 2
95 63 2
96 63 2
1 64 2
2 64 2
3 64 2
4 64 2
5 64 2
6 64 2
7 64 2
8 64 2
9 64 2
10 64 2
11 64 2
14 64 2
15 64 2
16 64 2
17 64 2
18 64 2
19 64 2
20 64 2
21 64 2
22 64 2
23 64 2
24 64 2
25 64 2
26 64 2
27 64 2
28 64 2
29 64 2
30 64 2
31 64 2
32 64 2
33 64 2
34 64 2
35 64 2
36 64 2
37 64 2
38 64 2
39 64 2
40 64 2
41 64 2
42 64 2
43 64 2
44 64 2
45 64 2
46 64 2
47 64 2
48 64 2
49 64 2
50 64 2
51 64 2
52 64 2
53 64 2
54 64 2
55 64 2
56 64 2
57 64 2
58 64 2
59 64 2
60 64 2
61 64 2
62 64 2
63 64 2
64 64 2
65 64 2
66 64 2
67 64 2
68 64 2
69 64 2
70 64 2
71 64 2
72 64 2
73 64 2
74 64 2
75 64 2
76 64 2
77 64 2
78 64 2
79 64 2
80 64 2
81 64 2
82 64 2
83 64 2
84 64 2
85 64 2
86 64 2
87 64 2
88 64 2
89 64 2
90 64 2
91 64 2
92 64 2
93 64 2
94 64 2
95 64 2
96 64 2
1 65 2
2 65 2
3 65 2
4 65 2
5 65 2
6 65 2
7 65 2
8 65 2
9 65 2
10 65 2
11 65 2
12 65 2
13 65 2
14 65 2
15 65 2
16 65 2
17 65 2
18 65 2
19 65 2
20 65 2
21 65 2
22 65 2
23 65 2
24 65 2
25 65 2
26 65 2
27 65 2
28 65 2
29 65 2
30 65 2
31 65 2
32 65 2
33 65 2
34 65 2
35 65 2
36 65 2
37 65 2
38 65 2
39 65 2
40 65 2
41 65 2
42 65 2
43 65 2
44 65 2
45 65 2
46 65 2
47 65 2
48 65 2
49 65 2
50 65 2
51 65 2
52 65 2
53 65 2
54 65 2
55 65 2
58 65 2
59 65 2
60 65 2
61 65 2
62 65 2
63 65 2
64 65 2
65 65 2
66 65 2
67 65 2
68 65 2
69 65 2
70 65 2
71 65 2
72 65 2
73 65 2
74 65 2
75 65 2
76 65 2
77 65 2
78 65 2
79 65 2
80 65 2
81 65 2
82 65 2
83 65 2
84 65 2
85 65 2
86 65 2
87 65 2
88 65 2
89 65 2
90 65 2
91 65 2
92 65 2
93 65 2
94 65 2
95 65 2
96 65 2
1 66 2
2 66 2
3 66 2
4 66 2
5 66 2
6 66 2
7 66 2
8 66 2
9 66 2
10 66 2
11 66 2
12 66 2
13 66 2
14 66 2
15 66 2
16 66 2
17 66 2
18 66 2
19 66 2
20 66 2
21 66 2
22 66 2
23 66 2
24 66 2
25 66 2
26 66 2
27 66 2
28 66 2
29 66 2
30 66 2
31 66 2
32 66 2
33 66 2
34 66 2
35 66 2
36 66 2
37 66 2
38 66 2
39 66 2
40 66 2
41 66 2
42 66 2
43 66 2
44 66 2
45 66 2
46 66 2
47 66 2
48 66 2
49 66 2
50 66 2
51 66 2
52 66 2
53 66 2
54 66 2
55 66 2
58 66 2
59 66 2
60 66 2
61 66 2
62 66 2
63 66 2
64 66 2
65 66 2
66 66 2
67 66 2
68 66 2
69 66 2
70 66 2
71 66 2
72 66 2
73 66 2
74 66 2
75 66 2
76 66 2
77 66 2
78 66 2
79 66 2
80 66 2
81 66 2
82 66 2
83 66 2
84 66 2
85 66 2
86 66 2
87 66 2
88 66 2
89 66 2
90 66 2
91 66 2
92 66 2
93 66 2
94 66 2
95 66 2
96 66 2
1 67 2
2 67 2
3 67 2
4 67 2
5 67 2
6 67 2
7 67 2
8 67 2
9 67 2
10 67 2
11 67 2
12 67 2
13 67 2
14 67 2
15 67 2
16 67 2
17 67 2
18 67 2
19 67 2
20 67 2
21 67 2
22 67 2
23 67 2
24 67 2
25 67 2
26 67 2
27 67 2
28 67 2
29 67 2
30 67 2
31 67 2
32 67 2
33 67 2
34 67 2
35 67 2
36 67 2
37 67 2
38 67 2
39 67 2
40 67 2
41 67 2
42 67 2
43 67 2
44 67 2
45 67 2
46 67 2
47 67 2
48 67 2
49 67 2
50 67 2
51 67 2
52 67 2
53 67 2
54 67 2
55 67 2
56 67 2
57 67 2
58 67 2
59 67 2
60 67 2
61 67 2
62 67 2
63 67 2
64 67 2
65 67 2
66 67 2
67 67 2
68 67 2
69 67 2
70 67 2
71 67 2
72 67 2
73 67 2
74 67 2
75 67 2
76 67 2
77 67 2
78 67 2
79 67 2
80 67 2
81 67 2
82 67 2
83 67 2
84 67 2
85 67 2
86 67 2
87 67 2
88 67 2
89 67 2
90 67 2
91 67 2
92 67 2
93 67 2
94 67 2
95 67 2
96 67 2
1 68 2
2 68 2
3 68 2
4 68 2
5 68 2
6 68 2
7 68 2
8 68 2
9 68 2
10 68 2
11 68 2
12 68 2
13 68 2
14 68 2
15 68 2
16 68 2
17 68 2
18 68 2
19 68 2
20 68 2
21 68 2
22 68 2
23 68 2
24 68 2
25 68 2
26 68 2
27 68 2
28 68 2
29 68 2
30 68 2
31 68 2
32 68 2
33 68 2
34 68 2
35 68 2
36 68 2
37 68 2
38 68 2
39 68 2
40 68 2
41 68 2
42 68 2
43 68 2
44 68 2
45 68 2
46 68 2
47 68 2
48 68 2
49 68 2
50 68 2
51 68 2
52 68 2
53 68 2
54 68 2
55 68 2
56 68 2
57 68 2
58 68 2
59 68 2
60 68 2
61 68 2
62 68 2
63 68 2
64 68 2
65 68 2
66 68 2
67 68 2
68 68 2
69 68 2
70 68 2
71 68 2
72 68 2
73 68 2
74 68 2
75 68 2
76 68 2
77 68 2
78 68 2
79 68 2
80 68 2
81 68 2
82 68 2
83 68 2
84 68 2
85 68 2
86 68 2
87 68 2
88 68 2
89 68 2
90 68 2
91 68 2
92 68 2
93 68 2
94 68 2
95 68 2
96 68 2
1 69 2
2 69 2
3 69 2
4 69 2
5 69 2
6 69 2
7 69 2
8 69 2
9 69 2
10 69 2
11 69 2
12 69 2
13 69 2
14 69 2
15 69 2
16 69 2
17 69 2
18 69 2
19 69 2
20 69 2
21 69 2
22 69 2
23 69 2
24 69 2
25 69 2
26 69 2
27 69 2
28 69 2
29 69 2
30 69 2
31 69 2
32 69 2
33 69 2
34 69 2
35 69 2
36 69 2
37 69 2
38 69 2
39 69 2
40 69 2
41 69 2
42 69 2
43 69 2
44 69 2
45 69 2
46 69 2
47 69 2
48 69 2
49 69 2
50 69 2
51 69 2
52 69 2
53 69 2
54 69 2
55 69 2
56 69 2
57 69 2
58 69 2
59 69 2
60 69 2
61 69 2
62 69 2
63 69 2
64 69 2
65 69 2
66 69 2
67 69 2
68 69 2
69 69 2
70 69 2
71 69 2
72 69 2
73 69 2
74 69 2
75 69 2
76 69 2
77 69 2
78 69 2
79 69 2
80 69 2
81 69 2
82 69 2
83 69 2
84 69 2
85 69 2
86 69 2
87 69 2
88 69 2
89 69 2
90 69 2
91 69 2
92 69 2
93 69 2
94 69 2
95 69 2
96 69 2
1 70 2
2 70 2
3 70 2
4 70 2
5 70 2
6 70 2
7 70 2
8 70 2
9 70 2
10 70 2
11 70 2
12 70 2
13 70 2
14 70 2
15 70 2
16 70 2
17 70 2
18 70 2
19 70 2
20 70 2
21 70 2
22 70 2
23 70 2
24 70 2
25 70 2
26 70 2
27 70 2
28 70 2
29 70 2
30 70 2
31 70 2
32 70 2
33 70 2
34 70 2
35 70 2
36 70 2
37 70 2
38 70 2
39 70 2
40 70 2
41 70 2
42 70 2
43 70 2
44 70 2
45 70 2
46 70 2
47 70 2
48 70 2
49 70 2
50 70 2
51 70 2
52 70 2
53 70 2
54 70 2
55 70 2
56 70 2
57 70 2
58 70 2
59 70 2
60 70 2
61 70 2
62 70 2
63 70 2
64 70 2
65 70 2
66 70 2
67 70 2
68 70 2
69 70 2
70 70 2
71 70 2
72 70 2
73 70 2
74 70 2
75 70 2
76 70 2
77 70 2
78 70 2
79 70 2
80 70 2
81 70 2
82 70 2
83 70 2
84 70 2
85 70 2
86 70 2
87 70 2
88 70 2
89 70 2
90 70 2
91 70 2
92 70 2
93 70 2
94 70 2
95 70 2
96 70 2
1 71 2
2 71 2
3 71 2
4 71 2
5 71 2
6 71 2
7 71 2
8 71 2
9 71 2
10 71 2
11 71 2
12 71 2
13 71 2
14 71 2
15 71 2
16 71 2
17 71 2
18 71 2
19 71 2
20 71 2
21 71 2
22 71 2
23 71 2
24 71 2
25 71 2
26 71 2
27 71 2
28 71 2
29 71 2
30 71 2
31 71 2
32 71 2
33 71 2
34 71 2
35 71 2
36 71 2
37 71 2
38 71 2
39 71 2
40 71 2
41 71 2
42 71 2
43 71 2
44 71 2
45 71 2
46 71 2
47 71 2
48 71 2
49 71 2
50 71 2
51 71 2
52 71 2
53 71 2
54 71 2
55 71 2
56 71 2
57 71 2
58 71 2
59 71 2
60 71 2
61 71 2
62 71 2
63 71 2
64 71 2
65 71 2
66 71 2
67 71 2
68 71 2
69 71 2
70 71 2
71 71 2
72 71 2
73 71 2
74 71 2
75 71 2
76 71 2
77 71 2
78 71 2
79 71 2
80 71 2
81 71 2
82 71 2
83 71 2
84 71 2
85 71 2
86 71 2
87 71 2
88 71 2
89 71 2
90 71 2
91 71 2
92 71 2
93 71 2
94 71 2
95 71 2
96 71 2
1 72 2
2 72 2
3 72 2
4 72 2
5 72 2
6 72 2
7 72 2
8 72 2
9 72 2
10 72 2
11 72 2
12 72 2
13 72 2
14 72 2
15 72 2
16 72 2
17 72 2
18 72 2
19 72 2
20 72 2
21 72 2
22 72 2
23 72 2
24 72 2
25 72 2
26 72 2
27 72 2
28 72 2
29 72 2
30 72 2
31 72 2
32 72 2
33 72 2
34 72 2
35 72 2
36 72 2
37 72 2
38 72 2
39 72 2
40 72 2
41 72 2
42 72 2
43 72 2
44 72 2
45 72 2
46 72 2
47 72 2
48 72 2
49 72 2
50 72 2
51 72 2
52 72 2
53 72 2
54 72 2
55 72 2
56 72 2
57 72 2
58 72 2
59 72 2
60 72 2
61 72 2
62 72 2
63 72 2
64 72 2
65 72 2
66 72 2
67 72 2
68 72 2
69 72 2
70 72 2
71 72 2
72 72 2
73 72 2
74 72 2
75 72 2
76 72 2
77 72 2
78 72 2
79 72 2
80 72 2
81 72 2
82 72 2
83 72 2
84 72 2
85 72 2
86 72 2
87 72 2
88 72 2
89 72 2
90 72 2
91 72 2
92 72 2
93 72 2
94 72 2
95 72 2
96 72 2
1 73 2
2 73 2
3 73 2
4 73 2
5 73 2
6 73 2
7 73 2
8 73 2
9 73 2
10 73 2
11 73 2
12 73 2
13 73 2
14 73 2
15 73 2
16 73 2
17 73 2
18 73 2
19 73 2
20 73 2
21 73 2
22 73 2
23 73 2
24 73 2
25 73 2
26 73 2
27 73 2
28 73 2
29 73 2
30 73 2
31 73 2
32 73 2
33 73 2
34 73 2
35 73 2
36 73 2
37 73 2
38 73 2
39 73 2
40 73 2
43 73 2
44 73 2
45 73 2
46 73 2
47 73 2
48 73 2
49 73 2
50 73 2
51 73 2
52 73 2
53 73 2
54 73 2
55 73 2
56 73 2
57 73 2
58 73 2
59 73 2
60 73 2
61 73 2
62 73 2
63 73 2
64 73 2
65 73 2
66 73 2
67 73 2
68 73 2
69 73 2
70 73 2
71 73 2
72 73 2
73 73 2
74 73 2
75 73 2
76 73 2
77 73 2
78 73 2
79 73 2
80 73 2
81 73 2
82 73 2
83 73 2
84 73 2
85 73 2
86 73 2
87 73 2
88 73 2
89 73 2
90 73 2
91 73 2
92 73 2
93 73 2
94 73 2
95 73 2
96 73 2
1 74 2
2 74 2
3 74 2
4 74 2
5 74 2
6 74 2
7 74 2
8 74 2
9 74 2
10 74 2
11 74 2
12 74 2
13 74 2
14 74 2
15 74 2
16 74 2
17 74 2
18 74 2
19 74 2
20 74 2
21 74 2
22 74 2
23 74 2
24 74 2
25 74 2
26 74 2
27 74 2
28 74 2
29 74 2
30 74 2
31 74 2
32 74 2
33 74 2
34 74 2
35 74 2
36 74 2
37 74 2
38 74 2
39 74 2
40 74 2
43 74 2
44 74 2
45 74 2
46 74 2
47 74 2
48 74 2
49 74 2
50 74 2
51 74 2
52 74 2
53 74 2
54 74 2
55 74 2
56 74 2
57 74 2
58 74 2
59 74 2
60 74 2
61 74 2
62 74 2
63 74 2
64 74 2
65 74 2
66 74 2
67 74 2
68 74 2
69 74 2
70 74 2
71 74 2
72 74 2
73 74 2
74 74 2
75 74 2
76 74 2
77 74 2
78 74 2
79 74 2
80 74 2
81 74 2
82 74 2
83 74 2
84 74 2
85 74 2
86 74 2
87 74 2
88 74 2
89 74 2
90 74 2
91 74 2
92 74 2
93 74 2
94 74 2
95 74 2
96 74 2
1 75 2
2 75 2
3 75 2
4 75 2
5 75 2
6 75 2
7 75 2
8 75 2
9 75 2
10 75 2
11 75 2
12 75 2
13 75 2
14 75 2
15 75 2
16 75 2
17 75 2
18 75 2
19 75 2
20 75 2
21 75 2
22 75 2
23 75 2
24 75 2
25 75 2
26 75 2
27 75 2
28 75 2
29 75 2
30 75 2
31 75 2
32 75 2
33 75 2
34 75 2
35 75 2
36 75 2
37 75 2
38 75 2
39 75 2
40 75 2
41 75 2
42 75 2
43 75 2
44 75 2
45 75 2
46 75 2
47 75 2
48 75 2
49 75 2
50 75 2
51 75 2
52 75 2
53 75 2
54 75 2
55 75 2
56 75 2
57 75 2
58 75 2
59 75 2
60 75 2
61 75 2
62 75 2
63 75 2
64 75 2
65 75 2
66 75 2
67 75 2
68 75 2
69 75 2
70 75 2
71 75 2
72 75 2
73 75 2
74 75 2
75 75 2
76 75 2
77 75 2
78 75 2
79 75 2
80 75 2
81 75 2
82 75 2
83 75 2
84 75 2
85 75 2
86 75 2
87 75 2
88 75 2
89 75 2
90 75 2
91 75 2
92 75 2
93 75 2
94 75 2
95 75 2
96 75 2
1 76 2
2 76 2
3 76 2
4 76 2
5 76 2
6 76 2
7 76 2
8 76 2
11 76 2
12 76 2
13 76 2
14 76 2
15 76 2
16 76 2
17 76 2
18 76 2
19 76 2
20 76 2
21 76 2
22 76 2
23 76 2
24 76 2
25 76 2
26 76 2
27 76 2
28 76 2
29 76 2
30 76 2
31 76 2
32 76 2
33 76 2
34 76 2
35 76 2
36 76 2
37 76 2
38 76 2
39 76 2
40 76 2
41 76 2
42 76 2
43 76 2
44 76 2
45 76 2
46 76 2
47 76 2
48 76 2
49 76 2
50 76 2
51 76 2
52 76 2
53 76 2
54 76 2
55 76 2
56 76 2
57 76 2
58 76 2
59 76 2
60 76 2
61 76 2
62 76 2
63 76 2
64 76 2
65 76 2
66 76 2
67 76 2
68 76 2
69 76 2
70 76 2
71 76 2
72 76 2
73 76 2
74 76 2
75 76 2
76 76 2
77 76 2
78 76 2
79 76 2
82 76 2
83 76 2
84 76 2
85 76 2
86 76 2
87 76 2
88 76 2
89 76 2
90 76 2
91 76 2
92 76 2
93 76 2
94 76 2
95 76 2
96 76 2
1 77 2
2 77 2
3 77 2
4 77 2
5 77 2
6 77 2
7 77 2
8 77 2
11 77 2
12 77 2
13 77 2
14 77 2
15 77 2
16 77 2
17 77 2
18 77 2
19 77 2
20 77 2
21 77 2
22 77 2
23 77 2
24 77 2
25 77 2
26 77 2
27 77 2
28 77 2
29 77 2
30 77 2
31 77 2
32 77 2
33 77 2
34 77 2
35 77 2
36 77 2
37 77 2
38 77 2
39 77 2
40 77 2
41 77 2
42 77 2
43 77 2
44 77 2
45 77 2
46 77 2
47 77 2
48 77 2
49 77 2
50 77 2
51 77 2
52 77 2
53 77 2
54 77 2
55 77 2
56 77 2
57 77 2
58 77 2
61 77 2
62 77 2
63 77 2
64 77 2
65 77 2
66 77 2
67 77 2
68 77 2
69 77 2
70 77 2
71 77 2
72 77 2
73 77 2
74 77 2
75 77 2
76 77 2
77 77 2
78 77 2
79 77 2
82 77 2
83 77 2
84 77 2
85 77 2
86 77 2
87 77 2
88 77 2
89 77 2
90 77 2
91 77 2
92 77 2
93 77 2
94 77 2
95 77 2
96 77 2
1 78 2
2 78 2
3 78 2
4 78 2
5 78 2
6 78 2
7 78 2
8 78 2
9 78 2
10 78 2
11 78 2
12 78 2
13 78 2
14 78 2
15 78 2
16 78 2
17 78 2
18 78 2
19 78 2
20 78 2
21 78 2
22 78 2
23 78 2
24 78 2
25 78 2
26 78 2
27 78 2
28 78 2
29 78 2
30 78 2
31 78 2
32 78 2
33 78 2
34 78 2
35 78 2
36 78 2
37 78 2
38 78 2
39 78 2
40 78 2
41 78 2
42 78 2
43 78 2
44 78 2
45 78 2
46 78 2
47 78 2
48 78 2
49 78 2
50 78 2
51 78 2
52 78 2
53 78 2
54 78 2
55 78 2
56 78 2
57 78 2
58 78 2
61 78 2
62 78 2
63 78 2
64 78 2
65 78 2
66 78 2
67 78 2
68 78 2
69 78 2
70 78 2
71 78 2
72 78 2
73 78 2
74 78 2
75 78 2
76 78 2
77 78 2
78 78 2
79 78 2
80 78 2
81 78 2
82 78 2
83 78 2
84 78 2
85 78 2
86 78 2
87 78 2
88 78 2
89 78 2
90 78 2
91 78 2
92 78 2
93 78 2
94 78 2
95 78 2
96 78 2
1 79 2
2 79 2
3 79 2
4 79 2
5 79 2
6 79 2
7 79 2
8 79 2
9 79 2
10 79 2
11 79 2
12 79 2
13 79 2
14 79 2
15 79 2
16 79 2
17 79 2
18 79 2
19 79 2
20 79 2
21 79 2
22 79 2
23 79 2
24 79 2
25 79 2
26 79 2
27 79 2
28 79 2
29 79 2
30 79 2
31 79 2
32 79 2
33 79 2
34 79 2
35 79 2
36 79 2
37 79 2
38 79 2
39 79 2
40 79 2
41 79 2
42 79 2
43 79 2
44 79 2
45 79 2
46 79 2
47 79 2
48 79 2
49 79 2
50 79 2
51 79 2
52 79 2
53 79 2
54 79 2
55 79 2
56 79 2
57 79 2
58 79 2
59 79 2
60 79 2
61 79 2
62 79 2
63 79 2
64 79 2
65 79 2
66 79 2
67 79 2
68 79 2
69 79 2
70 79 2
71 79 2
72 79 2
73 79 2
74 79 2
75 79 2
76 79 2
77 79 2
78 79 2
79 79 2
80 79 2
81 79 2
82 79 2
83 79 2
84 79 2
85 79 2
86 79 2
87 79 2
88 79 2
89 79 2
90 79 2
91 79 2
92 79 2
93 79 2
94 79 2
95 79 2
96 79 2
1 80 2
2 80 2
3 80 2
4 80 2
5 80 2
6 80 2
7 80 2
8 80 2
9 80 2
10 80 2
11 80 2
12 80 2
13 80 2
14 80 2
15 80 2
16 80 2
17 80 2
18 80 2
19 80 2
20 80 2
21 80 2
22 80 2
23 80 2
24 80 2
25 80 2
26 80 2
27 80 2
28 80 2
29 80 2
30 80 2
31 80 2
32 80 2
33 80 2
34 80 2
35 80 2
36 80 2
37 80 2
38 80 2
39 80 2
40 80 2
41 80 2
42 80 2
43 80 2
44 80 2
45 80 2
46 80 2
47 80 2
48 80 2
49 80 2
50 80 2
51 80 2
52 80 2
53 80 2
54 80 2
55 80 2
56 80 2
57 80 2
58 80 2
59 80 2
60 80 2
61 80 2
62 80 2
63 80 2
64 80 2
65 80 2
66 80 2
67 80 2
68 80 2
69 80 2
70 80 2
71 80 2
72 80 2
73 80 2
74 80 2
75 80 2
76 80 2
77 80 2
78 80 2
79 80 2
80 80 2
81 80 2
82 80 2
83 80 2
84 80 2
85 80 2
86 80 2
87 80 2
88 80 2
89 80 2
90 80 2
91 80 2
92 80 2
93 80 2
94 80 2
95 80 2
96 80 2
1 81 2
2 81 2
3 81 2
4 81 2
5 81 2
6 81 2
7 81 2
8 81 2
9 81 2
10 81 2
11 81 2
12 81 2
13 81 2
14 81 2
15 81 2
16 81 2
17 81 2
18 81 2
19 81 2
20 81 2
21 81 2
22 81 2
23 81 2
24 81 2
25 81 2
26 81 2
27 81 2
28 81 2
29 81 2
30 81 2
31 81 2
32 81 2
33 81 2
34 81 2
35 81 2
36 81 2
37 81 2
38 81 2
39 81 2
40 81 2
41 81 2
42 81 2
43 81 2
44 81 2
45 81 2
46 81 2
47 81 2
48 81 2
49 81 2
50 81 2
51 81 2
52 81 2
53 81 2
54 81 2
55 81 2
56 81 2
57 81 2
58 81 2
59 81 2
60 81 2
61 81 2
62 81 2
63 81 2
64 81 2
65 81 2
66 81 2
67 81 2
68 81 2
69 81 2
70 81 2
71 81 2
72 81 2
73 81 2
74 81 2
75 81 2
76 81 2
77 81 2
78 81 2
79 81 2
80 81 2
81 81 2
82 81 2
83 81 2
84 81 2
85 81 2
86 81 2
87 81 2
88 81 2
89 81 2
90 81 2
91 81 2
92 81 2
93 81 2
94 81 2
95 81 2
96 81 2
1 82 2
2 82 2
3 82 2
4 82 2
5 82 2
6 82 2
7 82 2
8 82 2
9 82 2
10 82 2
11 82 2
12 82 2
13 82 2
14 82 2
15 82 2
16 82 2
17 82 2
18 82 2
19 82 2
20 82 2
21 82 2
22 82 2
23 82 2
24 82 2
25 82 2
26 82 2
27 82 2
28 82 2
29 82 2
30 82 2
31 82 2
32 82 2
33 82 2
34 82 2
35 82 2
36 82 2
37 82 2
38 82 2
39 82 2
40 82 2
41 82 2
42 82 2
43 82 2
44 82 2
45 82 2
46 82 2
47 82 2
48 82 2
49 82 2
50 82 2
51 82 2
52 82 2
53 82 2
54 82 2
55 82 2
56 82 2
57 82 2
58 82 2
59 82 2
60 82 2
61 82 2
62 82 2
63 82 2
64 82 2
65 82 2
66 82 2
67 82 2
68 82 2
69 82 2
70 82 2
71 82 2
72 82 2
73 82 2
74 82 2
75 82 2
76 82 2
77 82 2
78 82 2
79 82 2
80 82 2
81 82 2
82 82 2
83 82 2
84 82 2
85 82 2
86 82 2
87 82 2
88 82 2
89 82 2
90 82 2
91 82 2
92 82 2
93 82 2
94 82 2
95 82 2
96 82 2
1 83 2
2 83 2
3 83 2
4 83 2
5 83 2
6 83 2
7 83 2
8 83 2
9 83 2
10 83 2
11 83 2
12 83 2
13 83 2
14 83 2
15 83 2
16 83 2
17 83 2
18 83 2
19 83 2
20 83 2
21 83 2
22 83 2
23 83 2
24 83 2
25 83 2
26 83 2
27 83 2
28 83 2
29 83 2
30 83 2
31 83 2
32 83 2
33 83 2
34 83 2
35 83 2
36 83 2
37 83 2
38 83 2
39 83 2
40 83 2
41 83 2
42 83 2
43 83 2
44 83 2
45 83 2
46 83 2
47 83 2
48 83 2
49 83 2
50 83 2
51 83 2
52 83 2
53 83 2
54 83 2
55 83 2
56 83 2
57 83 2
58 83 2
59 83 2
60 83 2
61 83 2
62 83 2
63 83 2
64 83 2
65 83 2
66 83 2
67 83 2
68 83 2
69 83 2
70 83 2
71 83 2
72 83 2
73 83 2
74 83 2
75 83 2
76 83 2
77 83 2
78 83 2
79 83 2
80 83 2
81 83 2
82 83 2
83 83 2
84 83 2
85 83 2
86 83 2
89 83 2
90 83 2
91 83 2
92 83 2
93 83 2
94 83 2
95 83 2
96 83 2
1 84 2
2 84 2
3 84 2
4 84 2
5 84 2
6 84 2
7 84 2
8 84 2
9 84 2
10 84 2
11 84 2
12 84 2
13 84 2
14 84 2
15 84 2
16 84 2
17 84 2
18 84 2
19 84 2
20 84 2
21 84 2
22 84 2
23 84 2
24 84 2
25 84 2
26 84 2
27 84 2
28 84 2
29 84 2
30 84 2
31 84 2
32 84 2
33 84 2
34 84 2
35 84 2
36 84 2
37 84 2
38 84 2
39 84 2
40 84 2
41 84 2
42 84 2
43 84 2
44 84 2
45 84 2
46 84 2
47 84 2
48 84 2
49 84 2
50 84 2
51 84 2
52 84 2
53 84 2
54 84 2
55 84 2
56 84 2
57 84 2
58 84 2
59 84 2
60 84 2
61 84 2
62 84 2
63 84 2
64 84 2
65 84 2
66 84 2
67 84 2
68 84 2
69 84 2
70 84 2
71 84 2
72 84 2
73 84 2
74 84 2
75 84 2
76 84 2
77 84 2
78 84 2
79 84 2
80 84 2
81 84 2
82 84 2
83 84 2
84 84 2
85 84 2
86 84 2
89 84 2
90 84 2
91 84 2
92 84 2
93 84 2
94 84 2
95 84 2
96 84 2
1 85 2
2 85 2
3 85 2
4 85 2
5 85 2
6 85 2
7 85 2
8 85 2
9 85 2
10 85 2
11 85 2
12 85 2
13 85 2
14 85 2
15 85 2
16 85 2
17 85 2
18 85 2
19 85 2
20 85 2
21 85 2
22 85 2
23 85 2
24 85 2
25 85 2
26 85 2
27 85 2
28 85 2
29 85 2
30 85 2
31 85 2
32 85 2
33 85 2
34 85 2
35 85 2
36 85 2
37 85 2
38 85 2
39 85 2
40 85 2
41 85 2
42 85 2
43 85 2
44 85 2
45 85 2
46 85 2
47 85 2
48 85 2
49 85 2
50 85 2
51 85 2
52 85 2
53 85 2
54 85 2
55 85 2
56 85 2
57 85 2
58 85 2
59 85 2
60 85 2
61 85 2
62 85 2
63 85 2
64 85 2
65 85 2
66 85 2
67 85 2
68 85 2
69 85 2
70 85 2
71 85 2
72 85 2
73 85 2
74 85 2
75 85 2
76 85 2
77 85 2
78 85 2
79 85 2
80 85 2
81 85 2
82 85 2
83 85 2
84 85 2
85 85 2
86 85 2
87 85 2
88 85 2
89 85 2
90 85 2
91 85 2
92 85 2
93 85 2
94 85 2
95 85 2
96 85 2
1 86 2
2 86 2
3 86 2
4 86 2
5 86 2
6 86 2
7 86 2
8 86 2
9 86 2
10 86 2
11 86 2
12 86 2
13 86 2
14 86 2
15 86 2
16 86 2
17 86 2
18 86 2
19 86 2
20 86 2
21 86 2
22 86 2
23 86 2
24 86 2
25 86 2
26 86 2
27 86 2
28 86 2
29 86 2
30 86 2
31 86 2
32 86 2
33 86 2
34 86 2
35 86 2
36 86 2
37 86 2
38 86 2
39 86 2
40 86 2
41 86 2
42 86 2
43 86 2
44 86 2
45 86 2
46 86 2
47 86 2
48 86 2
49 86 2
50 86 2
51 86 2
52 86 2
53 86 2
54 86 2
55 86 2
56 86 2
57 86 2
58 86 2
59 86 2
60 86 2
61 86 2
62 86 2
63 86 2
64 86 2
67 86 2
68 86 2
69 86 2
70 86 2
71 86 2
72 86 2
73 86 2
74 86 2
75 86 2
76 86 2
77 86 2
78 86 2
79 86 2
80 86 2
81 86 2
82 86 2
83 86 2
84 86 2
85 86 2
86 86 2
87 86 2
88 86 2
89 86 2
90 86 2
91 86 2
92 86 2
93 86 2
94 86 2
95 86 2
96 86 2
1 87 2
2 87 2
3 87 2
4 87 2
5 87 2
6 87 2
7 87 2
8 87 2
9 87 2
10 87 2
11 87 2
12 87 2
13 87 2
16 87 2
17 87 2
18 87 2
19 87 2
20 87 2
21 87 2
22 87 2
23 87 2
24 87 2
25 87 2
26 87 2
27 87 2
28 87 2
29 87 2
30 87 2
31 87 2
32 87 2
33 87 2
34 87 2
35 87 2
36 87 2
37 87 2
38 87 2
39 87 2
40 87 2
41 87 2
42 87 2
43 87 2
44 87 2
45 87 2
46 87 2
47 87 2
48 87 2
49 87 2
50 87 2
51 87 2
52 87 2
53 87 2
54 87 2
55 87 2
56 87 2
57 87 2
58 87 2
59 87 2
60 87 2
61 87 2
62 87 2
63 87 2
64 87 2
67 87 2
68 87 2
69 87 2
70 87 2
71 87 2
72 87 2
73 87 2
74 87 2
75 87 2
76 87 2
77 87 2
78 87 2
79 87 2
80 87 2
81 87 2
82 87 2
83 87 2
84 87 2
85 87 2
86 87 2
87 87 2
88 87 2
89 87 2
90 87 2
91 87 2
92 87 2
93 87 2
94 87 2
95 87 2
96 87 2
1 88 2
2 88 2
3 88 2
4 88 2
5 88 2
6 88 2
7 88 2
8 88 2
9 88 2
10 88 2
11 88 2
12 88 2
13 88 2
16 88 2
17 88 2
18 88 2
19 88 2
20 88 2
21 88 2
22 88 2
23 88 2
24 88 2
25 88 2
26 88 2
27 88 2
28 88 2
29 88 2
30 88 2
31 88 2
32 88 2
33 88 2
34 88 2
35 88 2
36 88 2
37 88 2
38 88 2
39 88 2
40 88 2
41 88 2
42 88 2
43 88 2
44 88 2
45 88 2
46 88 2
47 88 2
48 88 2
49 88 2
50 88 2
51 88 2
52 88 2
53 88 2
54 88 2
55 88 2
56 88 2
57 88 2
58 88 2
59 88 2
60 88 2
61 88 2
62 88 2
63 88 2
64 88 2
65 88 2
66 88 2
67 88 2
68 88 2
69 88 2
70 88 2
71 88 2
72 88 2
73 88 2
74 88 2
75 88 2
76 88 2
77 88 2
78 88 2
79 88 2
80 88 2
81 88 2
82 88 2
83 88 2
84 88 2
85 88 2
86 88 2
87 88 2
88 88 2
89 88 2
90 88 2
91 88 2
92 88 2
93 88 2
94 88 2
95 88 2
96 88 2
1 89 2
2 89 2
3 89 2
4 89 2
5 89 2
6 89 2
7 89 2
8 89 2
9 89 2
10 89 2
11 89 2
12 89 2
13 89 2
14 89 2
15 89 2
16 89 2
17 89 2
18 89 2
19 89 2
20 89 2
21 89 2
22 89 2
23 89 2
24 89 2
25 89 2
26 89 2
27 89 2
28 89 2
29 89 2
30 89 2
31 89 2
32 89 2
33 89 2
34 89 2
35 89 2
36 89 2
37 89 2
38 89 2
39 89 2
40 89 2
41 89 2
42 89 2
43 89 2
44 89 2
45 89 2
46 89 2
47 89 2
48 89 2
49 89 2
50 89 2
51 89 2
52 89 2
53 89 2
54 89 2
55 89 2
56 89 2
57 89 2
58 89 2
59 89 2
60 89 2
61 89 2
62 89 2
63 89 2
64 89 2
65 89 2
66 89 2
67 89 2
68 89 2
69 89 2
70 89 2
71 89 2
72 89 2
73 89 2
74 89 2
75 89 2
76 89 2
77 89 2
78 89 2
79 89 2
80 89 2
81 89 2
82 89 2
83 89 2
84 89 2
85 89 2
86 89 2
87 89 2
88 89 2
89 89 2
90 89 2
91 89 2
92 89 2
93 89 2
94 89 2
95 89 2
96 89 2
1 90 2
2 90 2
3 90 2
4 90 2
5 90 2
6 90 2
7 90 2
8 90 2
9 90 2
10 90 2
11 90 2
12 90 2
13 90 2
14 90 2
15 90 2
16 90 2
17 90 2
18 90 2
19 90 2
20 90 2
21 90 2
22 90 2
23 90 2
24 90 2
25 90 2
26 90 2
27 90 2
28 90 2
29 90 2
30 90 2
31 90 2
32 90 2
33 90 2
34 90 2
35 90 2
36 90 2
37 90 2
38 90 2
39 90 2
40 90 2
43 90 2
44 90 2
45 90 2
46 90 2
47 90 2
48 90 2
49 90 2
50 90 2
51 90 2
52 90 2
53 90 2
54 90 2
55 90 2
56 90 2
57 90 2
58 90 2
59 90 2
60 90 2
61 90 2
62 90 2
63 90 2
64 90 2
65 90 2
66 90 2
67 90 2
68 90 2
69 90 2
70 90 2
71 90 2
72 90 2
73 90 2
74 90 2
75 90 2
76 90 2
77 90 2
78 90 2
79 90 2
80 90 2
81 90 2
82 90 2
83 90 2
84 90 2
85 90 2
86 90 2
87 90 2
88 90 2
89 90 2
90 90 2
91 90 2
92 90 2
93 90 2
94 90 2
95 90 2
96 90 2
1 91 2
2 91 2
3 91 2
4 91 2
5 91 2
6 91 2
7 91 2
8 91 2
9 91 2
10 91 2
11 91 2
12 91 2
13 91 2
14 91 2
15 91 2
16 91 2
17 91 2
18 91 2
19 91 2
20 91 2
21 91 2
22 91 2
23 91 2
24 91 2
25 91 2
26 91 2
27 91 2
28 91 2
29 91 2
30 91 2
31 91 2
32 91 2
33 91 2
34 91 2
35 91 2
36 91 2
37 91 2
38 91 2
39 91 2
40 91 2
43 91 2
44 91 2
45 91 2
46 91 2
47 91 2
48 91 2
49 91 2
50 91 2
51 91 2
52 91 2
53 91 2
54 91 2
55 91 2
56 91 2
57 91 2
58 91 2
59 91 2
60 91 2
61 91 2
62 91 2
63 91 2
64 91 2
65 91 2
66 91 2
67 91 2
68 91 2
69 91 2
70 91 2
71 91 2
72 91 2
73 91 2
74 91 2
75 91 2
76 91 2
77 91 2
78 91 2
79 91 2
80 91 2
81 91 2
82 91 2
83 91 2
84 91 2
85 91 2
86 91 2
87 91 2
88 91 2
89 91 2
90 91 2
91 91 2
92 91 2
93 91 2
94 91 2
95 91 2
96 91 2
1 92 2
2 92 2
3 92 2
4 92 2
5 92 2
6 92 2
7 92 2
8 92 2
9 92 2
10 92 2
11 92 2
12 92 2
13 92 2
14 92 2
15 92 2
16 92 2
17 92 2
18 92 2
19 92 2
20 92 2
21 92 2
22 92 2
23 92 2
24 92 2
25 92 2
26 92 2
27 92 2
28 92 2
29 92 2
30 92 2
31 92 2
32 92 2
33 92 2
34 92 2
35 92 2
36 92 2
37 92 2
38 92 2
39 92 2
40 92 2
41 92 2
42 92 2
43 92 2
44 92 2
45 92 2
46 92 2
47 92 2
48 92 2
49 92 2
50 92 2
51 92 2
52 92 2
53 92 2
54 92 2
55 92 2
56 92 2
57 92 2
58 92 2
59 92 2
60 92 2
61 92 2
62 92 2
63 92 2
64 92 2
65 92 2
66 92 2
67 92 2
68 92 2
69 92 2
70 92 2
71 92 2
72 92 2
73 92 2
74 92 2
75 92 2
76 92 2
77 92 2
78 92 2
79 92 2
80 92 2
81 92 2
82 92 2
83 92 2
84 92 2
85 92 2
86 92 2
87 92 2
88 92 2
89 92 2
90 92 2
91 92 2
92 92 2
93 92 2
94 92 2
95 92 2
96 92 2
1 93 2
2 93 2
3 93 2
4 93 2
5 93 2
6 93 2
7 93 2
8 93 2
9 93 2
10 93 2
11 93 2
12 93 2
13 93 2
14 93 2
15 93 2
16 93 2
17 93 2
18 93 2
19 93 2
20 93 2
21 93 2
22 93 2
23 93 2
24 93 2
25 93 2
26 93 2
27 93 2
28 93 2
29 93 2
30 93 2
31 93 2
32 93 2
33 93 2
34 93 2
35 93 2
36 93 2
37 93 2
38 93 2
39 93 2
40 93 2
41 93 2
42 93 2
43 93 2
44 93 2
45 93 2
46 93 2
47 93 2
48 93 2
49 93 2
50 93 2
51 93 2
52 93 2
53 93 2
54 93 2
55 93 2
56 93 2
57 93 2
58 93 2
59 93 2
60 93 2
61 93 2
62 93 2
63 93 2
64 93 2
65 93 2
66 93 2
67 93 2
68 93 2
69 93 2
70 93 2
71 93 2
72 93 2
73 93 2
74 93 2
75 93 2
76 93 2
77 93 2
78 93 2
79 93 2
80 93 2
81 93 2
82 93 2
83 93 2
84 93 2
85 93 2
86 93 2
87 93 2
88 93 2
89 93 2
90 93 2
91 93 2
92 93 2
93 93 2
94 93 2
95 93 2
96 93 2
1 94 2
2 94 2
3 94 2
4 94 2
5 94 2
6 94 2
7 94 2
8 94 2
9 94 2
10 94 2
11 94 2
12 94 2
13 94 2
14 94 2
15 94 2
16 94 2
17 94 2
18 94 2
19 94 2
20 94 2
21 94 2
22 94 2
23 94 2
24 94 2
25 94 2
26 94 2
27 94 2
28 94 2
29 94 2
30 94 2
31 94 2
32 94 2
33 94 2
34 94 2
35 94 2
36 94 2
37 94 2
38 94 2
39 94 2
40 94 2
41 94 2
42 94 2
43 94 2
44 94 2
45 94 2
46 94 2
47 94 2
48 94 2
49 94 2
50 94 2
51 94 2
52 94 2
53 94 2
54 94 2
55 94 2
56 94 2
57 94 2
58 94 2
59 94 2
60 94 2
61 94 2
62 94 2
63 94 2
64 94 2
65 94 2
66 94 2
67 94 2
68 94 2
69 94 2
70 94 2
71 94 2
72 94 2
73 94 2
74 94 2
75 94 2
76 94 2
77 94 2
78 94 2
79 94 2
80 94 2
81 94 2
82 94 2
83 94 2
84 94 2
85 94 2
86 94 2
87 94 2
88 94 2
89 94 2
90 94 2
91 94 2
92 94 2
93 94 2
94 94 2
95 94 2
96 94 2
1 95 2
2 95 2
3 95 2
4 95 2
5 95 2
6 95 2
7 95 2
8 95 2
9 95 2
10 95 2
11 95 2
12 95 2
13 95 2
14 95 2
15 95 2
16 95 2
17 95 2
18 95 2
19 95 2
20 95 2
21 95 2
22 95 2
23 95 2
24 95 2
25 95 2
26 95 2
27 95 2
28 95 2
29 95 2
30 95 2
31 95 2
32 95 2
33 95 2
34 95 2
35 95 2
36 95 2
37 95 2
38 95 2
39 95 2
40 95 2
41 95 2
42 95 2
43 95 2
44 95 2
45 95 2
46 95 2
47 95 2
48 95 2
49 95 2
50 95 2
51 95 2
52 95 2
53 95 2
54 95 2
55 95 2
56 95 2
57 95 2
58 95 2
59 95 2
60 95 2
61 95 2
62 95 2
63 95 2
64 95 2
65 95 2
66 95 2
67 95 2
68 95 2
69 95 2
70 95 2
71 95 2
72 95 2
73 95 2
74 95 2
75 95 2
76 95 2
77 95 2
78 95 2
79 95 2
80 95 2
81 95 2
82 95 2
83 95 2
84 95 2
85 95 2
86 95 2
87 95 2
88 95 2
89 95 2
90 95 2
91 95 2
92 95 2
93 95 2
94 95 2
95 95 2
96 95 2
1 96 2
2 96 2
3 96 2
4 96 2
5 96 2
6 96 2
7 96 2
8 96 2
9 96 2
10 96 2
11 96 2
12 96 2
13 96 2
14 96 2
15 96 2
16 96 2
17 96 2
18 96 2
19 96 2
20 96 2
21 96 2
22 96 2
23 96 2
24 96 2
25 96 2
26 96 2
27 96 2
28 96 2
29 96 2
30 96 2
31 96 2
32 96 2
33 96 2
34 96 2
35 96 2
36 96 2
37 96 2
38 96 2
39 96 2
40 96 2
41 96 2
42 96 2
43 96 2
44 96 2
45 96 2
46 96 2
47 96 2
48 96 2
49 96 2
50 96 2
51 96 2
52 96 2
53 96 2
54 96 2
55 96 2
56 96 2
57 96 2
58 96 2
59 96 2
60 96 2
61 96 2
62 96 2
63 96 2
64 96 2
65 96 2
66 96 2
67 96 2
68 96 2
69 96 2
70 96 2
71 96 2
72 96 2
73 96 2
74 96 2
75 96 2
76 96 2
77 96 2
78 96 2
79 96 2
80 96 2
81 96 2
82 96 2
83 96 2
84 96 2
85 96 2
86 96 2
87 96 2
88 96 2
89 96 2
90 96 2
91 96 2
92 96 2
93 96 2
94 96 2
95 96 2
96 96 2
5 5 3
6 5 3
7 5 3
8 5 3
40 5 3
41 5 3
42 5 3
43 5 3
5 6 3
8 6 3
40 6 3
43 6 3
55 6 3
56 6 3
57 6 3
58 6 3
5 7 3
8 7 3
40 7 3
43 7 3
55 7 3
58 7 3
78 7 3
79 7 3
80 7 3
81 7 3
5 8 3
6 8 3
7 8 3
8 8 3
9 8 3
10 8 3
11 8 3
40 8 3
41 8 3
42 8 3
43 8 3
55 8 3
58 8 3
78 8 3
81 8 3
8 9 3
11 9 3
55 9 3
56 9 3
57 9 3
58 9 3
78 9 3
81 9 3
8 10 3
11 10 3
78 10 3
79 10 3
80 10 3
81 10 3
85 10 3
86 10 3
87 10 3
88 10 3
8 11 3
9 11 3
10 11 3
11 11 3
60 11 3
61 11 3
62 11 3
63 11 3
85 11 3
88 11 3
40 12 3
41 12 3
42 12 3
43 12 3
60 12 3
63 12 3
85 12 3
88 12 3
40 13 3
43 13 3
60 13 3
63 13 3
85 13 3
86 13 3
87 13 3
88 13 3
40 14 3
43 14 3
60 14 3
61 14 3
62 14 3
63 14 3
40 15 3
41 15 3
42 15 3
43 15 3
40 20 3
41 20 3
42 20 3
43 20 3
40 21 3
43 21 3
7 22 3
8 22 3
9 22 3
10 22 3
40 22 3
43 22 3
7 23 3
10 23 3
40 23 3
41 23 3
42 23 3
43 23 3
79 23 3
80 23 3
81 23 3
82 23 3
7 24 3
10 24 3
79 24 3
82 24 3
7 25 3
8 25 3
9 25 3
10 25 3
79 25 3
82 25 3
11 26 3
12 26 3
13 26 3
14 26 3
79 26 3
80 26 3
81 26 3
82 26 3
11 27 3
14 27 3
11 28 3
14 28 3
11 29 3
12 29 3
13 29 3
14 29 3
86 31 3
87 31 3
88 31 3
89 31 3
86 32 3
89 32 3
86 33 3
89 33 3
40 34 3
41 34 3
42 34 3
43 34 3
86 34 3
87 34 3
88 34 3
89 34 3
40 35 3
43 35 3
40 36 3
43 36 3
40 37 3
41 37 3
42 37 3
43 37 3
5 42 3
6 42 3
7 42 3
8 42 3
32 42 3
33 42 3
34 42 3
35 42 3
76 42 3
77 42 3
78 42 3
79 42 3
89 42 3
90 42 3
91 42 3
92 42 3
5 43 3
8 43 3
32 43 3
35 43 3
76 43 3
79 43 3
89 43 3
92 43 3
5 44 3
8 44 3
32 44 3
35 44 3
76 44 3
79 44 3
89 44 3
92 44 3
5 45 3
6 45 3
7 45 3
8 45 3
32 45 3
33 45 3
34 45 3
35 45 3
76 45 3
77 45 3
78 45 3
79 45 3
89 45 3
90 45 3
91 45 3
92 45 3
54 50 3
55 50 3
56 50 3
57 50 3
54 51 3
57 51 3
7 52 3
8 52 3
9 52 3
10 52 3
54 52 3
57 52 3
7 53 3
10 53 3
54 53 3
55 53 3
56 53 3
57 53 3
79 53 3
80 53 3
81 53 3
82 53 3
7 54 3
10 54 3
79 54 3
82 54 3
7 55 3
8 55 3
9 55 3
10 55 3
79 55 3
82 55 3
79 56 3
80 56 3
81 56 3
82 56 3
86 60 3
87 60 3
88 60 3
89 60 3
86 61 3
89 61 3
11 62 3
12 62 3
13 62 3
14 62 3
86 62 3
89 62 3
11 63 3
14 63 3
86 63 3
87 63 3
88 63 3
89 63 3
11 64 3
14 64 3
55 64 3
56 64 3
57 64 3
58 64 3
11 65 3
12 65 3
13 65 3
14 65 3
55 65 3
58 65 3
55 66 3
58 66 3
55 67 3
56 67 3
57 67 3
58 67 3
40 72 3
41 72 3
42 72 3
43 72 3
40 73 3
43 73 3
40 74 3
43 74 3
8 75 3
9 75 3
10 75 3
11 75 3
40 75 3
41 75 3
42 75 3
43 75 3
79 75 3
80 75 3
81 75 3
82 75 3
8 76 3
11 76 3
58 76 3
59 76 3
60 76 3
61 76 3
79 76 3
82 76 3
8 77 3
11 77 3
58 77 3
61 77 3
79 77 3
82 77 3
8 78 3
9 78 3
10 78 3
11 78 3
58 78 3
61 78 3
79 78 3
80 78 3
81 78 3
82 78 3
58 79 3
59 79 3
60 79 3
61 79 3
86 82 3
87 82 3
88 82 3
89 82 3
86 83 3
89 83 3
86 84 3
89 84 3
64 85 3
65 85 3
66 85 3
67 85 3
86 85 3
87 85 3
88 85 3
89 85 3
13 86 3
14 86 3
15 86 3
16 86 3
64 86 3
67 86 3
13 87 3
16 87 3
64 87 3
67 87 3
13 88 3
16 88 3
64 88 3
65 88 3
66 88 3
67 88 3
13 89 3
14 89 3
15 89 3
16 89 3
40 89 3
41 89 3
42 89 3
43 89 3
40 90 3
43 90 3
40 91 3
43 91 3
40 92 3
41 92 3
42 92 3
43 92 3
5 5 4
6 5 4
7 5 4
8 5 4
40 5 4
41 5 4
42 5 4
43 5 4
5 6 4
8 6 4
40 6 4
43 6 4
55 6 4
56 6 4
57 6 4
58 6 4
5 7 4
8 7 4
40 7 4
43 7 4
55 7 4
58 7 4
78 7 4
79 7 4
80 7 4
81 7 4
5 8 4
6 8 4
7 8 4
8 8 4
9 8 4
10 8 4
11 8 4
40 8 4
41 8 4
42 8 4
43 8 4
55 8 4
58 8 4
78 8 4
81 8 4
8 9 4
11 9 4
55 9 4
56 9 4
57 9 4
58 9 4
78 9 4
81 9 4
8 10 4
11 10 4
78 10 4
79 10 4
80 10 4
81 10 4
85 10 4
86 10 4
87 10 4
88 10 4
8 11 4
9 11 4
10 11 4
11 11 4
60 11 4
61 11 4
62 11 4
63 11 4
85 11 4
88 11 4
40 12 4
41 12 4
42 12 4
43 12 4
60 12 4
63 12 4
85 12 4
88 12 4
40 13 4
43 13 4
60 13 4
63 13 4
85 13 4
86 13 4
87 13 4
88 13 4
40 14 4
43 14 4
60 14 4
61 14 4
62 14 4
63 14 4
40 15 4
41 15 4
42 15 4
43 15 4
40 20 4
41 20 4
42 20 4
43 20 4
40 21 4
43 21 4
7 22 4
8 22 4
9 22 4
10 22 4
40 22 4
43 22 4
7 23 4
10 23 4
40 23 4
41 23 4
42 23 4
43 23 4
79 23 4
80 23 4
81 23 4
82 23 4
7 24 4
10 24 4
79 24 4
82 24 4
7 25 4
8 25 4
9 25 4
10 25 4
79 25 4
82 25 4
11 26 4
12 26 4
13 26 4
14 26 4
79 26 4
80 26 4
81 26 4
82 26 4
11 27 4
14 27 4
11 28 4
14 28 4
11 29 4
12 29 4
13 29 4
14 29 4
86 31 4
87 31 4
88 31 4
89 31 4
86 32 4
89 32 4
86 33 4
89 33 4
40 34 4
41 34 4
42 34 4
43 34 4
86 34 4
87 34 4
88 34 4
89 34 4
40 35 4
43 35 4
40 36 4
43 36 4
40 37 4
41 37 4
42 37 4
43 37 4
5 42 4
6 42 4
7 42 4
8 42 4
32 42 4
33 42 4
34 42 4
35 42 4
76 42 4
77 42 4
78 42 4
79 42 4
89 42 4
90 42 4
91 42 4
92 42 4
5 43 4
8 43 4
32 43 4
35 43 4
76 43 4
79 43 4
89 43 4
92 43 4
5 44 4
8 44 4
32 44 4
35 44 4
76 44 4
79 44 4
89 44 4
92 44 4
5 45 4
6 45 4
7 45 4
8 45 4
32 45 4
33 45 4
34 45 4
35 45 4
76 45 4
77 45 4
78 45 4
79 45 4
89 45 4
90 45 4
91 45 4
92 45 4
54 50 4
55 50 4
56 50 4
57 50 4
54 51 4
57 51 4
7 52 4
8 52 4
9 52 4
10 52 4
54 52 4
57 52 4
7 53 4
10 53 4
54 53 4
55 53 4
56 53 4
57 53 4
79 53 4
80 53 4
81 53 4
82 53 4
7 54 4
10 54 4
79 54 4
82 54 4
7 55 4
8 55 4
9 55 4
10 55 4
79 55 4
82 55 4
79 56 4
80 56 4
81 56 4
82 56 4
86 60 4
87 60 4
88 60 4
89 60 4
86 61 4
89 61 4
11 62 4
12 62 4
13 62 4
14 62 4
86 62 4
89 62 4
11 63 4
14 63 4
86 63 4
87 63 4
88 63 4
89 63 4
11 64 4
14 64 4
55 64 4
56 64 4
57 64 4
58 64 4
11 65 4
12 65 4
13 65 4
14 65 4
55 65 4
58 65 4
55 66 4
58 66 4
55 67 4
56 67 4
57 67 4
58 67 4
40 72 4
41 72 4
42 72 4
43 72 4
40 73 4
43 73 4
40 74 4
43 74 4
8 75 4
9 75 4
10 75 4
11 75 4
40 75 4
41 75 4
42 75 4
43 75 4
79 75 4
80 75 4
81 75 4
82 75 4
8 76 4
11 76 4
58 76 4
59 76 4
60 76 4
61 76 4
79 76 4
82 76 4
8 77 4
11 77 4
58 77 4
61 77 4
79 77 4
82 77 4
8 78 4
9 78 4
10 78 4
11 78 4
58 78 4
61 78 4
79 78 4
80 78 4
81 78 4
82 78 4
58 79 4
59 79 4
60 79 4
61 79 4
86 82 4
87 82 4
88 82 4
89 82 4
86 83 4
89 83 4
86 84 4
89 84 4
64 85 4
65 85 4
66 85 4
67 85 4
86 85 4
87 85 4
88 85 4
89 85 4
13 86 4
14 86 4
15 86 4
16 86 4
64 86 4
67 86 4
13 87 4
16 87 4
64 87 4
67 87 4
13 88 4
16 88 4
64 88 4
65 88 4
66 88 4
67 88 4
13 89 4
14 89 4
15 89 4
16 89 4
40 89 4
41 89 4
42 89 4
43 89 4
40 90 4
43 90 4
40 91 4
43 91 4
40 92 4
41 92 4
42 92 4
43 92 4
5 5 5
6 5 5
7 5 5
8 5 5
40 5 5
41 5 5
42 5 5
43 5 5
5 6 5
8 6 5
40 6 5
43 6 5
55 6 5
56 6 5
57 6 5
58 6 5
5 7 5
8 7 5
40 7 5
43 7 5
55 7 5
58 7 5
78 7 5
79 7 5
80 7 5
81 7 5
5 8 5
6 8 5
7 8 5
8 8 5
9 8 5
10 8 5
11 8 5
40 8 5
41 8 5
42 8 5
43 8 5
55 8 5
58 8 5
78 8 5
81 8 5
8 9 5
11 9 5
55 9 5
56 9 5
57 9 5
58 9 5
78 9 5
81 9 5
8 10 5
11 10 5
78 10 5
79 10 5
80 10 5
81 10 5
85 10 5
86 10 5
87 10 5
88 10 5
8 11 5
9 11 5
10 11 5
11 11 5
60 11 5
61 11 5
62 11 5
63 11 5
85 11 5
88 11 5
40 12 5
41 12 5
42 12 5
43 12 5
60 12 5
63 12 5
85 12 5
88 12 5
40 13 5
43 13 5
60 13 5
63 13 5
85 13 5
86 13 5
87 13 5
88 13 5
40 14 5
43 14 5
60 14 5
61 14 5
62 14 5
63 14 5
40 15 5
41 15 5
42 15 5
43 15 5
40 20 5
41 20 5
42 20 5
43 20 5
40 21 5
43 21 5
7 22 5
8 22 5
9 22 5
10 22 5
40 22 5
43 22 5
7 23 5
10 23 5
40 23 5
41 23 5
42 23 5
43 23 5
79 23 5
80 23 5
81 23 5
82 23 5
7 24 5
10 24 5
79 24 5
82 24 5
7 25 5
8 25 5
9 25 5
10 25 5
79 25 5
82 25 5
11 26 5
12 26 5
13 26 5
14 26 5
79 26 5
80 26 5
81 26 5
82 26 5
11 27 5
14 27 5
11 28 5
14 28 5
11 29 5
12 29 5
13 29 5
14 29 5
86 31 5
87 31 5
88 31 5
89 31 5
86 32 5
89 32 5
86 33 5
89 33 5
40 34 5
41 34 5
42 34 5
43 34 5
86 34 5
87 34 5
88 34 5
89 34 5
40 35 5
43 35 5
40 36 5
43 36 5
40 37 5
41 37 5
42 37 5
43 37 5
5 42 5
6 42 5
7 42 5
8 42 5
32 42 5
33 42 5
34 42 5
35 42 5
76 42 5
77 42 5
78 42 5
79 42 5
89 42 5
90 42 5
91 42 5
92 42 5
5 43 5
8 43 5
32 43 5
35 43 5
76 43 5
79 43 5
89 43 5
92 43 5
5 44 5
8 44 5
32 44 5
35 44 5
76 44 5
79 44 5
89 44 5
92 44 5
5 45 5
6 45 5
7 45 5
8 45 5
32 45 5
33 45 5
34 45 5
35 45 5
76 45 5
77 45 5
78 45 5
79 45 5
89 45 5
90 45 5
91 45 5
92 45 5
54 50 5
55 50 5
56 50 5
57 50 5
54 51 5
57 51 5
7 52 5
8 52 5
9 52 5
10 52 5
54 52 5
57 52 5
7 53 5
10 53 5
54 53 5
55 53 5
56 53 5
57 53 5
79 53 5
80 53 5
81 53 5
82 53 5
7 54 5
10 54 5
79 54 5
82 54 5
7 55 5
8 55 5
9 55 5
10 55 5
79 55 5
82 55 5
79 56 5
80 56 5
81 56 5
82 56 5
86 60 5
87 60 5
88 60 5
89 60 5
86 61 5
89 61 5
11 62 5
12 62 5
13 62 5
14 62 5
86 62 5
89 62 5
11 63 5
14 63 5
86 63 5
87 63 5
88 63 5
89 63 5
11 64 5
14 64 5
55 64 5
56 64 5
57 64 5
58 64 5
11 65 5
12 65 5
13 65 5
14 65 5
55 65 5
58 65 5
55 66 5
58 66 5
55 67 5
56 67 5
57 67 5
58 67 5
40 72 5
41 72 5
42 72 5
43 72 5
40 73 5
43 73 5
40 74 5
43 74 5
8 75 5
9 75 5
10 75 5
11 75 5
40 75 5
41 75 5
42 75 5
43 75 5
79 75 5
80 75 5
81 75 5
82 75 5
8 76 5
11 76 5
58 76 5
59 76 5
60 76 5
61 76 5
79 76 5
82 76 5
8 77 5
11 77 5
58 77 5
61 77 5
79 77 5
82 77 5
8 78 5
9 78 5
10 78 5
11 78 5
58 78 5
61 78 5
79 78 5
80 78 5
81 78 5
82 78 5
58 79 5
59 79 5
60 79 5
61 79 5
86 82 5
87 82 5
88 82 5
89 82 5
86 83 5
89 83 5
86 84 5
89 84 5
64 85 5
65 85 5
66 85 5
67 85 5
86 85 5
87 85 5
88 85 5
89 85 5
13 86 5
14 86 5
15 86 5
16 86 5
64 86 5
67 86 5
13 87 5
16 87 5
64 87 5
67 87 5
13 88 5
16 88 5
64 88 5
65 88 5
66 88 5
67 88 5
13 89 5
14 89 5
15 89 5
16 89 5
40 89 5
41 89 5
42 89 5
43 89 5
40 90 5
43 90 5
40 91 5
43 91 5
40 92 5
41 92 5
42 92 5
43 92 5
5 5 6
6 5 6
7 5 6
8 5 6
40 5 6
41 5 6
42 5 6
43 5 6
5 6 6
8 6 6
40 6 6
43 6 6
55 6 6
56 6 6
57 6 6
58 6 6
5 7 6
8 7 6
40 7 6
43 7 6
55 7 6
58 7 6
78 7 6
79 7 6
80 7 6
81 7 6
5 8 6
6 8 6
7 8 6
8 8 6
9 8 6
10 8 6
11 8 6
40 8 6
41 8 6
42 8 6
43 8 6
55 8 6
58 8 6
78 8 6
81 8 6
8 9 6
11 9 6
55 9 6
56 9 6
57 9 6
58 9 6
78 9 6
81 9 6
8 10 6
11 10 6
78 10 6
79 10 6
80 10 6
81 10 6
85 10 6
86 10 6
87 10 6
88 10 6
8 11 6
9 11 6
10 11 6
11 11 6
60 11 6
61 11 6
62 11 6
63 11 6
85 11 6
88 11 6
40 12 6
41 12 6
42 12 6
43 12 6
60 12 6
63 12 6
85 12 6
88 12 6
40 13 6
43 13 6
60 13 6
63 13 6
85 13 6
86 13 6
87 13 6
88 13 6
40 14 6
43 14 6
60 14 6
61 14 6
62 14 6
63 14 6
40 15 6
41 15 6
42 15 6
43 15 6
40 20 6
41 20 6
42 20 6
43 20 6
40 21 6
43 21 6
7 22 6
8 22 6
9 22 6
10 22 6
40 22 6
43 22 6
7 23 6
10 23 6
40 23 6
41 23 6
42 23 6
43 23 6
79 23 6
80 23 6
81 23 6
82 23 6
7 24 6
10 24 6
79 24 6
82 24 6
7 25 6
8 25 6
9 25 6
10 25 6
79 25 6
82 25 6
11 26 6
12 26 6
13 26 6
14 26 6
79 26 6
80 26 6
81 26 6
82 26 6
11 27 6
14 27 6
11 28 6
14 28 6
11 29 6
12 29 6
13 29 6
14 29 6
86 31 6
87 31 6
88 31 6
89 31 6
86 32 6
89 32 6
86 33 6
89 33 6
40 34 6
41 34 6
42 34 6
43 34 6
86 34 6
87 34 6
88 34 6
89 34 6
40 35 6
43 35 6
40 36 6
43 36 6
40 37 6
41 37 6
42 37 6
43 37 6
5 42 6
6 42 6
7 42 6
8 42 6
32 42 6
33 42 6
34 42 6
35 42 6
76 42 6
77 42 6
78 42 6
79 42 6
89 42 6
90 42 6
91 42 6
92 42 6
5 43 6
8 43 6
32 43 6
35 43 6
76 43 6
79 43 6
89 43 6
92 43 6
5 44 6
8 44 6
32 44 6
35 44 6
76 44 6
79 44 6
89 44 6
92 44 6
5 45 6
6 45 6
7 45 6
8 45 6
32 45 6
33 45 6
34 45 6
35 45 6
76 45 6
77 45 6
78 45 6
79 45 6
89 45 6
90 45 6
91 45 6
92 45 6
54 50 6
55 50 6
56 50 6
57 50 6
54 51 6
57 51 6
7 52 6
8 52 6
9 52 6
10 52 6
54 52 6
57 52 6
7 53 6
10 53 6
54 53 6
55 53 6
56 53 6
57 53 6
79 53 6
80 53 6
81 53 6
82 53 6
7 54 6
10 54 6
79 54 6
82 54 6
7 55 6
8 55 6
9 55 6
10 55 6
79 55 6
82 55 6
79 56 6
80 56 6
81 56 6
82 56 6
86 60 6
87 60 6
88 60 6
89 60 6
86 61 6
89 61 6
11 62 6
12 62 6
13 62 6
14 62 6
86 62 6
89 62 6
11 63 6
14 63 6
86 63 6
87 63 6
88 63 6
89 63 6
11 64 6
14 64 6
55 64 6
56 64 6
57 64 6
58 64 6
11 65 6
12 65 6
13 65 6
14 65 6
55 65 6
58 65 6
55 66 6
58 66 6
55 67 6
56 67 6
57 67 6
58 67 6
40 72 6
41 72 6
42 72 6
43 72 6
40 73 6
43 73 6
40 74 6
43 74 6
8 75 6
9 75 6
10 75 6
11 75 6
40 75 6
41 75 6
42 75 6
43 75 6
79 75 6
80 75 6
81 75 6
82 75 6
8 76 6
11 76 6
58 76 6
59 76 6
60 76 6
61 76 6
79 76 6
82 76 6
8 77 6
11 77 6
58 77 6
61 77 6
79 77 6
82 77 6
8 78 6
9 78 6
10 78 6
11 78 6
58 78 6
61 78 6
79 78 6
80 78 6
81 78 6
82 78 6
58 79 6
59 79 6
60 79 6
61 79 6
86 82 6
87 82 6
88 82 6
89 82 6
86 83 6
89 83 6
86 84 6
89 84 6
64 85 6
65 85 6
66 85 6
67 85 6
86 85 6
87 85 6
88 85 6
89 85 6
13 86 6
14 86 6
15 86 6
16 86 6
64 86 6
67 86 6
13 87 6
16 87 6
64 87 6
67 87 6
13 88 6
16 88 6
64 88 6
65 88 6
66 88 6
67 88 6
13 89 6
14 89 6
15 89 6
16 89 6
40 89 6
41 89 6
42 89 6
43 89 6
40 90 6
43 90 6
40 91 6
43 91 6
40 92 6
41 92 6
42 92 6
43 92 6
5 5 7
6 5 7
7 5 7
8 5 7
40 5 7
41 5 7
42 5 7
43 5 7
5 6 7
8 6 7
40 6 7
43 6 7
55 6 7
56 6 7
57 6 7
58 6 7
5 7 7
8 7 7
40 7 7
43 7 7
55 7 7
58 7 7
78 7 7
79 7 7
80 7 7
81 7 7
5 8 7
6 8 7
7 8 7
8 8 7
9 8 7
10 8 7
11 8 7
40 8 7
41 8 7
42 8 7
43 8 7
55 8 7
58 8 7
78 8 7
81 8 7
8 9 7
11 9 7
55 9 7
56 9 7
57 9 7
58 9 7
78 9 7
81 9 7
8 10 7
11 10 7
78 10 7
79 10 7
80 10 7
81 10 7
85 10 7
86 10 7
87 10 7
88 10 7
8 11 7
9 11 7
10 11 7
11 11 7
60 11 7
61 11 7
62 11 7
63 11 7
85 11 7
88 11 7
40 12 7
41 12 7
42 12 7
43 12 7
60 12 7
63 12 7
85 12 7
88 12 7
40 13 7
43 13 7
60 13 7
63 13 7
85 13 7
86 13 7
87 13 7
88 13 7
40 14 7
43 14 7
60 14 7
61 14 7
62 14 7
63 14 7
40 15 7
41 15 7
42 15 7
43 15 7
40 20 7
41 20 7
42 20 7
43 20 7
40 21 7
43 21 7
7 22 7
8 22 7
9 22 7
10 22 7
40 22 7
43 22 7
7 23 7
10 23 7
40 23 7
41 23 7
42 23 7
43 23 7
79 23 7
80 23 7
81 23 7
82 23 7
7 24 7
10 24 7
79 24 7
82 24 7
7 25 7
8 25 7
9 25 7
10 25 7
79 25 7
82 25 7
11 26 7
12 26 7
13 26 7
14 26 7
79 26 7
80 26 7
81 26 7
82 26 7
11 27 7
14 27 7
11 28 7
14 28 7
11 29 7
12 29 7
13 29 7
14 29 7
86 31 7
87 31 7
88 31 7
89 31 7
86 32 7
89 32 7
86 33 7
89 33 7
40 34 7
41 34 7
42 34 7
43 34 7
86 34 7
87 34 7
88 34 7
89 34 7
40 35 7
43 35 7
40 36 7
43 36 7
40 37 7
41 37 7
42 37 7
43 37 7
5 42 7
6 42 7
7 42 7
8 42 7
32 42 7
33 42 7
34 42 7
35 42 7
76 42 7
77 42 7
78 42 7
79 42 7
89 42 7
90 42 7
91 42 7
92 42 7
5 43 7
8 43 7
32 43 7
35 43 7
76 43 7
79 43 7
89 43 7
92 43 7
5 44 7
8 44 7
32 44 7
35 44 7
76 44 7
79 44 7
89 44 7
92 44 7
5 45 7
6 45 7
7 45 7
8 45 7
32 45 7
33 45 7
34 45 7
35 45 7
76 45 7
77 45 7
78 45 7
79 45 7
89 45 7
90 45 7
91 45 7
92 45 7
54 50 7
55 50 7
56 50 7
57 50 7
54 51 7
57 51 7
7 52 7
8 52 7
9 52 7
10 52 7
54 52 7
57 52 7
7 53 7
10 53 7
54 53 7
55 53 7
56 53 7
57 53 7
79 53 7
80 53 7
81 53 7
82 53 7
7 54 7
10 54 7
79 54 7
82 54 7
7 55 7
8 55 7
9 55 7
10 55 7
79 55 7
82 55 7
79 56 7
80 56 7
81 56 7
82 56 7
86 60 7
87 60 7
88 60 7
89 60 7
86 61 7
89 61 7
11 62 7
12 62 7
13 62 7
14 62 7
86 62 7
89 62 7
11 63 7
14 63 7
86 63 7
87 63 7
88 63 7
89 63 7
11 64 7
14 64 7
55 64 7
56 64 7
57 64 7
58 64 7
11 65 7
12 65 7
13 65 7
14 65 7
55 65 7
58 65 7
55 66 7
58 66 7
55 67 7
56 67 7
57 67 7
58 67 7
40 72 7
41 72 7
42 72 7
43 72 7
40 73 7
43 73 7
40 74 7
43 74 7
8 75 7
9 75 7
10 75 7
11 75 7
40 75 7
41 75 7
42 75 7
43 75 7
79 75 7
80 75 7
81 75 7
82 75 7
8 76 7
11 76 7
58 76 7
59 76 7
60 76 7
61 76 7
79 76 7
82 76 7
8 77 7
11 77 7
58 77 7
61 77 7
79 77 7
82 77 7
8 78 7
9 78 7
10 78 7
11 78 7
58 78 7
61 78 7
79 78 7
80 78 7
81 78 7
82 78 7
58 79 7
59 79 7
60 79 7
61 79 7
86 82 7
87 82 7
88 82 7
89 82 7
86 83 7
89 83 7
86 84 7
89 84 7
64 85 7
65 85 7
66 85 7
67 85 7
86 85 7
87 85 7
88 85 7
89 85 7
13 86 7
14 86 7
15 86 7
16 86 7
64 86 7
67 86 7
13 87 7
16 87 7
64 87 7
67 87 7
13 88 7
16 88 7
64 88 7
65 88 7
66 88 7
67 88 7
13 89 7
14 89 7
15 89 7
16 89 7
40 89 7
41 89 7
42 89 7
43 89 7
40 90 7
43 90 7
40 91 7
43 91 7
40 92 7
41 92 7
42 92 7
43 92 7
5 5 8
6 5 8
7 5 8
8 5 8
40 5 8
41 5 8
42 5 8
43 5 8
5 6 8
8 6 8
40 6 8
43 6 8
55 6 8
56 6 8
57 6 8
58 6 8
5 7 8
8 7 8
40 7 8
43 7 8
55 7 8
58 7 8
78 7 8
79 7 8
80 7 8
81 7 8
5 8 8
6 8 8
7 8 8
8 8 8
9 8 8
10 8 8
11 8 8
40 8 8
41 8 8
42 8 8
43 8 8
55 8 8
58 8 8
78 8 8
81 8 8
8 9 8
11 9 8
55 9 8
56 9 8
57 9 8
58 9 8
78 9 8
81 9 8
8 10 8
11 10 8
78 10 8
79 10 8
80 10 8
81 10 8
85 10 8
86 10 8
87 10 8
88 10 8
8 11 8
9 11 8
10 11 8
11 11 8
60 11 8
61 11 8
62 11 8
63 11 8
85 11 8
88 11 8
40 12 8
41 12 8
42 12 8
43 12 8
60 12 8
63 12 8
85 12 8
88 12 8
40 13 8
43 13 8
60 13 8
63 13 8
85 13 8
86 13 8
87 13 8
88 13 8
40 14 8
43 14 8
60 14 8
61 14 8
62 14 8
63 14 8
40 15 8
41 15 8
42 15 8
43 15 8
40 20 8
41 20 8
42 20 8
43 20 8
40 21 8
43 21 8
7 22 8
8 22 8
9 22 8
10 22 8
40 22 8
43 22 8
7 23 8
10 23 8
40 23 8
41 23 8
42 23 8
43 23 8
79 23 8
80 23 8
81 23 8
82 23 8
7 24 8
10 24 8
79 24 8
82 24 8
7 25 8
8 25 8
9 25 8
10 25 8
79 25 8
82 25 8
11 26 8
12 26 8
13 26 8
14 26 8
79 26 8
80 26 8
81 26 8
82 26 8
11 27 8
14 27 8
11 28 8
14 28 8
11 29 8
12 29 8
13 29 8
14 29 8
86 31 8
87 31 8
88 31 8
89 31 8
86 32 8
89 32 8
86 33 8
89 33 8
40 34 8
41 34 8
42 34 8
43 34 8
86 34 8
87 34 8
88 34 8
89 34 8
40 35 8
43 35 8
40 36 8
43 36 8
40 37 8
41 37 8
42 37 8
43 37 8
5 42 8
6 42 8
7 42 8
8 42 8
32 42 8
33 42 8
34 42 8
35 42 8
76 42 8
77 42 8
78 42 8
79 42 8
89 42 8
90 42 8
91 42 8
92 42 8
5 43 8
8 43 8
32 43 8
35 43 8
76 43 8
79 43 8
89 43 8
92 43 8
5 44 8
8 44 8
32 44 8
35 44 8
76 44 8
79 44 8
89 44 8
92 44 8
5 45 8
6 45 8
7 45 8
8 45 8
32 45 8
33 45 8
34 45 8
35 45 8
76 45 8
77 45 8
78 45 8
79 45 8
89 45 8
90 45 8
91 45 8
92 45 8
54 50 8
55 50 8
56 50 8
57 50 8
54 51 8
57 51 8
7 52 8
8 52 8
9 52 8
10 52 8
54 52 8
57 52 8
7 53 8
10 53 8
54 53 8
55 53 8
56 53 8
57 53 8
79 53 8
80 53 8
81 53 8
82 53 8
7 54 8
10 54 8
79 54 8
82 54 8
7 55 8
8 55 8
9 55 8
10 55 8
79 55 8
82 55 8
79 56 8
80 56 8
81 56 8
82 56 8
86 60 8
87 60 8
88 60 8
89 60 8
86 61 8
89 61 8
11 62 8
12 62 8
13 62 8
14 62 8
86 62 8
89 62 8
11 63 8
14 63 8
86 63 8
87 63 8
88 63 8
89 63 8
11 64 8
14 64 8
55 64 8
56 64 8
57 64 8
58 64 8
11 65 8
12 65 8
13 65 8
14 65 8
55 65 8
58 65 8
55 66 8
58 66 8
55 67 8
56 67 8
57 67 8
58 67 8
40 72 8
41 72 8
42 72 8
43 72 8
40 73 8
43 73 8
40 74 8
43 74 8
8 75 8
9 75 8
10 75 8
11 75 8
40 75 8
41 75 8
42 75 8
43 75 8
79 75 8
80 75 8
81 75 8
82 75 8
8 76 8
11 76 8
58 76 8
59 76 8
60 76 8
61 76 8
79 76 8
82 76 8
8 77 8
11 77 8
58 77 8
61 77 8
79 77 8
82 77 8
8 78 8
9 78 8
10 78 8
11 78 8
58 78 8
61 78 8
79 78 8
80 78 8
81 78 8
82 78 8
58 79 8
59 79 8
60 79 8
61 79 8
86 82 8
87 82 8
88 82 8
89 82 8
86 83 8
89 83 8
86 84 8
89 84 8
64 85 8
65 85 8
66 85 8
67 85 8
86 85 8
87 85 8
88 85 8
89 85 8
13 86 8
14 86 8
15 86 8
16 86 8
64 86 8
67 86 8
13 87 8
16 87 8
64 87 8
67 87 8
13 88 8
16 88 8
64 88 8
65 88 8
66 88 8
67 88 8
13 89 8
14 89 8
15 89 8
16 89 8
40 89 8
41 89 8
42 89 8
43 89 8
40 90 8
43 90 8
40 91 8
43 91 8
40 92 8
41 92 8
42 92 8
43 92 8
5 5 9
6 5 9
7 5 9
8 5 9
40 5 9
41 5 9
42 5 9
43 5 9
5 6 9
8 6 9
40 6 9
43 6 9
55 6 9
56 6 9
57 6 9
58 6 9
5 7 9
8 7 9
40 7 9
43 7 9
55 7 9
58 7 9
78 7 9
79 7 9
80 7 9
81 7 9
5 8 9
6 8 9
7 8 9
8 8 9
9 8 9
10 8 9
11 8 9
40 8 9
41 8 9
42 8 9
43 8 9
55 8 9
58 8 9
78 8 9
81 8 9
8 9 9
11 9 9
55 9 9
56 9 9
57 9 9
58 9 9
78 9 9
81 9 9
8 10 9
11 10 9
78 10 9
79 10 9
80 10 9
81 10 9
85 10 9
86 10 9
87 10 9
88 10 9
8 11 9
9 11 9
10 11 9
11 11 9
60 11 9
61 11 9
62 11 9
63 11 9
85 11 9
88 11 9
40 12 9
41 12 9
42 12 9
43 12 9
60 12 9
63 12 9
85 12 9
88 12 9
40 13 9
43 13 9
60 13 9
63 13 9
85 13 9
86 13 9
87 13 9
88 13 9
40 14 9
43 14 9
60 14 9
61 14 9
62 14 9
63 14 9
40 15 9
41 15 9
42 15 9
43 15 9
40 20 9
41 20 9
42 20 9
43 20 9
40 21 9
43 21 9
7 22 9
8 22 9
9 22 9
10 22 9
40 22 9
43 22 9
7 23 9
10 23 9
40 23 9
41 23 9
42 23 9
43 23 9
79 23 9
80 23 9
81 23 9
82 23 9
7 24 9
10 24 9
79 24 9
82 24 9
7 25 9
8 25 9
9 25 9
10 25 9
79 25 9
82 25 9
11 26 9
12 26 9
13 26 9
14 26 9
79 26 9
80 26 9
81 26 9
82 26 9
11 27 9
14 27 9
11 28 9
14 28 9
11 29 9
12 29 9
13 29 9
14 29 9
86 31 9
87 31 9
88 31 9
89 31 9
86 32 9
89 32 9
86 33 9
89 33 9
40 34 9
41 34 9
42 34 9
43 34 9
86 34 9
87 34 9
88 34 9
89 34 9
40 35 9
43 35 9
40 36 9
43 36 9
40 37 9
41 37 9
42 37 9
43 37 9
5 42 9
6 42 9
7 42 9
8 42 9
32 42 9
33 42 9
34 42 9
35 42 9
76 42 9
77 42 9
78 42 9
79 42 9
89 42 9
90 42 9
91 42 9
92 42 9
5 43 9
8 43 9
32 43 9
35 43 9
76 43 9
79 43 9
89 43 9
92 43 9
5 44 9
8 44 9
32 44 9
35 44 9
76 44 9
79 44 9
89 44 9
92 44 9
5 45 9
6 45 9
7 45 9
8 45 9
32 45 9
33 45 9
34 45 9
35 45 9
76 45 9
77 45 9
78 45 9
79 45 9
89 45 9
90 45 9
91 45 9
92 45 9
54 50 9
55 50 9
56 50 9
57 50 9
54 51 9
57 51 9
7 52 9
8 52 9
9 52 9
10 52 9
54 52 9
57 52 9
7 53 9
10 53 9
54 53 9
55 53 9
56 53 9
57 53 9
79 53 9
80 53 9
81 53 9
82 53 9
7 54 9
10 54 9
79 54 9
82 54 9
7 55 9
8 55 9
9 55 9
10 55 9
79 55 9
82 55 9
79 56 9
80 56 9
81 56 9
82 56 9
86 60 9
87 60 9
88 60 9
89 60 9
86 61 9
89 61 9
11 62 9
12 62 9
13 62 9
14 62 9
86 62 9
89 62 9
11 63 9
14 63 9
86 63 9
87 63 9
88 63 9
89 63 9
11 64 9
14 64 9
55 64 9
56 64 9
57 64 9
58 64 9
11 65 9
12 65 9
13 65 9
14 65 9
55 65 9
58 65 9
55 66 9
58 66 9
55 67 9
56 67 9
57 67 9
58 67 9
40 72 9
41 72 9
42 72 9
43 72 9
40 73 9
43 73 9
40 74 9
43 74 9
8 75 9
9 75 9
10 75 9
11 75 9
40 75 9
41 75 9
42 75 9
43 75 9
79 75 9
80 75 9
81 75 9
82 75 9
8 76 9
11 76 9
58 76 9
59 76 9
60 76 9
61 76 9
79 76 9
82 76 9
8 77 9
11 77 9
58 77 9
61 77 9
79 77 9
82 77 9
8 78 9
9 78 9
10 78 9
11 78 9
58 78 9
61 78 9
79 78 9
80 78 9
81 78 9
82 78 9
58 79 9
59 79 9
60 79 9
61 79 9
86 82 9
87 82 9
88 82 9
89 82 9
86 83 9
89 83 9
86 84 9
89 84 9
64 85 9
65 85 9
66 85 9
67 85 9
86 85 9
87 85 9
88 85 9
89 85 9
13 86 9
14 86 9
15 86 9
16 86 9
64 86 9
67 86 9
13 87 9
16 87 9
64 87 9
67 87 9
13 88 9
16 88 9
64 88 9
65 88 9
66 88 9
67 88 9
13 89 9
14 89 9
15 89 9
16 89 9
40 89 9
41 89 9
42 89 9
43 89 9
40 90 9
43 90 9
40 91 9
43 91 9
40 92 9
41 92 9
42 92 9
43 92 9
5 5 10
6 5 10
7 5 10
8 5 10
40 5 10
41 5 10
42 5 10
43 5 10
5 6 10
6 6 10
7 6 10
8 6 10
40 6 10
43 6 10
55 6 10
56 6 10
57 6 10
58 6 10
5 7 10
6 7 10
7 7 10
8 7 10
40 7 10
43 7 10
55 7 10
56 7 10
57 7 10
58 7 10
78 7 10
79 7 10
80 7 10
81 7 10
5 8 10
6 8 10
7 8 10
8 8 10
9 8 10
10 8 10
11 8 10
40 8 10
41 8 10
42 8 10
43 8 10
55 8 10
56 8 10
57 8 10
58 8 10
78 8 10
79 8 10
80 8 10
81 8 10
8 9 10
9 9 10
10 9 10
11 9 10
55 9 10
56 9 10
57 9 10
58 9 10
78 9 10
79 9 10
80 9 10
81 9 10
8 10 10
9 10 10
10 10 10
11 10 10
78 10 10
79 10 10
80 10 10
81 10 10
85 10 10
86 10 10
87 10 10
88 10 10
8 11 10
9 11 10
10 11 10
11 11 10
60 11 10
61 11 10
62 11 10
63 11 10
85 11 10
86 11 10
87 11 10
88 11 10
40 12 10
41 12 10
42 12 10
43 12 10
60 12 10
61 12 10
62 12 10
63 12 10
85 12 10
86 12 10
87 12 10
88 12 10
40 13 10
43 13 10
60 13 10
61 13 10
62 13 10
63 13 10
85 13 10
86 13 10
87 13 10
88 13 10
40 14 10
43 14 10
60 14 10
61 14 10
62 14 10
63 14 10
40 15 10
41 15 10
42 15 10
43 15 10
40 20 10
41 20 10
42 20 10
43 20 10
40 21 10
41 21 10
42 21 10
43 21 10
7 22 10
8 22 10
9 22 10
10 22 10
40 22 10
41 22 10
42 22 10
43 22 10
7 23 10
8 23 10
9 23 10
10 23 10
40 23 10
41 23 10
42 23 10
43 23 10
79 23 10
80 23 10
81 23 10
82 23 10
7 24 10
8 24 10
9 24 10
10 24 10
79 24 10
80 24 10
81 24 10
82 24 10
7 25 10
8 25 10
9 25 10
10 25 10
79 25 10
80 25 10
81 25 10
82 25 10
11 26 10
12 26 10
13 26 10
14 26 10
79 26 10
80 26 10
81 26 10
82 26 10
11 27 10
12 27 10
13 27 10
14 27 10
11 28 10
12 28 10
13 28 10
14 28 10
11 29 10
12 29 10
13 29 10
14 29 10
86 31 10
87 31 10
88 31 10
89 31 10
86 32 10
87 32 10
88 32 10
89 32 10
86 33 10
87 33 10
88 33 10
89 33 10
40 34 10
41 34 10
42 34 10
43 34 10
86 34 10
87 34 10
88 34 10
89 34 10
40 35 10
41 35 10
42 35 10
43 35 10
40 36 10
41 36 10
42 36 10
43 36 10
40 37 10
41 37 10
42 37 10
43 37 10
5 42 10
6 42 10
7 42 10
8 42 10
32 42 10
33 42 10
34 42 10
35 42 10
76 42 10
77 42 10
78 42 10
79 42 10
89 42 10
90 42 10
91 42 10
92 42 10
5 43 10
6 43 10
7 43 10
8 43 10
32 43 10
33 43 10
34 43 10
35 43 10
76 43 10
77 43 10
78 43 10
79 43 10
89 43 10
90 43 10
91 43 10
92 43 10
5 44 10
6 44 10
7 44 10
8 44 10
32 44 10
33 44 10
34 44 10
35 44 10
76 44 10
77 44 10
78 44 10
79 44 10
89 44 10
90 44 10
91 44 10
92 44 10
5 45 10
6 45 10
7 45 10
8 45 10
32 45 10
33 45 10
34 45 10
35 45 10
76 45 10
77 45 10
78 45 10
79 45 10
89 45 10
90 45 10
91 45 10
92 45 10
54 50 10
55 50 10
56 50 10
57 50 10
54 51 10
55 51 10
56 51 10
57 51 10
7 52 10
8 52 10
9 52 10
10 52 10
54 52 10
55 52 10
56 52 10
57 52 10
7 53 10
8 53 10
9 53 10
10 53 10
54 53 10
55 53 10
56 53 10
57 53 10
79 53 10
80 53 10
81 53 10
82 53 10
7 54 10
8 54 10
9 54 10
10 54 10
79 54 10
80 54 10
81 54 10
82 54 10
7 55 10
8 55 10
9 55 10
10 55 10
79 55 10
80 55 10
81 55 10
82 55 10
79 56 10
80 56 10
81 56 10
82 56 10
86 60 10
87 60 10
88 60 10
89 60 10
86 61 10
87 61 10
88 61 10
89 61 10
11 62 10
12 62 10
13 62 10
14 62 10
86 62 10
87 62 10
88 62 10
89 62 10
11 63 10
12 63 10
13 63 10
14 63 10
86 63 10
87 63 10
88 63 10
89 63 10
11 64 10
12 64 10
13 64 10
14 64 10
55 64 10
56 64 10
57 64 10
58 64 10
11 65 10
12 65 10
13 65 10
14 65 10
55 65 10
56 65 10
57 65 10
58 65 10
55 66 10
56 66 10
57 66 10
58 66 10
55 67 10
56 67 10
57 67 10
58 67 10
40 72 10
41 72 10
42 72 10
43 72 10
40 73 10
41 73 10
42 73 10
43 73 10
40 74 10
41 74 10
42 74 10
43 74 10
8 75 10
9 75 10
10 75 10
11 75 10
40 75 10
41 75 10
42 75 10
43 75 10
79 75 10
80 75 10
81 75 10
82 75 10
8 76 10
9 76 10
10 76 10
11 76 10
58 76 10
59 76 10
60 76 10
61 76 10
79 76 10
80 76 10
81 76 10
82 76 10
8 77 10
9 77 10
10 77 10
11 77 10
58 77 10
59 77 10
60 77 10
61 77 10
79 77 10
80 77 10
81 77 10
82 77 10
8 78 10
9 78 10
10 78 10
11 78 10
58 78 10
59 78 10
60 78 10
61 78 10
79 78 10
80 78 10
81 78 10
82 78 10
58 79 10
59 79 10
60 79 10
61 79 10
86 82 10
87 82 10
88 82 10
89 82 10
86 83 10
87 83 10
88 83 10
89 83 10
86 84 10
87 84 10
88 84 10
89 84 10
64 85 10
65 85 10
66 85 10
67 85 10
86 85 10
87 85 10
88 85 10
89 85 10
13 86 10
14 86 10
15 86 10
16 86 10
64 86 10
65 86 10
66 86 10
67 86 10
13 87 10
14 87 10
15 87 10
16 87 10
64 87 10
65 87 10
66 87 10
67 87 10
13 88 10
14 88 10
15 88 10
16 88 10
64 88 10
65 88 10
66 88 10
67 88 10
13 89 10
14 89 10
15 89 10
16 89 10
40 89 10
41 89 10
42 89 10
43 89 10
40 90 10
41 90 10
42 90 10
43 90 10
40 91 10
41 91 10
42 91 10
43 91 10
40 92 10
41 92 10
42 92 10
43 92 10
40 5 11
41 5 11
42 5 11
43 5 11
40 6 11
41 6 11
42 6 11
43 6 11
40 7 11
41 7 11
42 7 11
43 7 11
40 8 11
41 8 11
42 8 11
43 8 11
40 12 11
41 12 11
42 12 11
43 12 11
40 13 11
41 13 11
42 13 11
43 13 11
40 14 11
41 14 11
42 14 11
43 14 11
40 15 11
41 15 11
42 15 11
43 15 11
