# position (i,j,k)
6 6 1
7 6 1
41 6 1
42 6 1
6 7 1
7 7 1
41 7 1
42 7 1
56 7 1
57 7 1
56 8 1
57 8 1
79 8 1
80 8 1
9 9 1
10 9 1
79 9 1
80 9 1
9 10 1
10 10 1
86 11 1
87 11 1
61 12 1
62 12 1
86 12 1
87 12 1
41 13 1
42 13 1
61 13 1
62 13 1
41 14 1
42 14 1
41 21 1
42 21 1
41 22 1
42 22 1
8 23 1
9 23 1
8 24 1
9 24 1
58 24 1
59 24 1
80 24 1
81 24 1
58 25 1
59 25 1
80 25 1
81 25 1
12 27 1
13 27 1
12 28 1
13 28 1
87 32 1
88 32 1
87 33 1
88 33 1
41 35 1
42 35 1
41 36 1
42 36 1
66 40 1
67 40 1
66 41 1
67 41 1
40 42 1
41 42 1
6 43 1
7 43 1
33 43 1
34 43 1
40 43 1
41 43 1
77 43 1
78 43 1
90 43 1
91 43 1
6 44 1
7 44 1
33 44 1
34 44 1
77 44 1
78 44 1
90 44 1
91 44 1
55 51 1
56 51 1
55 52 1
56 52 1
8 53 1
9 53 1
8 54 1
9 54 1
80 54 1
81 54 1
80 55 1
81 55 1
87 61 1
88 61 1
87 62 1
88 62 1
12 63 1
13 63 1
12 64 1
13 64 1
56 65 1
57 65 1
42 66 1
43 66 1
56 66 1
57 66 1
42 67 1
43 67 1
41 73 1
42 73 1
41 74 1
42 74 1
9 76 1
10 76 1
80 76 1
81 76 1
9 77 1
10 77 1
59 77 1
60 77 1
80 77 1
81 77 1
59 78 1
60 78 1
87 83 1
88 83 1
87 84 1
88 84 1
65 86 1
66 86 1
14 87 1
15 87 1
65 87 1
66 87 1
14 88 1
15 88 1
41 90 1
42 90 1
41 91 1
42 91 1
6 6 2
7 6 2
41 6 2
42 6 2
6 7 2
7 7 2
41 7 2
42 7 2
56 7 2
57 7 2
56 8 2
57 8 2
79 8 2
80 8 2
9 9 2
10 9 2
79 9 2
80 9 2
9 10 2
10 10 2
86 11 2
87 11 2
61 12 2
62 12 2
86 12 2
87 12 2
41 13 2
42 13 2
61 13 2
62 13 2
41 14 2
42 14 2
41 21 2
42 21 2
41 22 2
42 22 2
8 23 2
9 23 2
8 24 2
9 24 2
80 24 2
81 24 2
80 25 2
81 25 2
12 27 2
13 27 2
12 28 2
13 28 2
87 32 2
88 32 2
87 33 2
88 33 2
41 35 2
42 35 2
41 36 2
42 36 2
6 43 2
7 43 2
33 43 2
34 43 2
77 43 2
78 43 2
90 43 2
91 43 2
6 44 2
7 44 2
33 44 2
34 44 2
77 44 2
78 44 2
90 44 2
91 44 2
55 51 2
56 51 2
55 52 2
56 52 2
8 53 2
9 53 2
8 54 2
9 54 2
80 54 2
81 54 2
80 55 2
81 55 2
87 61 2
88 61 2
87 62 2
88 62 2
12 63 2
13 63 2
12 64 2
13 64 2
56 65 2
57 65 2
56 66 2
57 66 2
41 73 2
42 73 2
41 74 2
42 74 2
9 76 2
10 76 2
80 76 2
81 76 2
9 77 2
10 77 2
59 77 2
60 77 2
80 77 2
81 77 2
59 78 2
60 78 2
87 83 2
88 83 2
87 84 2
88 84 2
65 86 2
66 86 2
14 87 2
15 87 2
65 87 2
66 87 2
14 88 2
15 88 2
41 90 2
42 90 2
41 91 2
42 91 2
6 6 3
7 6 3
41 6 3
42 6 3
6 7 3
7 7 3
41 7 3
42 7 3
56 7 3
57 7 3
56 8 3
57 8 3
79 8 3
80 8 3
9 9 3
10 9 3
79 9 3
80 9 3
9 10 3
10 10 3
86 11 3
87 11 3
61 12 3
62 12 3
86 12 3
87 12 3
41 13 3
42 13 3
61 13 3
62 13 3
41 14 3
42 14 3
41 21 3
42 21 3
41 22 3
42 22 3
8 23 3
9 23 3
8 24 3
9 24 3
80 24 3
81 24 3
80 25 3
81 25 3
12 27 3
13 27 3
12 28 3
13 28 3
87 32 3
88 32 3
87 33 3
88 33 3
41 35 3
42 35 3
41 36 3
42 36 3
6 43 3
7 43 3
33 43 3
34 43 3
77 43 3
78 43 3
90 43 3
91 43 3
6 44 3
7 44 3
33 44 3
34 44 3
77 44 3
78 44 3
90 44 3
91 44 3
55 51 3
56 51 3
55 52 3
56 52 3
8 53 3
9 53 3
8 54 3
9 54 3
80 54 3
81 54 3
80 55 3
81 55 3
87 61 3
88 61 3
87 62 3
88 62 3
12 63 3
13 63 3
12 64 3
13 64 3
56 65 3
57 65 3
56 66 3
57 66 3
41 73 3
42 73 3
41 74 3
42 74 3
9 76 3
10 76 3
80 76 3
81 76 3
9 77 3
10 77 3
59 77 3
60 77 3
80 77 3
81 77 3
59 78 3
60 78 3
87 83 3
88 83 3
87 84 3
88 84 3
65 86 3
66 86 3
14 87 3
15 87 3
65 87 3
66 87 3
14 88 3
15 88 3
41 90 3
42 90 3
41 91 3
42 91 3
6 6 4
7 6 4
41 6 4
42 6 4
6 7 4
7 7 4
41 7 4
42 7 4
56 7 4
57 7 4
56 8 4
57 8 4
79 8 4
80 8 4
9 9 4
10 9 4
79 9 4
80 9 4
9 10 4
10 10 4
86 11 4
87 11 4
61 12 4
62 12 4
86 12 4
87 12 4
41 13 4
42 13 4
61 13 4
62 13 4
41 14 4
42 14 4
41 21 4
42 21 4
41 22 4
42 22 4
8 23 4
9 23 4
8 24 4
9 24 4
80 24 4
81 24 4
80 25 4
81 25 4
12 27 4
13 27 4
12 28 4
13 28 4
87 32 4
88 32 4
87 33 4
88 33 4
41 35 4
42 35 4
41 36 4
42 36 4
6 43 4
7 43 4
33 43 4
34 43 4
77 43 4
78 43 4
90 43 4
91 43 4
6 44 4
7 44 4
33 44 4
34 44 4
77 44 4
78 44 4
90 44 4
91 44 4
55 51 4
56 51 4
55 52 4
56 52 4
8 53 4
9 53 4
8 54 4
9 54 4
80 54 4
81 54 4
80 55 4
81 55 4
87 61 4
88 61 4
87 62 4
88 62 4
12 63 4
13 63 4
12 64 4
13 64 4
56 65 4
57 65 4
56 66 4
57 66 4
41 73 4
42 73 4
41 74 4
42 74 4
9 76 4
10 76 4
80 76 4
81 76 4
9 77 4
10 77 4
59 77 4
60 77 4
80 77 4
81 77 4
59 78 4
60 78 4
87 83 4
88 83 4
87 84 4
88 84 4
65 86 4
66 86 4
14 87 4
15 87 4
65 87 4
66 87 4
14 88 4
15 88 4
41 90 4
42 90 4
41 91 4
42 91 4
6 6 5
7 6 5
41 6 5
42 6 5
6 7 5
7 7 5
41 7 5
42 7 5
56 7 5
57 7 5
56 8 5
57 8 5
79 8 5
80 8 5
9 9 5
10 9 5
79 9 5
80 9 5
9 10 5
10 10 5
86 11 5
87 11 5
61 12 5
62 12 5
86 12 5
87 12 5
41 13 5
42 13 5
61 13 5
62 13 5
41 14 5
42 14 5
41 21 5
42 21 5
41 22 5
42 22 5
8 23 5
9 23 5
8 24 5
9 24 5
80 24 5
81 24 5
80 25 5
81 25 5
12 27 5
13 27 5
12 28 5
13 28 5
87 32 5
88 32 5
87 33 5
88 33 5
41 35 5
42 35 5
41 36 5
42 36 5
6 43 5
7 43 5
33 43 5
34 43 5
77 43 5
78 43 5
90 43 5
91 43 5
6 44 5
7 44 5
33 44 5
34 44 5
77 44 5
78 44 5
90 44 5
91 44 5
55 51 5
56 51 5
55 52 5
56 52 5
8 53 5
9 53 5
8 54 5
9 54 5
80 54 5
81 54 5
80 55 5
81 55 5
87 61 5
88 61 5
87 62 5
88 62 5
12 63 5
13 63 5
12 64 5
13 64 5
56 65 5
57 65 5
56 66 5
57 66 5
41 73 5
42 73 5
41 74 5
42 74 5
9 76 5
10 76 5
80 76 5
81 76 5
9 77 5
10 77 5
59 77 5
60 77 5
80 77 5
81 77 5
59 78 5
60 78 5
87 83 5
88 83 5
87 84 5
88 84 5
65 86 5
66 86 5
14 87 5
15 87 5
65 87 5
66 87 5
14 88 5
15 88 5
41 90 5
42 90 5
41 91 5
42 91 5
6 6 6
7 6 6
41 6 6
42 6 6
6 7 6
7 7 6
41 7 6
42 7 6
56 7 6
57 7 6
56 8 6
57 8 6
79 8 6
80 8 6
9 9 6
10 9 6
79 9 6
80 9 6
9 10 6
10 10 6
86 11 6
87 11 6
61 12 6
62 12 6
86 12 6
87 12 6
41 13 6
42 13 6
61 13 6
62 13 6
41 14 6
42 14 6
41 21 6
42 21 6
41 22 6
42 22 6
8 23 6
9 23 6
8 24 6
9 24 6
80 24 6
81 24 6
80 25 6
81 25 6
12 27 6
13 27 6
12 28 6
13 28 6
87 32 6
88 32 6
87 33 6
88 33 6
41 35 6
42 35 6
41 36 6
42 36 6
6 43 6
7 43 6
33 43 6
34 43 6
77 43 6
78 43 6
90 43 6
91 43 6
6 44 6
7 44 6
33 44 6
34 44 6
77 44 6
78 44 6
90 44 6
91 44 6
55 51 6
56 51 6
55 52 6
56 52 6
8 53 6
9 53 6
8 54 6
9 54 6
80 54 6
81 54 6
80 55 6
81 55 6
87 61 6
88 61 6
87 62 6
88 62 6
12 63 6
13 63 6
12 64 6
13 64 6
56 65 6
57 65 6
56 66 6
57 66 6
41 73 6
42 73 6
41 74 6
42 74 6
9 76 6
10 76 6
80 76 6
81 76 6
9 77 6
10 77 6
59 77 6
60 77 6
80 77 6
81 77 6
59 78 6
60 78 6
87 83 6
88 83 6
87 84 6
88 84 6
65 86 6
66 86 6
14 87 6
15 87 6
65 87 6
66 87 6
14 88 6
15 88 6
41 90 6
42 90 6
41 91 6
42 91 6
6 6 7
7 6 7
41 6 7
42 6 7
6 7 7
7 7 7
41 7 7
42 7 7
56 7 7
57 7 7
56 8 7
57 8 7
79 8 7
80 8 7
9 9 7
10 9 7
79 9 7
80 9 7
9 10 7
10 10 7
86 11 7
87 11 7
61 12 7
62 12 7
86 12 7
87 12 7
41 13 7
42 13 7
61 13 7
62 13 7
41 14 7
42 14 7
41 21 7
42 21 7
41 22 7
42 22 7
8 23 7
9 23 7
8 24 7
9 24 7
80 24 7
81 24 7
80 25 7
81 25 7
12 27 7
13 27 7
12 28 7
13 28 7
87 32 7
88 32 7
87 33 7
88 33 7
41 35 7
42 35 7
41 36 7
42 36 7
6 43 7
7 43 7
33 43 7
34 43 7
77 43 7
78 43 7
90 43 7
91 43 7
6 44 7
7 44 7
33 44 7
34 44 7
77 44 7
78 44 7
90 44 7
91 44 7
55 51 7
56 51 7
55 52 7
56 52 7
8 53 7
9 53 7
8 54 7
9 54 7
80 54 7
81 54 7
80 55 7
81 55 7
87 61 7
88 61 7
87 62 7
88 62 7
12 63 7
13 63 7
12 64 7
13 64 7
56 65 7
57 65 7
56 66 7
57 66 7
41 73 7
42 73 7
41 74 7
42 74 7
9 76 7
10 76 7
80 76 7
81 76 7
9 77 7
10 77 7
59 77 7
60 77 7
80 77 7
81 77 7
59 78 7
60 78 7
87 83 7
88 83 7
87 84 7
88 84 7
65 86 7
66 86 7
14 87 7
15 87 7
65 87 7
66 87 7
14 88 7
15 88 7
41 90 7
42 90 7
41 91 7
42 91 7
6 6 8
7 6 8
41 6 8
42 6 8
6 7 8
7 7 8
41 7 8
42 7 8
56 7 8
57 7 8
56 8 8
57 8 8
79 8 8
80 8 8
9 9 8
10 9 8
79 9 8
80 9 8
9 10 8
10 10 8
86 11 8
87 11 8
61 12 8
62 12 8
86 12 8
87 12 8
41 13 8
42 13 8
61 13 8
62 13 8
41 14 8
42 14 8
41 21 8
42 21 8
41 22 8
42 22 8
8 23 8
9 23 8
8 24 8
9 24 8
80 24 8
81 24 8
80 25 8
81 25 8
12 27 8
13 27 8
12 28 8
13 28 8
87 32 8
88 32 8
87 33 8
88 33 8
41 35 8
42 35 8
41 36 8
42 36 8
6 43 8
7 43 8
33 43 8
34 43 8
77 43 8
78 43 8
90 43 8
91 43 8
6 44 8
7 44 8
33 44 8
34 44 8
77 44 8
78 44 8
90 44 8
91 44 8
55 51 8
56 51 8
55 52 8
56 52 8
8 53 8
9 53 8
8 54 8
9 54 8
80 54 8
81 54 8
80 55 8
81 55 8
87 61 8
88 61 8
87 62 8
88 62 8
12 63 8
13 63 8
12 64 8
13 64 8
56 65 8
57 65 8
56 66 8
57 66 8
41 73 8
42 73 8
41 74 8
42 74 8
9 76 8
10 76 8
80 76 8
81 76 8
9 77 8
10 77 8
59 77 8
60 77 8
80 77 8
81 77 8
59 78 8
60 78 8
87 83 8
88 83 8
87 84 8
88 84 8
65 86 8
66 86 8
14 87 8
15 87 8
65 87 8
66 87 8
14 88 8
15 88 8
41 90 8
42 90 8
41 91 8
42 91 8
6 6 9
7 6 9
41 6 9
42 6 9
6 7 9
7 7 9
41 7 9
42 7 9
56 7 9
57 7 9
56 8 9
57 8 9
79 8 9
80 8 9
9 9 9
10 9 9
79 9 9
80 9 9
9 10 9
10 10 9
86 11 9
87 11 9
61 12 9
62 12 9
86 12 9
87 12 9
41 13 9
42 13 9
61 13 9
62 13 9
41 14 9
42 14 9
41 21 9
42 21 9
41 22 9
42 22 9
8 23 9
9 23 9
8 24 9
9 24 9
80 24 9
81 24 9
80 25 9
81 25 9
12 27 9
13 27 9
12 28 9
13 28 9
87 32 9
88 32 9
87 33 9
88 33 9
41 35 9
42 35 9
41 36 9
42 36 9
6 43 9
7 43 9
33 43 9
34 43 9
77 43 9
78 43 9
90 43 9
91 43 9
6 44 9
7 44 9
33 44 9
34 44 9
77 44 9
78 44 9
90 44 9
91 44 9
55 51 9
56 51 9
55 52 9
56 52 9
8 53 9
9 53 9
8 54 9
9 54 9
80 54 9
81 54 9
80 55 9
81 55 9
87 61 9
88 61 9
87 62 9
88 62 9
12 63 9
13 63 9
12 64 9
13 64 9
56 65 9
57 65 9
56 66 9
57 66 9
41 73 9
42 73 9
41 74 9
42 74 9
9 76 9
10 76 9
80 76 9
81 76 9
9 77 9
10 77 9
59 77 9
60 77 9
80 77 9
81 77 9
59 78 9
60 78 9
87 83 9
88 83 9
87 84 9
88 84 9
65 86 9
66 86 9
14 87 9
15 87 9
65 87 9
66 87 9
14 88 9
15 88 9
41 90 9
42 90 9
41 91 9
42 91 9
41 6 10
42 6 10
41 7 10
42 7 10
41 13 10
42 13 10
41 14 10
42 14 10
