# position (i,j,k)
5 6 1
7 6 1
8 6 1
12 6 1
41 6 1
42 6 1
5 7 1
7 7 1
8 7 1
12 7 1
40 7 1
41 7 1
42 7 1
44 7 1
54 7 1
57 7 1
58 7 1
65 7 1
76 7 1
91 7 1
40 8 1
44 8 1
54 8 1
57 8 1
58 8 1
65 8 1
76 8 1
79 8 1
80 8 1
91 8 1
5 9 1
9 9 1
10 9 1
12 9 1
79 9 1
80 9 1
5 10 1
9 10 1
10 10 1
12 10 1
87 11 1
88 11 1
40 12 1
44 12 1
54 12 1
61 12 1
62 12 1
65 12 1
76 12 1
87 12 1
88 12 1
91 12 1
40 13 1
42 13 1
43 13 1
44 13 1
54 13 1
61 13 1
62 13 1
65 13 1
76 13 1
91 13 1
42 14 1
43 14 1
41 21 1
42 21 1
5 22 1
17 22 1
40 22 1
41 22 1
42 22 1
44 22 1
76 22 1
93 22 1
5 23 1
8 23 1
9 23 1
17 23 1
40 23 1
44 23 1
76 23 1
93 23 1
8 24 1
9 24 1
81 24 1
82 24 1
81 25 1
82 25 1
13 27 1
14 27 1
5 28 1
13 28 1
14 28 1
17 28 1
5 29 1
17 29 1
87 32 1
88 32 1
87 33 1
88 33 1
40 34 1
44 34 1
76 34 1
93 34 1
40 35 1
42 35 1
43 35 1
44 35 1
76 35 1
93 35 1
42 36 1
43 36 1
5 43 1
6 43 1
7 43 1
34 43 1
35 43 1
36 43 1
76 43 1
77 43 1
78 43 1
91 43 1
92 43 1
93 43 1
5 44 1
6 44 1
7 44 1
34 44 1
35 44 1
36 44 1
76 44 1
77 44 1
78 44 1
91 44 1
92 44 1
93 44 1
56 51 1
57 51 1
5 52 1
17 52 1
54 52 1
56 52 1
57 52 1
59 52 1
76 52 1
93 52 1
5 53 1
9 53 1
10 53 1
17 53 1
54 53 1
59 53 1
76 53 1
93 53 1
9 54 1
10 54 1
80 54 1
81 54 1
80 55 1
81 55 1
88 61 1
89 61 1
88 62 1
89 62 1
12 63 1
13 63 1
76 63 1
93 63 1
5 64 1
12 64 1
13 64 1
17 64 1
54 64 1
59 64 1
76 64 1
93 64 1
5 65 1
17 65 1
54 65 1
56 65 1
57 65 1
59 65 1
56 66 1
57 66 1
41 73 1
42 73 1
5 74 1
20 74 1
40 74 1
41 74 1
42 74 1
44 74 1
54 74 1
72 74 1
76 74 1
93 74 1
5 75 1
20 75 1
40 75 1
44 75 1
54 75 1
72 75 1
76 75 1
93 75 1
10 76 1
11 76 1
80 76 1
81 76 1
10 77 1
11 77 1
59 77 1
60 77 1
80 77 1
81 77 1
59 78 1
60 78 1
88 83 1
89 83 1
88 84 1
89 84 1
76 85 1
93 85 1
66 86 1
67 86 1
76 86 1
93 86 1
14 87 1
15 87 1
66 87 1
67 87 1
14 88 1
15 88 1
5 89 1
20 89 1
40 89 1
44 89 1
54 89 1
72 89 1
5 90 1
20 90 1
40 90 1
42 90 1
43 90 1
44 90 1
54 90 1
72 90 1
42 91 1
43 91 1
5 6 2
7 6 2
8 6 2
12 6 2
41 6 2
42 6 2
5 7 2
7 7 2
8 7 2
12 7 2
40 7 2
41 7 2
42 7 2
44 7 2
54 7 2
57 7 2
58 7 2
65 7 2
76 7 2
91 7 2
40 8 2
44 8 2
54 8 2
57 8 2
58 8 2
65 8 2
76 8 2
79 8 2
80 8 2
91 8 2
5 9 2
9 9 2
10 9 2
12 9 2
79 9 2
80 9 2
5 10 2
9 10 2
10 10 2
12 10 2
87 11 2
88 11 2
40 12 2
44 12 2
54 12 2
61 12 2
62 12 2
65 12 2
76 12 2
87 12 2
88 12 2
91 12 2
40 13 2
42 13 2
43 13 2
44 13 2
54 13 2
61 13 2
62 13 2
65 13 2
76 13 2
91 13 2
42 14 2
43 14 2
41 21 2
42 21 2
5 22 2
17 22 2
40 22 2
41 22 2
42 22 2
44 22 2
76 22 2
93 22 2
5 23 2
8 23 2
9 23 2
17 23 2
40 23 2
44 23 2
76 23 2
93 23 2
8 24 2
9 24 2
81 24 2
82 24 2
81 25 2
82 25 2
13 27 2
14 27 2
5 28 2
13 28 2
14 28 2
17 28 2
5 29 2
17 29 2
87 32 2
88 32 2
87 33 2
88 33 2
40 34 2
44 34 2
76 34 2
93 34 2
40 35 2
42 35 2
43 35 2
44 35 2
76 35 2
93 35 2
42 36 2
43 36 2
5 43 2
6 43 2
7 43 2
34 43 2
35 43 2
36 43 2
76 43 2
77 43 2
78 43 2
91 43 2
92 43 2
93 43 2
5 44 2
6 44 2
7 44 2
34 44 2
35 44 2
36 44 2
76 44 2
77 44 2
78 44 2
91 44 2
92 44 2
93 44 2
56 51 2
57 51 2
5 52 2
17 52 2
54 52 2
56 52 2
57 52 2
59 52 2
76 52 2
93 52 2
5 53 2
9 53 2
10 53 2
17 53 2
54 53 2
59 53 2
76 53 2
93 53 2
9 54 2
10 54 2
80 54 2
81 54 2
80 55 2
81 55 2
88 61 2
89 61 2
88 62 2
89 62 2
12 63 2
13 63 2
76 63 2
93 63 2
5 64 2
12 64 2
13 64 2
17 64 2
54 64 2
59 64 2
76 64 2
93 64 2
5 65 2
17 65 2
54 65 2
56 65 2
57 65 2
59 65 2
56 66 2
57 66 2
41 73 2
42 73 2
5 74 2
20 74 2
40 74 2
41 74 2
42 74 2
44 74 2
54 74 2
72 74 2
76 74 2
93 74 2
5 75 2
20 75 2
40 75 2
44 75 2
54 75 2
72 75 2
76 75 2
93 75 2
10 76 2
11 76 2
80 76 2
81 76 2
10 77 2
11 77 2
59 77 2
60 77 2
80 77 2
81 77 2
59 78 2
60 78 2
88 83 2
89 83 2
88 84 2
89 84 2
76 85 2
93 85 2
66 86 2
67 86 2
76 86 2
93 86 2
14 87 2
15 87 2
66 87 2
67 87 2
14 88 2
15 88 2
5 89 2
20 89 2
40 89 2
44 89 2
54 89 2
72 89 2
5 90 2
20 90 2
40 90 2
42 90 2
43 90 2
44 90 2
54 90 2
72 90 2
42 91 2
43 91 2
5 6 3
7 6 3
8 6 3
12 6 3
41 6 3
42 6 3
5 7 3
7 7 3
8 7 3
12 7 3
40 7 3
41 7 3
42 7 3
44 7 3
54 7 3
57 7 3
58 7 3
65 7 3
76 7 3
91 7 3
40 8 3
44 8 3
54 8 3
57 8 3
58 8 3
65 8 3
76 8 3
79 8 3
80 8 3
91 8 3
5 9 3
9 9 3
10 9 3
12 9 3
79 9 3
80 9 3
5 10 3
9 10 3
10 10 3
12 10 3
87 11 3
88 11 3
40 12 3
44 12 3
54 12 3
61 12 3
62 12 3
65 12 3
76 12 3
87 12 3
88 12 3
91 12 3
40 13 3
42 13 3
43 13 3
44 13 3
54 13 3
61 13 3
62 13 3
65 13 3
76 13 3
91 13 3
42 14 3
43 14 3
41 21 3
42 21 3
5 22 3
17 22 3
40 22 3
41 22 3
42 22 3
44 22 3
76 22 3
93 22 3
5 23 3
8 23 3
9 23 3
17 23 3
40 23 3
44 23 3
76 23 3
93 23 3
8 24 3
9 24 3
81 24 3
82 24 3
81 25 3
82 25 3
13 27 3
14 27 3
5 28 3
13 28 3
14 28 3
17 28 3
5 29 3
17 29 3
87 32 3
88 32 3
87 33 3
88 33 3
40 34 3
44 34 3
76 34 3
93 34 3
40 35 3
42 35 3
43 35 3
44 35 3
76 35 3
93 35 3
42 36 3
43 36 3
5 43 3
6 43 3
7 43 3
34 43 3
35 43 3
36 43 3
76 43 3
77 43 3
78 43 3
91 43 3
92 43 3
93 43 3
5 44 3
6 44 3
7 44 3
34 44 3
35 44 3
36 44 3
76 44 3
77 44 3
78 44 3
91 44 3
92 44 3
93 44 3
56 51 3
57 51 3
5 52 3
17 52 3
54 52 3
56 52 3
57 52 3
59 52 3
76 52 3
93 52 3
5 53 3
9 53 3
10 53 3
17 53 3
54 53 3
59 53 3
76 53 3
93 53 3
9 54 3
10 54 3
80 54 3
81 54 3
80 55 3
81 55 3
88 61 3
89 61 3
88 62 3
89 62 3
12 63 3
13 63 3
76 63 3
93 63 3
5 64 3
12 64 3
13 64 3
17 64 3
54 64 3
59 64 3
76 64 3
93 64 3
5 65 3
17 65 3
54 65 3
56 65 3
57 65 3
59 65 3
56 66 3
57 66 3
41 73 3
42 73 3
5 74 3
20 74 3
40 74 3
41 74 3
42 74 3
44 74 3
54 74 3
72 74 3
76 74 3
93 74 3
5 75 3
20 75 3
40 75 3
44 75 3
54 75 3
72 75 3
76 75 3
93 75 3
10 76 3
11 76 3
80 76 3
81 76 3
10 77 3
11 77 3
59 77 3
60 77 3
80 77 3
81 77 3
59 78 3
60 78 3
88 83 3
89 83 3
88 84 3
89 84 3
76 85 3
93 85 3
66 86 3
67 86 3
76 86 3
93 86 3
14 87 3
15 87 3
66 87 3
67 87 3
14 88 3
15 88 3
5 89 3
20 89 3
40 89 3
44 89 3
54 89 3
72 89 3
5 90 3
20 90 3
40 90 3
42 90 3
43 90 3
44 90 3
54 90 3
72 90 3
42 91 3
43 91 3
5 6 4
7 6 4
8 6 4
12 6 4
41 6 4
42 6 4
5 7 4
7 7 4
8 7 4
12 7 4
40 7 4
41 7 4
42 7 4
44 7 4
54 7 4
57 7 4
58 7 4
65 7 4
76 7 4
91 7 4
40 8 4
44 8 4
54 8 4
57 8 4
58 8 4
65 8 4
76 8 4
79 8 4
80 8 4
91 8 4
5 9 4
9 9 4
10 9 4
12 9 4
79 9 4
80 9 4
5 10 4
9 10 4
10 10 4
12 10 4
87 11 4
88 11 4
40 12 4
44 12 4
54 12 4
61 12 4
62 12 4
65 12 4
76 12 4
87 12 4
88 12 4
91 12 4
40 13 4
42 13 4
43 13 4
44 13 4
54 13 4
61 13 4
62 13 4
65 13 4
76 13 4
91 13 4
42 14 4
43 14 4
41 21 4
42 21 4
5 22 4
17 22 4
40 22 4
41 22 4
42 22 4
44 22 4
76 22 4
93 22 4
5 23 4
8 23 4
9 23 4
17 23 4
40 23 4
44 23 4
76 23 4
93 23 4
8 24 4
9 24 4
81 24 4
82 24 4
81 25 4
82 25 4
13 27 4
14 27 4
5 28 4
13 28 4
14 28 4
17 28 4
5 29 4
17 29 4
87 32 4
88 32 4
87 33 4
88 33 4
40 34 4
44 34 4
76 34 4
93 34 4
40 35 4
42 35 4
43 35 4
44 35 4
76 35 4
93 35 4
42 36 4
43 36 4
5 43 4
6 43 4
7 43 4
34 43 4
35 43 4
36 43 4
76 43 4
77 43 4
78 43 4
91 43 4
92 43 4
93 43 4
5 44 4
6 44 4
7 44 4
34 44 4
35 44 4
36 44 4
76 44 4
77 44 4
78 44 4
91 44 4
92 44 4
93 44 4
56 51 4
57 51 4
5 52 4
17 52 4
54 52 4
56 52 4
57 52 4
59 52 4
76 52 4
93 52 4
5 53 4
9 53 4
10 53 4
17 53 4
54 53 4
59 53 4
76 53 4
93 53 4
9 54 4
10 54 4
80 54 4
81 54 4
80 55 4
81 55 4
88 61 4
89 61 4
88 62 4
89 62 4
12 63 4
13 63 4
76 63 4
93 63 4
5 64 4
12 64 4
13 64 4
17 64 4
54 64 4
59 64 4
76 64 4
93 64 4
5 65 4
17 65 4
54 65 4
56 65 4
57 65 4
59 65 4
56 66 4
57 66 4
41 73 4
42 73 4
5 74 4
20 74 4
40 74 4
41 74 4
42 74 4
44 74 4
54 74 4
72 74 4
76 74 4
93 74 4
5 75 4
20 75 4
40 75 4
44 75 4
54 75 4
72 75 4
76 75 4
93 75 4
10 76 4
11 76 4
80 76 4
81 76 4
10 77 4
11 77 4
59 77 4
60 77 4
80 77 4
81 77 4
59 78 4
60 78 4
88 83 4
89 83 4
88 84 4
89 84 4
76 85 4
93 85 4
66 86 4
67 86 4
76 86 4
93 86 4
14 87 4
15 87 4
66 87 4
67 87 4
14 88 4
15 88 4
5 89 4
20 89 4
40 89 4
44 89 4
54 89 4
72 89 4
5 90 4
20 90 4
40 90 4
42 90 4
43 90 4
44 90 4
54 90 4
72 90 4
42 91 4
43 91 4
5 6 5
7 6 5
8 6 5
12 6 5
41 6 5
42 6 5
5 7 5
7 7 5
8 7 5
12 7 5
40 7 5
41 7 5
42 7 5
44 7 5
54 7 5
57 7 5
58 7 5
65 7 5
76 7 5
91 7 5
40 8 5
44 8 5
54 8 5
57 8 5
58 8 5
65 8 5
76 8 5
79 8 5
80 8 5
91 8 5
5 9 5
9 9 5
10 9 5
12 9 5
79 9 5
80 9 5
5 10 5
9 10 5
10 10 5
12 10 5
87 11 5
88 11 5
40 12 5
44 12 5
54 12 5
61 12 5
62 12 5
65 12 5
76 12 5
87 12 5
88 12 5
91 12 5
40 13 5
42 13 5
43 13 5
44 13 5
54 13 5
61 13 5
62 13 5
65 13 5
76 13 5
91 13 5
42 14 5
43 14 5
41 21 5
42 21 5
5 22 5
17 22 5
40 22 5
41 22 5
42 22 5
44 22 5
76 22 5
93 22 5
5 23 5
8 23 5
9 23 5
17 23 5
40 23 5
44 23 5
76 23 5
93 23 5
8 24 5
9 24 5
81 24 5
82 24 5
81 25 5
82 25 5
13 27 5
14 27 5
5 28 5
13 28 5
14 28 5
17 28 5
5 29 5
17 29 5
87 32 5
88 32 5
87 33 5
88 33 5
40 34 5
44 34 5
76 34 5
93 34 5
40 35 5
42 35 5
43 35 5
44 35 5
76 35 5
93 35 5
42 36 5
43 36 5
5 43 5
6 43 5
7 43 5
34 43 5
35 43 5
36 43 5
76 43 5
77 43 5
78 43 5
91 43 5
92 43 5
93 43 5
5 44 5
6 44 5
7 44 5
34 44 5
35 44 5
36 44 5
76 44 5
77 44 5
78 44 5
91 44 5
92 44 5
93 44 5
56 51 5
57 51 5
5 52 5
17 52 5
54 52 5
56 52 5
57 52 5
59 52 5
76 52 5
93 52 5
5 53 5
9 53 5
10 53 5
17 53 5
54 53 5
59 53 5
76 53 5
93 53 5
9 54 5
10 54 5
80 54 5
81 54 5
80 55 5
81 55 5
88 61 5
89 61 5
88 62 5
89 62 5
12 63 5
13 63 5
76 63 5
93 63 5
5 64 5
12 64 5
13 64 5
17 64 5
54 64 5
59 64 5
76 64 5
93 64 5
5 65 5
17 65 5
54 65 5
56 65 5
57 65 5
59 65 5
56 66 5
57 66 5
41 73 5
42 73 5
5 74 5
20 74 5
40 74 5
41 74 5
42 74 5
44 74 5
54 74 5
72 74 5
76 74 5
93 74 5
5 75 5
20 75 5
40 75 5
44 75 5
54 75 5
72 75 5
76 75 5
93 75 5
10 76 5
11 76 5
80 76 5
81 76 5
10 77 5
11 77 5
59 77 5
60 77 5
80 77 5
81 77 5
59 78 5
60 78 5
88 83 5
89 83 5
88 84 5
89 84 5
76 85 5
93 85 5
66 86 5
67 86 5
76 86 5
93 86 5
14 87 5
15 87 5
66 87 5
67 87 5
14 88 5
15 88 5
5 89 5
20 89 5
40 89 5
44 89 5
54 89 5
72 89 5
5 90 5
20 90 5
40 90 5
42 90 5
43 90 5
44 90 5
54 90 5
72 90 5
42 91 5
43 91 5
5 6 6
7 6 6
8 6 6
12 6 6
41 6 6
42 6 6
5 7 6
7 7 6
8 7 6
40 7 6
41 7 6
42 7 6
44 7 6
54 7 6
57 7 6
58 7 6
65 7 6
76 7 6
91 7 6
40 8 6
44 8 6
54 8 6
57 8 6
58 8 6
76 8 6
79 8 6
80 8 6
9 9 6
10 9 6
12 9 6
79 9 6
80 9 6
5 10 6
9 10 6
10 10 6
12 10 6
87 11 6
88 11 6
40 12 6
44 12 6
61 12 6
62 12 6
65 12 6
87 12 6
88 12 6
91 12 6
40 13 6
42 13 6
43 13 6
44 13 6
54 13 6
61 13 6
62 13 6
65 13 6
76 13 6
91 13 6
42 14 6
43 14 6
41 21 6
42 21 6
5 22 6
17 22 6
40 22 6
41 22 6
42 22 6
44 22 6
76 22 6
93 22 6
5 23 6
8 23 6
9 23 6
17 23 6
40 23 6
44 23 6
76 23 6
93 23 6
8 24 6
9 24 6
81 24 6
82 24 6
81 25 6
82 25 6
13 27 6
14 27 6
5 28 6
13 28 6
14 28 6
17 28 6
5 29 6
17 29 6
87 32 6
88 32 6
87 33 6
88 33 6
40 34 6
44 34 6
76 34 6
93 34 6
40 35 6
42 35 6
43 35 6
44 35 6
76 35 6
93 35 6
42 36 6
43 36 6
5 43 6
6 43 6
7 43 6
34 43 6
35 43 6
36 43 6
76 43 6
77 43 6
78 43 6
91 43 6
92 43 6
93 43 6
5 44 6
6 44 6
7 44 6
34 44 6
35 44 6
36 44 6
76 44 6
77 44 6
78 44 6
91 44 6
92 44 6
93 44 6
56 51 6
57 51 6
5 52 6
17 52 6
54 52 6
56 52 6
57 52 6
59 52 6
76 52 6
93 52 6
5 53 6
9 53 6
10 53 6
17 53 6
54 53 6
59 53 6
76 53 6
93 53 6
9 54 6
10 54 6
80 54 6
81 54 6
80 55 6
81 55 6
88 61 6
89 61 6
88 62 6
89 62 6
12 63 6
13 63 6
76 63 6
93 63 6
5 64 6
12 64 6
13 64 6
17 64 6
54 64 6
59 64 6
76 64 6
93 64 6
5 65 6
17 65 6
54 65 6
56 65 6
57 65 6
59 65 6
56 66 6
57 66 6
41 73 6
42 73 6
5 74 6
20 74 6
40 74 6
41 74 6
42 74 6
44 74 6
54 74 6
72 74 6
76 74 6
93 74 6
5 75 6
20 75 6
40 75 6
44 75 6
54 75 6
72 75 6
76 75 6
93 75 6
10 76 6
11 76 6
80 76 6
81 76 6
10 77 6
11 77 6
59 77 6
60 77 6
80 77 6
81 77 6
59 78 6
60 78 6
88 83 6
89 83 6
88 84 6
89 84 6
76 85 6
93 85 6
66 86 6
67 86 6
76 86 6
93 86 6
14 87 6
15 87 6
66 87 6
67 87 6
14 88 6
15 88 6
5 89 6
20 89 6
40 89 6
44 89 6
54 89 6
72 89 6
5 90 6
20 90 6
40 90 6
42 90 6
43 90 6
44 90 6
54 90 6
72 90 6
42 91 6
43 91 6
5 6 7
7 6 7
8 6 7
41 6 7
42 6 7
5 7 7
7 7 7
8 7 7
40 7 7
41 7 7
42 7 7
44 7 7
54 7 7
57 7 7
58 7 7
76 7 7
40 8 7
54 8 7
57 8 7
58 8 7
76 8 7
79 8 7
80 8 7
9 9 7
10 9 7
12 9 7
79 9 7
80 9 7
9 10 7
10 10 7
12 10 7
87 11 7
88 11 7
44 12 7
61 12 7
62 12 7
65 12 7
87 12 7
88 12 7
91 12 7
40 13 7
42 13 7
43 13 7
44 13 7
61 13 7
62 13 7
65 13 7
91 13 7
42 14 7
43 14 7
41 21 7
42 21 7
5 22 7
40 22 7
41 22 7
42 22 7
44 22 7
76 22 7
93 22 7
5 23 7
8 23 7
9 23 7
40 23 7
76 23 7
8 24 7
9 24 7
81 24 7
82 24 7
81 25 7
82 25 7
13 27 7
14 27 7
13 28 7
14 28 7
17 28 7
17 29 7
87 32 7
88 32 7
87 33 7
88 33 7
44 34 7
93 34 7
40 35 7
42 35 7
43 35 7
44 35 7
76 35 7
93 35 7
42 36 7
43 36 7
5 43 7
6 43 7
7 43 7
34 43 7
35 43 7
36 43 7
76 43 7
77 43 7
78 43 7
91 43 7
92 43 7
93 43 7
5 44 7
6 44 7
7 44 7
34 44 7
35 44 7
36 44 7
76 44 7
77 44 7
78 44 7
91 44 7
92 44 7
93 44 7
56 51 7
57 51 7
5 52 7
17 52 7
54 52 7
56 52 7
57 52 7
59 52 7
76 52 7
93 52 7
5 53 7
9 53 7
10 53 7
54 53 7
76 53 7
9 54 7
10 54 7
80 54 7
81 54 7
80 55 7
81 55 7
88 61 7
89 61 7
88 62 7
89 62 7
12 63 7
13 63 7
93 63 7
12 64 7
13 64 7
17 64 7
59 64 7
76 64 7
93 64 7
5 65 7
17 65 7
54 65 7
56 65 7
57 65 7
59 65 7
56 66 7
57 66 7
41 73 7
42 73 7
5 74 7
20 74 7
40 74 7
41 74 7
42 74 7
44 74 7
54 74 7
72 74 7
76 74 7
93 74 7
5 75 7
20 75 7
40 75 7
44 75 7
54 75 7
72 75 7
76 75 7
10 76 7
11 76 7
80 76 7
81 76 7
10 77 7
11 77 7
59 77 7
60 77 7
80 77 7
81 77 7
59 78 7
60 78 7
88 83 7
89 83 7
88 84 7
89 84 7
93 85 7
66 86 7
67 86 7
76 86 7
93 86 7
14 87 7
15 87 7
66 87 7
67 87 7
14 88 7
15 88 7
5 89 7
20 89 7
40 89 7
44 89 7
54 89 7
72 89 7
5 90 7
20 90 7
40 90 7
42 90 7
43 90 7
44 90 7
54 90 7
72 90 7
42 91 7
43 91 7
5 6 8
7 6 8
8 6 8
41 6 8
42 6 8
5 7 8
7 7 8
8 7 8
40 7 8
41 7 8
42 7 8
54 7 8
57 7 8
58 7 8
76 7 8
40 8 8
54 8 8
57 8 8
58 8 8
76 8 8
79 8 8
80 8 8
9 9 8
10 9 8
12 9 8
79 9 8
80 9 8
9 10 8
10 10 8
12 10 8
87 11 8
88 11 8
44 12 8
61 12 8
62 12 8
65 12 8
87 12 8
88 12 8
91 12 8
42 13 8
43 13 8
44 13 8
61 13 8
62 13 8
65 13 8
91 13 8
42 14 8
43 14 8
41 21 8
42 21 8
5 22 8
40 22 8
41 22 8
42 22 8
76 22 8
5 23 8
8 23 8
9 23 8
40 23 8
76 23 8
8 24 8
9 24 8
81 24 8
82 24 8
81 25 8
82 25 8
13 27 8
14 27 8
13 28 8
14 28 8
17 28 8
17 29 8
87 32 8
88 32 8
87 33 8
88 33 8
44 34 8
93 34 8
42 35 8
43 35 8
44 35 8
93 35 8
42 36 8
43 36 8
5 43 8
6 43 8
7 43 8
34 43 8
35 43 8
36 43 8
76 43 8
77 43 8
78 43 8
91 43 8
92 43 8
93 43 8
5 44 8
6 44 8
7 44 8
34 44 8
35 44 8
36 44 8
76 44 8
77 44 8
78 44 8
91 44 8
92 44 8
93 44 8
56 51 8
57 51 8
5 52 8
54 52 8
56 52 8
57 52 8
76 52 8
5 53 8
9 53 8
10 53 8
54 53 8
76 53 8
9 54 8
10 54 8
80 54 8
81 54 8
80 55 8
81 55 8
88 61 8
89 61 8
88 62 8
89 62 8
12 63 8
13 63 8
93 63 8
12 64 8
13 64 8
17 64 8
59 64 8
93 64 8
17 65 8
56 65 8
57 65 8
59 65 8
56 66 8
57 66 8
41 73 8
42 73 8
5 74 8
40 74 8
41 74 8
42 74 8
54 74 8
76 74 8
5 75 8
40 75 8
54 75 8
76 75 8
10 76 8
11 76 8
80 76 8
81 76 8
10 77 8
11 77 8
59 77 8
60 77 8
80 77 8
81 77 8
59 78 8
60 78 8
88 83 8
89 83 8
88 84 8
89 84 8
93 85 8
66 86 8
67 86 8
93 86 8
14 87 8
15 87 8
66 87 8
67 87 8
14 88 8
15 88 8
20 89 8
44 89 8
72 89 8
20 90 8
42 90 8
43 90 8
44 90 8
72 90 8
42 91 8
43 91 8
41 6 9
42 6 9
40 7 9
41 7 9
42 7 9
40 8 9
44 12 9
42 13 9
43 13 9
44 13 9
42 14 9
43 14 9
