# position (i,j,k)
6 5 1
7 5 1
9 5 1
10 5 1
41 5 1
42 5 1
56 5 1
57 5 1
61 5 1
62 5 1
78 5 1
79 5 1
87 5 1
88 5 1
41 6 1
42 6 1
6 7 1
7 7 1
41 7 1
42 7 1
6 8 1
7 8 1
56 8 1
57 8 1
79 8 1
80 8 1
9 9 1
10 9 1
56 9 1
57 9 1
79 9 1
80 9 1
9 10 1
10 10 1
6 12 1
7 12 1
9 12 1
10 12 1
61 12 1
62 12 1
86 12 1
87 12 1
61 13 1
62 13 1
86 13 1
87 13 1
41 14 1
42 14 1
41 15 1
42 15 1
41 16 1
42 16 1
56 16 1
57 16 1
61 16 1
62 16 1
78 16 1
79 16 1
87 16 1
88 16 1
7 20 1
8 20 1
13 20 1
14 20 1
41 20 1
42 20 1
78 20 1
79 20 1
89 20 1
90 20 1
41 21 1
42 21 1
41 22 1
42 22 1
8 23 1
9 23 1
8 24 1
9 24 1
80 25 1
81 25 1
80 26 1
81 26 1
12 28 1
13 28 1
12 29 1
13 29 1
7 32 1
8 32 1
13 32 1
14 32 1
87 32 1
88 32 1
87 33 1
88 33 1
41 36 1
42 36 1
41 37 1
42 37 1
41 38 1
42 38 1
78 38 1
79 38 1
89 38 1
90 38 1
7 42 1
8 42 1
32 42 1
33 42 1
78 42 1
79 42 1
89 42 1
90 42 1
6 43 1
7 43 1
77 43 1
78 43 1
6 44 1
7 44 1
33 44 1
34 44 1
77 44 1
78 44 1
90 44 1
91 44 1
33 45 1
34 45 1
90 45 1
91 45 1
7 46 1
8 46 1
32 46 1
33 46 1
78 46 1
79 46 1
89 46 1
90 46 1
7 50 1
8 50 1
13 50 1
14 50 1
55 50 1
56 50 1
57 50 1
78 50 1
79 50 1
89 50 1
90 50 1
55 52 1
56 52 1
55 53 1
56 53 1
8 54 1
9 54 1
80 54 1
81 54 1
8 55 1
9 55 1
80 55 1
81 55 1
87 62 1
88 62 1
12 63 1
13 63 1
87 63 1
88 63 1
12 64 1
13 64 1
56 65 1
57 65 1
56 66 1
57 66 1
78 67 1
79 67 1
89 67 1
90 67 1
7 68 1
8 68 1
13 68 1
14 68 1
55 68 1
56 68 1
57 68 1
7 72 1
8 72 1
16 72 1
17 72 1
41 72 1
42 72 1
56 72 1
57 72 1
68 72 1
69 72 1
78 72 1
79 72 1
89 72 1
90 72 1
41 73 1
42 73 1
41 74 1
42 74 1
80 76 1
81 76 1
9 77 1
10 77 1
59 77 1
60 77 1
80 77 1
81 77 1
9 78 1
10 78 1
59 78 1
60 78 1
87 84 1
88 84 1
87 85 1
88 85 1
14 87 1
15 87 1
65 87 1
66 87 1
14 88 1
15 88 1
65 88 1
66 88 1
78 89 1
79 89 1
89 89 1
90 89 1
41 91 1
42 91 1
41 92 1
42 92 1
7 93 1
8 93 1
16 93 1
17 93 1
41 93 1
42 93 1
56 93 1
57 93 1
68 93 1
69 93 1
6 5 2
7 5 2
9 5 2
10 5 2
41 5 2
42 5 2
56 5 2
57 5 2
61 5 2
62 5 2
78 5 2
79 5 2
87 5 2
88 5 2
41 6 2
42 6 2
6 7 2
7 7 2
41 7 2
42 7 2
6 8 2
7 8 2
56 8 2
57 8 2
79 8 2
80 8 2
9 9 2
10 9 2
56 9 2
57 9 2
79 9 2
80 9 2
9 10 2
10 10 2
6 12 2
7 12 2
9 12 2
10 12 2
61 12 2
62 12 2
86 12 2
87 12 2
61 13 2
62 13 2
86 13 2
87 13 2
41 14 2
42 14 2
41 15 2
42 15 2
41 16 2
42 16 2
56 16 2
57 16 2
61 16 2
62 16 2
78 16 2
79 16 2
87 16 2
88 16 2
7 20 2
8 20 2
13 20 2
14 20 2
41 20 2
42 20 2
78 20 2
79 20 2
89 20 2
90 20 2
41 21 2
42 21 2
41 22 2
42 22 2
8 23 2
9 23 2
8 24 2
9 24 2
80 25 2
81 25 2
80 26 2
81 26 2
12 28 2
13 28 2
12 29 2
13 29 2
7 32 2
8 32 2
13 32 2
14 32 2
87 32 2
88 32 2
87 33 2
88 33 2
41 36 2
42 36 2
41 37 2
42 37 2
41 38 2
42 38 2
78 38 2
79 38 2
89 38 2
90 38 2
7 42 2
8 42 2
32 42 2
33 42 2
78 42 2
79 42 2
89 42 2
90 42 2
6 43 2
7 43 2
77 43 2
78 43 2
6 44 2
7 44 2
33 44 2
34 44 2
77 44 2
78 44 2
90 44 2
91 44 2
33 45 2
34 45 2
90 45 2
91 45 2
7 46 2
8 46 2
32 46 2
33 46 2
78 46 2
79 46 2
89 46 2
90 46 2
7 50 2
8 50 2
13 50 2
14 50 2
55 50 2
56 50 2
57 50 2
78 50 2
79 50 2
89 50 2
90 50 2
55 52 2
56 52 2
55 53 2
56 53 2
8 54 2
9 54 2
80 54 2
81 54 2
8 55 2
9 55 2
80 55 2
81 55 2
87 62 2
88 62 2
12 63 2
13 63 2
87 63 2
88 63 2
12 64 2
13 64 2
56 65 2
57 65 2
56 66 2
57 66 2
78 67 2
79 67 2
89 67 2
90 67 2
7 68 2
8 68 2
13 68 2
14 68 2
55 68 2
56 68 2
57 68 2
7 72 2
8 72 2
16 72 2
17 72 2
41 72 2
42 72 2
56 72 2
57 72 2
68 72 2
69 72 2
78 72 2
79 72 2
89 72 2
90 72 2
41 73 2
42 73 2
41 74 2
42 74 2
80 76 2
81 76 2
9 77 2
10 77 2
59 77 2
60 77 2
80 77 2
81 77 2
9 78 2
10 78 2
59 78 2
60 78 2
87 84 2
88 84 2
87 85 2
88 85 2
14 87 2
15 87 2
65 87 2
66 87 2
14 88 2
15 88 2
65 88 2
66 88 2
78 89 2
79 89 2
89 89 2
90 89 2
41 91 2
42 91 2
41 92 2
42 92 2
7 93 2
8 93 2
16 93 2
17 93 2
41 93 2
42 93 2
56 93 2
57 93 2
68 93 2
69 93 2
6 5 3
7 5 3
9 5 3
10 5 3
41 5 3
42 5 3
56 5 3
57 5 3
61 5 3
62 5 3
78 5 3
79 5 3
87 5 3
88 5 3
41 6 3
42 6 3
6 7 3
7 7 3
41 7 3
42 7 3
6 8 3
7 8 3
56 8 3
57 8 3
79 8 3
80 8 3
9 9 3
10 9 3
56 9 3
57 9 3
79 9 3
80 9 3
9 10 3
10 10 3
6 12 3
7 12 3
9 12 3
10 12 3
61 12 3
62 12 3
86 12 3
87 12 3
61 13 3
62 13 3
86 13 3
87 13 3
41 14 3
42 14 3
41 15 3
42 15 3
41 16 3
42 16 3
56 16 3
57 16 3
61 16 3
62 16 3
78 16 3
79 16 3
87 16 3
88 16 3
7 20 3
8 20 3
13 20 3
14 20 3
41 20 3
42 20 3
78 20 3
79 20 3
89 20 3
90 20 3
41 21 3
42 21 3
41 22 3
42 22 3
8 23 3
9 23 3
8 24 3
9 24 3
80 25 3
81 25 3
80 26 3
81 26 3
12 28 3
13 28 3
12 29 3
13 29 3
7 32 3
8 32 3
13 32 3
14 32 3
87 32 3
88 32 3
87 33 3
88 33 3
41 36 3
42 36 3
41 37 3
42 37 3
41 38 3
42 38 3
78 38 3
79 38 3
89 38 3
90 38 3
7 42 3
8 42 3
32 42 3
33 42 3
78 42 3
79 42 3
89 42 3
90 42 3
6 43 3
7 43 3
77 43 3
78 43 3
6 44 3
7 44 3
33 44 3
34 44 3
77 44 3
78 44 3
90 44 3
91 44 3
33 45 3
34 45 3
90 45 3
91 45 3
7 46 3
8 46 3
32 46 3
33 46 3
78 46 3
79 46 3
89 46 3
90 46 3
7 50 3
8 50 3
13 50 3
14 50 3
55 50 3
56 50 3
57 50 3
78 50 3
79 50 3
89 50 3
90 50 3
55 52 3
56 52 3
55 53 3
56 53 3
8 54 3
9 54 3
80 54 3
81 54 3
8 55 3
9 55 3
80 55 3
81 55 3
87 62 3
88 62 3
12 63 3
13 63 3
87 63 3
88 63 3
12 64 3
13 64 3
56 65 3
57 65 3
56 66 3
57 66 3
78 67 3
79 67 3
89 67 3
90 67 3
7 68 3
8 68 3
13 68 3
14 68 3
55 68 3
56 68 3
57 68 3
7 72 3
8 72 3
16 72 3
17 72 3
41 72 3
42 72 3
56 72 3
57 72 3
68 72 3
69 72 3
78 72 3
79 72 3
89 72 3
90 72 3
41 73 3
42 73 3
41 74 3
42 74 3
80 76 3
81 76 3
9 77 3
10 77 3
59 77 3
60 77 3
80 77 3
81 77 3
9 78 3
10 78 3
59 78 3
60 78 3
87 84 3
88 84 3
87 85 3
88 85 3
14 87 3
15 87 3
65 87 3
66 87 3
14 88 3
15 88 3
65 88 3
66 88 3
78 89 3
79 89 3
89 89 3
90 89 3
41 91 3
42 91 3
41 92 3
42 92 3
7 93 3
8 93 3
16 93 3
17 93 3
41 93 3
42 93 3
56 93 3
57 93 3
68 93 3
69 93 3
6 5 4
7 5 4
9 5 4
10 5 4
41 5 4
42 5 4
56 5 4
57 5 4
61 5 4
62 5 4
78 5 4
79 5 4
87 5 4
88 5 4
41 6 4
42 6 4
6 7 4
7 7 4
41 7 4
42 7 4
6 8 4
7 8 4
56 8 4
57 8 4
79 8 4
80 8 4
9 9 4
10 9 4
56 9 4
57 9 4
79 9 4
80 9 4
9 10 4
10 10 4
6 12 4
7 12 4
9 12 4
10 12 4
61 12 4
62 12 4
86 12 4
87 12 4
61 13 4
62 13 4
86 13 4
87 13 4
41 14 4
42 14 4
41 15 4
42 15 4
41 16 4
42 16 4
56 16 4
57 16 4
61 16 4
62 16 4
78 16 4
79 16 4
87 16 4
88 16 4
7 20 4
8 20 4
13 20 4
14 20 4
41 20 4
42 20 4
78 20 4
79 20 4
89 20 4
90 20 4
41 21 4
42 21 4
41 22 4
42 22 4
8 23 4
9 23 4
8 24 4
9 24 4
80 25 4
81 25 4
80 26 4
81 26 4
12 28 4
13 28 4
12 29 4
13 29 4
7 32 4
8 32 4
13 32 4
14 32 4
87 32 4
88 32 4
87 33 4
88 33 4
41 36 4
42 36 4
41 37 4
42 37 4
41 38 4
42 38 4
78 38 4
79 38 4
89 38 4
90 38 4
7 42 4
8 42 4
32 42 4
33 42 4
78 42 4
79 42 4
89 42 4
90 42 4
6 43 4
7 43 4
77 43 4
78 43 4
6 44 4
7 44 4
33 44 4
34 44 4
77 44 4
78 44 4
90 44 4
91 44 4
33 45 4
34 45 4
90 45 4
91 45 4
7 46 4
8 46 4
32 46 4
33 46 4
78 46 4
79 46 4
89 46 4
90 46 4
7 50 4
8 50 4
13 50 4
14 50 4
55 50 4
56 50 4
57 50 4
78 50 4
79 50 4
89 50 4
90 50 4
55 52 4
56 52 4
55 53 4
56 53 4
8 54 4
9 54 4
80 54 4
81 54 4
8 55 4
9 55 4
80 55 4
81 55 4
87 62 4
88 62 4
12 63 4
13 63 4
87 63 4
88 63 4
12 64 4
13 64 4
56 65 4
57 65 4
56 66 4
57 66 4
78 67 4
79 67 4
89 67 4
90 67 4
7 68 4
8 68 4
13 68 4
14 68 4
55 68 4
56 68 4
57 68 4
7 72 4
8 72 4
16 72 4
17 72 4
41 72 4
42 72 4
56 72 4
57 72 4
68 72 4
69 72 4
78 72 4
79 72 4
89 72 4
90 72 4
41 73 4
42 73 4
41 74 4
42 74 4
80 76 4
81 76 4
9 77 4
10 77 4
59 77 4
60 77 4
80 77 4
81 77 4
9 78 4
10 78 4
59 78 4
60 78 4
87 84 4
88 84 4
87 85 4
88 85 4
14 87 4
15 87 4
65 87 4
66 87 4
14 88 4
15 88 4
65 88 4
66 88 4
78 89 4
79 89 4
89 89 4
90 89 4
41 91 4
42 91 4
41 92 4
42 92 4
7 93 4
8 93 4
16 93 4
17 93 4
41 93 4
42 93 4
56 93 4
57 93 4
68 93 4
69 93 4
6 5 5
7 5 5
9 5 5
10 5 5
41 5 5
42 5 5
56 5 5
57 5 5
61 5 5
62 5 5
78 5 5
79 5 5
87 5 5
88 5 5
41 6 5
42 6 5
6 7 5
7 7 5
41 7 5
42 7 5
6 8 5
7 8 5
56 8 5
57 8 5
79 8 5
80 8 5
9 9 5
10 9 5
56 9 5
57 9 5
79 9 5
80 9 5
9 10 5
10 10 5
6 12 5
7 12 5
9 12 5
10 12 5
61 12 5
62 12 5
86 12 5
87 12 5
61 13 5
62 13 5
86 13 5
87 13 5
41 14 5
42 14 5
41 15 5
42 15 5
41 16 5
42 16 5
56 16 5
57 16 5
61 16 5
62 16 5
78 16 5
79 16 5
87 16 5
88 16 5
7 20 5
8 20 5
13 20 5
14 20 5
41 20 5
42 20 5
78 20 5
79 20 5
89 20 5
90 20 5
41 21 5
42 21 5
41 22 5
42 22 5
8 23 5
9 23 5
8 24 5
9 24 5
80 25 5
81 25 5
80 26 5
81 26 5
12 28 5
13 28 5
12 29 5
13 29 5
7 32 5
8 32 5
13 32 5
14 32 5
87 32 5
88 32 5
87 33 5
88 33 5
41 36 5
42 36 5
41 37 5
42 37 5
41 38 5
42 38 5
78 38 5
79 38 5
89 38 5
90 38 5
7 42 5
8 42 5
32 42 5
33 42 5
78 42 5
79 42 5
89 42 5
90 42 5
6 43 5
7 43 5
77 43 5
78 43 5
6 44 5
7 44 5
33 44 5
34 44 5
77 44 5
78 44 5
90 44 5
91 44 5
33 45 5
34 45 5
90 45 5
91 45 5
7 46 5
8 46 5
32 46 5
33 46 5
78 46 5
79 46 5
89 46 5
90 46 5
7 50 5
8 50 5
13 50 5
14 50 5
55 50 5
56 50 5
57 50 5
78 50 5
79 50 5
89 50 5
90 50 5
55 52 5
56 52 5
55 53 5
56 53 5
8 54 5
9 54 5
80 54 5
81 54 5
8 55 5
9 55 5
80 55 5
81 55 5
87 62 5
88 62 5
12 63 5
13 63 5
87 63 5
88 63 5
12 64 5
13 64 5
56 65 5
57 65 5
56 66 5
57 66 5
78 67 5
79 67 5
89 67 5
90 67 5
7 68 5
8 68 5
13 68 5
14 68 5
55 68 5
56 68 5
57 68 5
7 72 5
8 72 5
16 72 5
17 72 5
41 72 5
42 72 5
56 72 5
57 72 5
68 72 5
69 72 5
78 72 5
79 72 5
89 72 5
90 72 5
41 73 5
42 73 5
41 74 5
42 74 5
80 76 5
81 76 5
9 77 5
10 77 5
59 77 5
60 77 5
80 77 5
81 77 5
9 78 5
10 78 5
59 78 5
60 78 5
87 84 5
88 84 5
87 85 5
88 85 5
14 87 5
15 87 5
65 87 5
66 87 5
14 88 5
15 88 5
65 88 5
66 88 5
78 89 5
79 89 5
89 89 5
90 89 5
41 91 5
42 91 5
41 92 5
42 92 5
7 93 5
8 93 5
16 93 5
17 93 5
41 93 5
42 93 5
56 93 5
57 93 5
68 93 5
69 93 5
6 5 6
9 5 6
10 5 6
41 5 6
42 5 6
56 5 6
61 5 6
62 5 6
78 5 6
79 5 6
87 5 6
88 5 6
41 6 6
42 6 6
6 7 6
7 7 6
41 7 6
42 7 6
6 8 6
7 8 6
56 8 6
57 8 6
79 8 6
80 8 6
9 9 6
10 9 6
56 9 6
57 9 6
79 9 6
80 9 6
9 10 6
10 10 6
6 12 6
9 12 6
10 12 6
61 12 6
62 12 6
86 12 6
87 12 6
61 13 6
62 13 6
86 13 6
87 13 6
41 14 6
42 14 6
41 15 6
42 15 6
41 16 6
42 16 6
56 16 6
61 16 6
62 16 6
78 16 6
79 16 6
87 16 6
88 16 6
7 20 6
8 20 6
13 20 6
14 20 6
41 20 6
42 20 6
78 20 6
79 20 6
89 20 6
90 20 6
41 21 6
42 21 6
41 22 6
42 22 6
8 23 6
9 23 6
8 24 6
9 24 6
80 25 6
81 25 6
80 26 6
81 26 6
12 28 6
13 28 6
12 29 6
13 29 6
7 32 6
8 32 6
13 32 6
14 32 6
87 32 6
88 32 6
87 33 6
88 33 6
41 36 6
42 36 6
41 37 6
42 37 6
41 38 6
42 38 6
78 38 6
79 38 6
89 38 6
90 38 6
7 42 6
8 42 6
32 42 6
33 42 6
78 42 6
79 42 6
89 42 6
90 42 6
6 43 6
7 43 6
77 43 6
78 43 6
6 44 6
7 44 6
33 44 6
34 44 6
77 44 6
78 44 6
90 44 6
91 44 6
33 45 6
34 45 6
90 45 6
91 45 6
7 46 6
8 46 6
32 46 6
33 46 6
78 46 6
79 46 6
89 46 6
90 46 6
7 50 6
8 50 6
13 50 6
14 50 6
55 50 6
56 50 6
57 50 6
78 50 6
79 50 6
89 50 6
90 50 6
55 52 6
56 52 6
55 53 6
56 53 6
8 54 6
9 54 6
80 54 6
81 54 6
8 55 6
9 55 6
80 55 6
81 55 6
87 62 6
88 62 6
12 63 6
13 63 6
87 63 6
88 63 6
12 64 6
13 64 6
56 65 6
57 65 6
56 66 6
57 66 6
78 67 6
79 67 6
89 67 6
90 67 6
7 68 6
8 68 6
13 68 6
14 68 6
55 68 6
56 68 6
57 68 6
7 72 6
8 72 6
16 72 6
17 72 6
41 72 6
42 72 6
56 72 6
57 72 6
68 72 6
69 72 6
78 72 6
79 72 6
89 72 6
90 72 6
41 73 6
42 73 6
41 74 6
42 74 6
80 76 6
81 76 6
9 77 6
10 77 6
59 77 6
60 77 6
80 77 6
81 77 6
9 78 6
10 78 6
59 78 6
60 78 6
87 84 6
88 84 6
87 85 6
88 85 6
14 87 6
15 87 6
65 87 6
66 87 6
14 88 6
15 88 6
65 88 6
66 88 6
78 89 6
79 89 6
89 89 6
90 89 6
41 91 6
42 91 6
41 92 6
42 92 6
7 93 6
8 93 6
16 93 6
17 93 6
41 93 6
42 93 6
56 93 6
57 93 6
68 93 6
69 93 6
9 5 7
10 5 7
41 5 7
42 5 7
61 5 7
62 5 7
78 5 7
87 5 7
88 5 7
41 6 7
42 6 7
6 7 7
7 7 7
41 7 7
42 7 7
6 8 7
7 8 7
56 8 7
57 8 7
79 8 7
80 8 7
9 9 7
10 9 7
56 9 7
57 9 7
79 9 7
80 9 7
9 10 7
10 10 7
9 12 7
10 12 7
61 12 7
62 12 7
86 12 7
87 12 7
61 13 7
62 13 7
86 13 7
87 13 7
41 14 7
42 14 7
41 15 7
42 15 7
41 16 7
42 16 7
61 16 7
62 16 7
78 16 7
87 16 7
88 16 7
13 20 7
14 20 7
41 20 7
42 20 7
78 20 7
89 20 7
90 20 7
41 21 7
42 21 7
41 22 7
42 22 7
8 23 7
9 23 7
8 24 7
9 24 7
80 25 7
81 25 7
80 26 7
81 26 7
12 28 7
13 28 7
12 29 7
13 29 7
13 32 7
14 32 7
87 32 7
88 32 7
87 33 7
88 33 7
41 36 7
42 36 7
41 37 7
42 37 7
41 38 7
42 38 7
78 38 7
89 38 7
90 38 7
7 42 7
8 42 7
32 42 7
33 42 7
78 42 7
89 42 7
90 42 7
6 43 7
7 43 7
77 43 7
78 43 7
6 44 7
7 44 7
33 44 7
34 44 7
77 44 7
78 44 7
90 44 7
91 44 7
33 45 7
34 45 7
90 45 7
91 45 7
7 46 7
8 46 7
32 46 7
33 46 7
78 46 7
89 46 7
90 46 7
13 50 7
14 50 7
56 50 7
57 50 7
78 50 7
89 50 7
90 50 7
55 52 7
56 52 7
55 53 7
56 53 7
8 54 7
9 54 7
80 54 7
81 54 7
8 55 7
9 55 7
80 55 7
81 55 7
87 62 7
88 62 7
12 63 7
13 63 7
87 63 7
88 63 7
12 64 7
13 64 7
56 65 7
57 65 7
56 66 7
57 66 7
78 67 7
89 67 7
90 67 7
13 68 7
14 68 7
56 68 7
57 68 7
7 72 7
16 72 7
17 72 7
41 72 7
42 72 7
56 72 7
68 72 7
69 72 7
78 72 7
89 72 7
90 72 7
41 73 7
42 73 7
41 74 7
42 74 7
80 76 7
81 76 7
9 77 7
10 77 7
59 77 7
60 77 7
80 77 7
81 77 7
9 78 7
10 78 7
59 78 7
60 78 7
87 84 7
88 84 7
87 85 7
88 85 7
14 87 7
15 87 7
65 87 7
66 87 7
14 88 7
15 88 7
65 88 7
66 88 7
78 89 7
89 89 7
90 89 7
41 91 7
42 91 7
41 92 7
42 92 7
7 93 7
16 93 7
17 93 7
41 93 7
42 93 7
56 93 7
68 93 7
69 93 7
9 5 8
10 5 8
41 5 8
42 5 8
61 5 8
62 5 8
87 5 8
88 5 8
41 6 8
42 6 8
6 7 8
7 7 8
41 7 8
42 7 8
6 8 8
7 8 8
56 8 8
57 8 8
79 8 8
80 8 8
9 9 8
10 9 8
56 9 8
57 9 8
79 9 8
80 9 8
9 10 8
10 10 8
9 12 8
10 12 8
61 12 8
62 12 8
86 12 8
87 12 8
61 13 8
62 13 8
86 13 8
87 13 8
41 14 8
42 14 8
41 15 8
42 15 8
41 16 8
42 16 8
61 16 8
62 16 8
87 16 8
88 16 8
13 20 8
14 20 8
41 20 8
42 20 8
89 20 8
90 20 8
41 21 8
42 21 8
41 22 8
42 22 8
8 23 8
9 23 8
8 24 8
9 24 8
80 25 8
81 25 8
80 26 8
81 26 8
12 28 8
13 28 8
12 29 8
13 29 8
13 32 8
14 32 8
87 32 8
88 32 8
87 33 8
88 33 8
41 36 8
42 36 8
41 37 8
42 37 8
41 38 8
42 38 8
89 38 8
90 38 8
32 42 8
33 42 8
89 42 8
90 42 8
6 43 8
7 43 8
77 43 8
78 43 8
6 44 8
7 44 8
33 44 8
34 44 8
77 44 8
78 44 8
90 44 8
91 44 8
33 45 8
34 45 8
90 45 8
91 45 8
32 46 8
33 46 8
89 46 8
90 46 8
13 50 8
14 50 8
56 50 8
57 50 8
89 50 8
90 50 8
55 52 8
56 52 8
55 53 8
56 53 8
8 54 8
9 54 8
80 54 8
81 54 8
8 55 8
9 55 8
80 55 8
81 55 8
87 62 8
88 62 8
12 63 8
13 63 8
87 63 8
88 63 8
12 64 8
13 64 8
56 65 8
57 65 8
56 66 8
57 66 8
89 67 8
90 67 8
13 68 8
14 68 8
56 68 8
57 68 8
16 72 8
17 72 8
41 72 8
42 72 8
68 72 8
69 72 8
89 72 8
90 72 8
41 73 8
42 73 8
41 74 8
42 74 8
80 76 8
81 76 8
9 77 8
10 77 8
59 77 8
60 77 8
80 77 8
81 77 8
9 78 8
10 78 8
59 78 8
60 78 8
87 84 8
88 84 8
87 85 8
88 85 8
14 87 8
15 87 8
65 87 8
66 87 8
14 88 8
15 88 8
65 88 8
66 88 8
89 89 8
90 89 8
41 91 8
42 91 8
41 92 8
42 92 8
16 93 8
17 93 8
41 93 8
42 93 8
68 93 8
69 93 8
41 5 9
42 5 9
41 6 9
42 6 9
41 7 9
42 7 9
41 14 9
42 14 9
41 15 9
42 15 9
41 16 9
42 16 9
