#     x-grid
#           
1.000000000000000   
3.000000000000000   
5.000000000000000   
7.000000000000000   
9.000000000000000   
11.000000000000000  
13.000000000000000  
15.000000000000000  
17.000000000000000  
19.000000000000000  
21.000000000000000  
23.000000000000000  
25.000000000000000  
27.000000000000000  
29.000000000000000  
31.000000000000000  
33.000000000000000  
35.000000000000000  
37.000000000000000  
39.000000000000000  
41.000000000000000  
43.000000000000000  
45.000000000000000  
47.000000000000000  
49.000000000000000  
51.000000000000000  
53.000000000000000  
55.000000000000000  
57.000000000000000  
59.000000000000000  
61.000000000000000  
63.000000000000000  
65.000000000000000  
67.000000000000000  
69.000000000000000  
71.000000000000000  
73.000000000000000  
75.000000000000000  
77.000000000000000  
79.000000000000000  
81.000000000000000  
83.000000000000000  
85.000000000000000  
87.000000000000000  
89.000000000000000  
91.000000000000000  
93.000000000000000  
95.000000000000000  
97.000000000000000  
99.000000000000000  
101.000000000000000 
103.000000000000000 
105.000000000000000 
107.000000000000000 
109.000000000000000 
111.000000000000000 
113.000000000000000 
115.000000000000000 
117.000000000000000 
119.000000000000000 
121.000000000000000 
123.000000000000000 
125.000000000000000 
127.000000000000000 
129.000000000000000 
131.000000000000000 
133.000000000000000 
135.000000000000000 
137.000000000000000 
139.000000000000000 
141.000000000000000 
143.000000000000000 
145.000000000000000 
147.000000000000000 
149.000000000000000 
151.000000000000000 
153.000000000000000 
155.000000000000000 
157.000000000000000 
159.000000000000000 
161.000000000000000 
163.000000000000000 
165.000000000000000 
167.000000000000000 
169.000000000000000 
171.000000000000000 
173.000000000000000 
175.000000000000000 
177.000000000000000 
179.000000000000000 
181.000000000000000 
183.000000000000000 
185.000000000000000 
187.000000000000000 
189.000000000000000 
191.000000000000000 
193.000000000000000 
195.000000000000000 
197.000000000000000 
199.000000000000000 
201.000000000000000 
203.000000000000000 
205.000000000000000 
207.000000000000000 
209.000000000000000 
211.000000000000000 
213.000000000000000 
215.000000000000000 
217.000000000000000 
219.000000000000000 
221.000000000000000 
223.000000000000000 
225.000000000000000 
227.000000000000000 
229.000000000000000 
231.000000000000000 
233.000000000000000 
235.000000000000000 
237.000000000000000 
239.000000000000000 
241.000000000000000 
243.000000000000000 
245.000000000000000 
247.000000000000000 
249.000000000000000 
251.000000000000000 
253.000000000000000 
255.000000000000000 
257.000000000000000 
259.000000000000000 
261.000000000000000 
263.000000000000000 
265.000000000000000 
267.000000000000000 
269.000000000000000 
271.000000000000000 
273.000000000000000 
275.000000000000000 
277.000000000000000 
279.000000000000000 
281.000000000000000 
283.000000000000000 
285.000000000000000 
287.000000000000000 
289.000000000000000 
291.000000000000000 
293.000000000000000 
295.000000000000000 
297.000000000000000 
299.000000000000000 
301.000000000000000 
303.000000000000000 
305.000000000000000 
307.000000000000000 
309.000000000000000 
311.000000000000000 
313.000000000000000 
315.000000000000000 
317.000000000000000 
319.000000000000000 
321.000000000000000 
323.000000000000000 
325.000000000000000 
327.000000000000000 
329.000000000000000 
331.000000000000000 
333.000000000000000 
335.000000000000000 
337.000000000000000 
339.000000000000000 
341.000000000000000 
343.000000000000000 
345.000000000000000 
347.000000000000000 
349.000000000000000 
351.000000000000000 
353.000000000000000 
355.000000000000000 
357.000000000000000 
359.000000000000000 
361.000000000000000 
363.000000000000000 
365.000000000000000 
367.000000000000000 
369.000000000000000 
371.000000000000000 
373.000000000000000 
375.000000000000000 
377.000000000000000 
379.000000000000000 
381.000000000000000 
383.000000000000000 
385.000000000000000 
387.000000000000000 
389.000000000000000 
391.000000000000000 
393.000000000000000 
395.000000000000000 
397.000000000000000 
399.000000000000000 
401.000000000000000 
403.000000000000000 
405.000000000000000 
407.000000000000000 
409.000000000000000 
411.000000000000000 
413.000000000000000 
415.000000000000000 
417.000000000000000 
419.000000000000000 
421.000000000000000 
423.000000000000000 
425.000000000000000 
427.000000000000000 
429.000000000000000 
431.000000000000000 
433.000000000000000 
435.000000000000000 
437.000000000000000 
439.000000000000000 
441.000000000000000 
443.000000000000000 
445.000000000000000 
447.000000000000000 
449.000000000000000 
451.000000000000000 
453.000000000000000 
455.000000000000000 
457.000000000000000 
459.000000000000000 
461.000000000000000 
463.000000000000000 
465.000000000000000 
467.000000000000000 
469.000000000000000 
471.000000000000000 
473.000000000000000 
475.000000000000000 
477.000000000000000 
479.000000000000000 
481.000000000000000 
483.000000000000000 
485.000000000000000 
487.000000000000000 
489.000000000000000 
491.000000000000000 
493.000000000000000 
495.000000000000000 
497.000000000000000 
499.000000000000000 
501.000000000000000 
503.000000000000000 
505.000000000000000 
507.000000000000000 
509.000000000000000 
511.000000000000000 
513.000000000000000 
515.000000000000000 
517.000000000000000 
519.000000000000000 
521.000000000000000 
523.000000000000000 
525.000000000000000 
527.000000000000000 
529.000000000000000 
531.000000000000000 
533.000000000000000 
535.000000000000000 
537.000000000000000 
539.000000000000000 
541.000000000000000 
543.000000000000000 
545.000000000000000 
547.000000000000000 
549.000000000000000 
551.000000000000000 
553.000000000000000 
555.000000000000000 
557.000000000000000 
559.000000000000000 
561.000000000000000 
563.000000000000000 
565.000000000000000 
567.000000000000000 
569.000000000000000 
571.000000000000000 
573.000000000000000 
575.000000000000000 
577.000000000000000 
579.000000000000000 
581.000000000000000 
583.000000000000000 
585.000000000000000 
587.000000000000000 
589.000000000000000 
591.000000000000000 
593.000000000000000 
595.000000000000000 
597.000000000000000 
599.000000000000000 
601.000000000000000 
603.000000000000000 
605.000000000000000 
607.000000000000000 
609.000000000000000 
611.000000000000000 
613.000000000000000 
615.000000000000000 
617.000000000000000 
619.000000000000000 
621.000000000000000 
623.000000000000000 
625.000000000000000 
627.000000000000000 
629.000000000000000 
631.000000000000000 
633.000000000000000 
635.000000000000000 
637.000000000000000 
639.000000000000000 
641.000000000000000 
643.000000000000000 
645.000000000000000 
647.000000000000000 
649.000000000000000 
651.000000000000000 
653.000000000000000 
655.000000000000000 
657.000000000000000 
659.000000000000000 
661.000000000000000 
663.000000000000000 
665.000000000000000 
667.000000000000000 
669.000000000000000 
671.000000000000000 
673.000000000000000 
675.000000000000000 
677.000000000000000 
679.000000000000000 
681.000000000000000 
683.000000000000000 
685.000000000000000 
687.000000000000000 
689.000000000000000 
691.000000000000000 
693.000000000000000 
695.000000000000000 
697.000000000000000 
699.000000000000000 
701.000000000000000 
703.000000000000000 
705.000000000000000 
707.000000000000000 
709.000000000000000 
711.000000000000000 
713.000000000000000 
715.000000000000000 
717.000000000000000 
719.000000000000000 
721.000000000000000 
723.000000000000000 
725.000000000000000 
727.000000000000000 
729.000000000000000 
731.000000000000000 
733.000000000000000 
735.000000000000000 
737.000000000000000 
739.000000000000000 
741.000000000000000 
743.000000000000000 
745.000000000000000 
747.000000000000000 
749.000000000000000 
751.000000000000000 
753.000000000000000 
755.000000000000000 
757.000000000000000 
759.000000000000000 
761.000000000000000 
763.000000000000000 
765.000000000000000 
767.000000000000000 
769.000000000000000 
771.000000000000000 
773.000000000000000 
775.000000000000000 
777.000000000000000 
779.000000000000000 
781.000000000000000 
783.000000000000000 
785.000000000000000 
787.000000000000000 
789.000000000000000 
791.000000000000000 
793.000000000000000 
795.000000000000000 
797.000000000000000 
799.000000000000000 
801.000000000000000 
803.000000000000000 
805.000000000000000 
807.000000000000000 
809.000000000000000 
811.000000000000000 
813.000000000000000 
815.000000000000000 
817.000000000000000 
819.000000000000000 
821.000000000000000 
823.000000000000000 
825.000000000000000 
827.000000000000000 
829.000000000000000 
831.000000000000000 
833.000000000000000 
835.000000000000000 
837.000000000000000 
839.000000000000000 
841.000000000000000 
843.000000000000000 
845.000000000000000 
847.000000000000000 
849.000000000000000 
851.000000000000000 
853.000000000000000 
855.000000000000000 
857.000000000000000 
859.000000000000000 
861.000000000000000 
863.000000000000000 
865.000000000000000 
867.000000000000000 
869.000000000000000 
871.000000000000000 
873.000000000000000 
875.000000000000000 
877.000000000000000 
879.000000000000000 
881.000000000000000 
883.000000000000000 
885.000000000000000 
887.000000000000000 
889.000000000000000 
891.000000000000000 
893.000000000000000 
895.000000000000000 
897.000000000000000 
899.000000000000000 
901.000000000000000 
903.000000000000000 
905.000000000000000 
907.000000000000000 
909.000000000000000 
911.000000000000000 
913.000000000000000 
915.000000000000000 
917.000000000000000 
919.000000000000000 
921.000000000000000 
923.000000000000000 
925.000000000000000 
927.000000000000000 
929.000000000000000 
931.000000000000000 
933.000000000000000 
935.000000000000000 
937.000000000000000 
939.000000000000000 
941.000000000000000 
943.000000000000000 
945.000000000000000 
947.000000000000000 
949.000000000000000 
951.000000000000000 
953.000000000000000 
955.000000000000000 
957.000000000000000 
959.000000000000000 
961.000000000000000 
963.000000000000000 
965.000000000000000 
967.000000000000000 
969.000000000000000 
971.000000000000000 
973.000000000000000 
975.000000000000000 
977.000000000000000 
979.000000000000000 
981.000000000000000 
983.000000000000000 
985.000000000000000 
987.000000000000000 
989.000000000000000 
991.000000000000000 
993.000000000000000 
995.000000000000000 
997.000000000000000 
999.000000000000000 
1001.000000000000000
1003.000000000000000
1005.000000000000000
1007.000000000000000
1009.000000000000000
1011.000000000000000
1013.000000000000000
1015.000000000000000
1017.000000000000000
1019.000000000000000
1021.000000000000000
1023.000000000000000
1025.000000000000000
1027.000000000000000
1029.000000000000000
1031.000000000000000
1033.000000000000000
1035.000000000000000
1037.000000000000000
1039.000000000000000
1041.000000000000000
1043.000000000000000
1045.000000000000000
1047.000000000000000
1049.000000000000000
1051.000000000000000
1053.000000000000000
1055.000000000000000
1057.000000000000000
1059.000000000000000
1061.000000000000000
1063.000000000000000
1065.000000000000000
1067.000000000000000
1069.000000000000000
1071.000000000000000
1073.000000000000000
1075.000000000000000
1077.000000000000000
1079.000000000000000
1081.000000000000000
1083.000000000000000
1085.000000000000000
1087.000000000000000
1089.000000000000000
1091.000000000000000
1093.000000000000000
1095.000000000000000
1097.000000000000000
1099.000000000000000
1101.000000000000000
1103.000000000000000
1105.000000000000000
1107.000000000000000
1109.000000000000000
1111.000000000000000
1113.000000000000000
1115.000000000000000
1117.000000000000000
1119.000000000000000
1121.000000000000000
1123.000000000000000
1125.000000000000000
1127.000000000000000
1129.000000000000000
1131.000000000000000
1133.000000000000000
1135.000000000000000
1137.000000000000000
1139.000000000000000
1141.000000000000000
1143.000000000000000
1145.000000000000000
1147.000000000000000
1149.000000000000000
1151.000000000000000
1153.000000000000000
1155.000000000000000
1157.000000000000000
1159.000000000000000
1161.000000000000000
1163.000000000000000
1165.000000000000000
1167.000000000000000
1169.000000000000000
1171.000000000000000
1173.000000000000000
1175.000000000000000
1177.000000000000000
1179.000000000000000
1181.000000000000000
1183.000000000000000
1185.000000000000000
1187.000000000000000
1189.000000000000000
1191.000000000000000
1193.000000000000000
1195.000000000000000
1197.000000000000000
1199.000000000000000
1201.000000000000000
1203.000000000000000
1205.000000000000000
1207.000000000000000
1209.000000000000000
1211.000000000000000
1213.000000000000000
1215.000000000000000
1217.000000000000000
1219.000000000000000
1221.000000000000000
1223.000000000000000
1225.000000000000000
1227.000000000000000
1229.000000000000000
1231.000000000000000
1233.000000000000000
1235.000000000000000
1237.000000000000000
1239.000000000000000
1241.000000000000000
1243.000000000000000
1245.000000000000000
1247.000000000000000
1249.000000000000000
1251.000000000000000
1253.000000000000000
1255.000000000000000
1257.000000000000000
1259.000000000000000
1261.000000000000000
1263.000000000000000
1265.000000000000000
1267.000000000000000
1269.000000000000000
1271.000000000000000
1273.000000000000000
1275.000000000000000
1277.000000000000000
1279.000000000000000
1281.000000000000000
1283.000000000000000
1285.000000000000000
1287.000000000000000
1289.000000000000000
1291.000000000000000
1293.000000000000000
1295.000000000000000
1297.000000000000000
1299.000000000000000
1301.000000000000000
1303.000000000000000
1305.000000000000000
1307.000000000000000
1309.000000000000000
1311.000000000000000
1313.000000000000000
1315.000000000000000
1317.000000000000000
1319.000000000000000
1321.000000000000000
1323.000000000000000
1325.000000000000000
1327.000000000000000
1329.000000000000000
1331.000000000000000
1333.000000000000000
1335.000000000000000
1337.000000000000000
1339.000000000000000
1341.000000000000000
1343.000000000000000
1345.000000000000000
1347.000000000000000
1349.000000000000000
1351.000000000000000
1353.000000000000000
1355.000000000000000
1357.000000000000000
1359.000000000000000
1361.000000000000000
1363.000000000000000
1365.000000000000000
1367.000000000000000
1369.000000000000000
1371.000000000000000
1373.000000000000000
1375.000000000000000
1377.000000000000000
1379.000000000000000
1381.000000000000000
1383.000000000000000
1385.000000000000000
1387.000000000000000
1389.000000000000000
1391.000000000000000
1393.000000000000000
1395.000000000000000
1397.000000000000000
1399.000000000000000
1401.000000000000000
1403.000000000000000
1405.000000000000000
1407.000000000000000
1409.000000000000000
1411.000000000000000
1413.000000000000000
1415.000000000000000
1417.000000000000000
1419.000000000000000
1421.000000000000000
1423.000000000000000
1425.000000000000000
1427.000000000000000
1429.000000000000000
1431.000000000000000
1433.000000000000000
1435.000000000000000
1437.000000000000000
1439.000000000000000
1441.000000000000000
1443.000000000000000
1445.000000000000000
1447.000000000000000
1449.000000000000000
1451.000000000000000
1453.000000000000000
1455.000000000000000
1457.000000000000000
1459.000000000000000
1461.000000000000000
1463.000000000000000
1465.000000000000000
1467.000000000000000
1469.000000000000000
1471.000000000000000
1473.000000000000000
1475.000000000000000
1477.000000000000000
1479.000000000000000
1481.000000000000000
1483.000000000000000
1485.000000000000000
1487.000000000000000
1489.000000000000000
1491.000000000000000
1493.000000000000000
1495.000000000000000
1497.000000000000000
1499.000000000000000
1501.000000000000000
1503.000000000000000
1505.000000000000000
1507.000000000000000
1509.000000000000000
1511.000000000000000
1513.000000000000000
1515.000000000000000
1517.000000000000000
1519.000000000000000
1521.000000000000000
1523.000000000000000
1525.000000000000000
1527.000000000000000
1529.000000000000000
1531.000000000000000
1533.000000000000000
1535.000000000000000
1537.000000000000000
1539.000000000000000
1541.000000000000000
1543.000000000000000
1545.000000000000000
1547.000000000000000
1549.000000000000000
1551.000000000000000
1553.000000000000000
1555.000000000000000
1557.000000000000000
1559.000000000000000
1561.000000000000000
1563.000000000000000
1565.000000000000000
1567.000000000000000
1569.000000000000000
1571.000000000000000
1573.000000000000000
1575.000000000000000
1577.000000000000000
1579.000000000000000
1581.000000000000000
1583.000000000000000
1585.000000000000000
1587.000000000000000
1589.000000000000000
1591.000000000000000
1593.000000000000000
1595.000000000000000
1597.000000000000000
1599.000000000000000
1601.000000000000000
1603.000000000000000
1605.000000000000000
1607.000000000000000
1609.000000000000000
1611.000000000000000
1613.000000000000000
1615.000000000000000
1617.000000000000000
1619.000000000000000
1621.000000000000000
1623.000000000000000
1625.000000000000000
1627.000000000000000
1629.000000000000000
1631.000000000000000
1633.000000000000000
1635.000000000000000
1637.000000000000000
1639.000000000000000
1641.000000000000000
1643.000000000000000
1645.000000000000000
1647.000000000000000
1649.000000000000000
1651.000000000000000
1653.000000000000000
1655.000000000000000
1657.000000000000000
1659.000000000000000
1661.000000000000000
1663.000000000000000
1665.000000000000000
1667.000000000000000
1669.000000000000000
1671.000000000000000
1673.000000000000000
1675.000000000000000
1677.000000000000000
1679.000000000000000
1681.000000000000000
1683.000000000000000
1685.000000000000000
1687.000000000000000
1689.000000000000000
1691.000000000000000
1693.000000000000000
1695.000000000000000
1697.000000000000000
1699.000000000000000
1701.000000000000000
1703.000000000000000
1705.000000000000000
1707.000000000000000
1709.000000000000000
1711.000000000000000
1713.000000000000000
1715.000000000000000
1717.000000000000000
1719.000000000000000
1721.000000000000000
1723.000000000000000
1725.000000000000000
1727.000000000000000
1729.000000000000000
1731.000000000000000
1733.000000000000000
1735.000000000000000
1737.000000000000000
1739.000000000000000
1741.000000000000000
1743.000000000000000
1745.000000000000000
1747.000000000000000
1749.000000000000000
1751.000000000000000
1753.000000000000000
1755.000000000000000
1757.000000000000000
1759.000000000000000
1761.000000000000000
1763.000000000000000
1765.000000000000000
1767.000000000000000
1769.000000000000000
1771.000000000000000
1773.000000000000000
1775.000000000000000
1777.000000000000000
1779.000000000000000
1781.000000000000000
1783.000000000000000
1785.000000000000000
1787.000000000000000
1789.000000000000000
1791.000000000000000
1793.000000000000000
1795.000000000000000
1797.000000000000000
1799.000000000000000
1801.000000000000000
1803.000000000000000
1805.000000000000000
1807.000000000000000
1809.000000000000000
1811.000000000000000
1813.000000000000000
1815.000000000000000
1817.000000000000000
1819.000000000000000
1821.000000000000000
1823.000000000000000
1825.000000000000000
1827.000000000000000
1829.000000000000000
1831.000000000000000
1833.000000000000000
1835.000000000000000
1837.000000000000000
1839.000000000000000
1841.000000000000000
1843.000000000000000
1845.000000000000000
1847.000000000000000
1849.000000000000000
1851.000000000000000
1853.000000000000000
1855.000000000000000
1857.000000000000000
1859.000000000000000
1861.000000000000000
1863.000000000000000
1865.000000000000000
1867.000000000000000
1869.000000000000000
1871.000000000000000
1873.000000000000000
1875.000000000000000
1877.000000000000000
1879.000000000000000
1881.000000000000000
1883.000000000000000
1885.000000000000000
1887.000000000000000
1889.000000000000000
1891.000000000000000
1893.000000000000000
1895.000000000000000
1897.000000000000000
1899.000000000000000
1901.000000000000000
1903.000000000000000
1905.000000000000000
1907.000000000000000
1909.000000000000000
1911.000000000000000
1913.000000000000000
1915.000000000000000
1917.000000000000000
1919.000000000000000
1921.000000000000000
1923.000000000000000
1925.000000000000000
1927.000000000000000
1929.000000000000000
1931.000000000000000
1933.000000000000000
1935.000000000000000
1937.000000000000000
1939.000000000000000
1941.000000000000000
1943.000000000000000
1945.000000000000000
1947.000000000000000
1949.000000000000000
1951.000000000000000
1953.000000000000000
1955.000000000000000
1957.000000000000000
1959.000000000000000
1961.000000000000000
1963.000000000000000
1965.000000000000000
1967.000000000000000
1969.000000000000000
1971.000000000000000
1973.000000000000000
1975.000000000000000
1977.000000000000000
1979.000000000000000
1981.000000000000000
1983.000000000000000
1985.000000000000000
1987.000000000000000
1989.000000000000000
1991.000000000000000
1993.000000000000000
1995.000000000000000
1997.000000000000000
1999.000000000000000
2001.000000000000000
2003.000000000000000
2005.000000000000000
2007.000000000000000
2009.000000000000000
2011.000000000000000
2013.000000000000000
2015.000000000000000
2017.000000000000000
2019.000000000000000
2021.000000000000000
2023.000000000000000
2025.000000000000000
2027.000000000000000
2029.000000000000000
2031.000000000000000
2033.000000000000000
2035.000000000000000
2037.000000000000000
2039.000000000000000
2041.000000000000000
2043.000000000000000
2045.000000000000000
2047.000000000000000
