#   or     wl    blk    bld
     1      1      1      1
     2      1      1      1
     3      1      1      1
     4      1      1      1
     5      1      1      1
     1      1      2      2
     2      1      2      2
     3      1      2      2
     4      1      2      2
     5      1      2      2
     1      1      3      3
     2      1      3      3
     3      1      3      3
     4      1      3      3
     5      1      3      3
     1      1      4      4
     2      1      4      4
     3      1      4      4
     4      1      4      4
     5      1      4      4
     1      1      5      5
     2      1      5      5
     3      1      5      5
     4      1      5      5
     5      1      5      5
     1      1      6      6
     2      1      6      6
     3      1      6      6
     4      1      6      6
     5      1      6      6
     1      1      7      7
     2      1      7      7
     3      1      7      7
     4      1      7      7
     5      1      7      7
     1      1      8      8
     2      1      8      8
     3      1      8      8
     4      1      8      8
     5      1      8      8
     1      1      9      9
     2      1      9      9
     3      1      9      9
     4      1      9      9
     5      1      9      9
     1      1     10     10
     2      1     10     10
     3      1     10     10
     4      1     10     10
     5      1     10     10
     1      1     11     11
     2      1     11     11
     3      1     11     11
     4      1     11     11
     5      1     11     11
     1      1     12     12
     2      1     12     12
     3      1     12     12
     4      1     12     12
     5      1     12     12
     1      1     13     13
     2      1     13     13
     3      1     13     13
     4      1     13     13
     5      1     13     13
     1      1     14     14
     2      1     14     14
     3      1     14     14
     4      1     14     14
     5      1     14     14
     1      1     15     15
     2      1     15     15
     3      1     15     15
     4      1     15     15
     5      1     15     15
     1      1     16     16
     2      1     16     16
     3      1     16     16
     4      1     16     16
     5      1     16     16
     1      1     17     17
     2      1     17     17
     3      1     17     17
     4      1     17     17
     5      1     17     17
     1      1     18     18
     2      1     18     18
     3      1     18     18
     4      1     18     18
     5      1     18     18
     1     -1     19     -1
     1     -1     20     -1
     1     -1     21     -1
     1     -1     22     -1
     1     -1     23     -1
     1     -1     24     -1
     1     -1     25     -1
     1     -1     26     -1
     1     -1     27     -1
     1     -1     28     -1
     1     -1     29     -1
     1     -1     30     -1
     1     -1     31     -1
     1     -1     32     -1
     1     -1     33     -1
     1     -1     34     -1
     1     -1     35     -1
     1     -1     36     -1
     1     -1     37     -1
     1     -1     38     -1
     1     -1     39     -1
     1     -1     40     -1
     1     -1     41     -1
     1     -1     42     -1
     1     -1     43     -1
     1     -1     44     -1
     1     -1     45     -1
     1     -1     46     -1
     1     -1     47     -1
     1     -1     48     -1
     1     -1     49     -1
